timestamp,device_0,device_1,device_2,device_3
1680679473875059406,0,0,0,0
1680679473880201107,0,0,0,0
1680679473882261928,0,0,0,0
1680679473884223923,0,0,0,0
1680679473886180290,0,0,0,0
1680679473888153836,0,0,0,0
1680679473889960634,0,0,0,0
1680679473891708527,0,0,0,0
1680679473893398805,0,0,0,0
1680679473895089898,0,0,0,0
1680679473896787695,0,0,0,0
1680679473898473259,0,0,0,0
1680679473900249478,0,0,0,0
1680679473902050536,0,0,0,0
1680679473903902106,0,0,0,0
1680679473905676871,0,0,0,0
1680679473907413366,0,0,0,0
1680679473909263643,0,0,0,0
1680679473911088217,0,0,0,0
1680679473912858683,0,0,0,0
1680679473914677400,0,0,0,0
1680679473916432634,0,0,0,0
1680679473918290528,0,0,0,0
1680679473920133306,0,0,0,0
1680679473921952776,0,0,0,0
1680679473923936114,0,0,0,0
1680679473925777364,0,0,0,0
1680679473927576490,0,0,0,0
1680679473929451520,0,0,0,0
1680679473931228162,0,0,0,0
1680679473932994227,0,0,0,0
1680679473934858920,0,0,0,0
1680679473936539758,0,0,0,0
1680679473938245108,0,0,0,0
1680679473939970633,0,0,0,0
1680679473941688826,0,0,0,0
1680679473943523049,0,0,0,0
1680679473945344150,0,0,0,0
1680679473947114774,0,0,0,0
1680679473948973489,0,0,0,0
1680679473950727929,0,0,0,0
1680679473952474029,0,0,0,0
1680679473954300871,0,0,0,0
1680679473956045622,0,0,0,0
1680679473957893943,0,0,0,0
1680679473959775974,0,0,0,0
1680679473961588730,0,0,0,0
1680679473963444324,0,0,0,0
1680679473965209057,0,0,0,0
1680679473967001783,0,0,0,0
1680679473968804788,0,0,0,0
1680679473970494035,0,0,0,0
1680679473972204107,0,0,0,0
1680679473973982643,0,0,0,0
1680679473975717075,0,0,0,0
1680679473977504340,0,0,0,0
1680679473979311942,0,0,0,0
1680679473981131936,0,0,0,0
1680679473983255707,0,0,0,0
1680679473985222205,0,0,0,0
1680679473987262104,0,0,0,0
1680679473989362751,0,0,0,0
1680679473991398161,0,0,0,0
1680679473993436384,0,0,0,0
1680679473995472146,0,0,0,0
1680679473997322336,0,0,0,0
1680679473999174833,0,0,0,0
1680679474000981947,0,0,0,0
1680679474002891946,0,0,0,0
1680679474004810176,0,0,0,0
1680679474006755902,0,0,0,0
1680679474008584388,0,0,0,0
1680679474010395255,0,0,0,0
1680679474012374227,0,0,0,0
1680679474014163786,0,0,0,0
1680679474016039743,0,0,0,0
1680679474017906499,0,0,0,0
1680679474019860668,0,0,0,0
1680679474021781414,0,0,0,0
1680679474023653660,0,0,0,0
1680679474025557702,0,0,0,0
1680679474027510963,0,0,0,0
1680679474029431066,0,0,0,0
1680679474031373528,0,0,0,0
1680679474033191206,0,0,0,0
1680679474035032320,0,0,0,0
1680679474036811872,0,0,0,0
1680679474038780688,0,0,0,0
1680679474040690847,0,0,0,0
1680679474042681704,0,0,0,0
1680679474044605234,0,0,0,0
1680679474046496240,0,0,0,0
1680679474048562265,0,0,0,0
1680679474050566333,0,0,0,0
1680679474052429044,0,0,0,0
1680679474054325174,0,0,0,0
1680679474056169434,0,0,0,0
1680679474057996637,0,0,0,0
1680679474059952419,0,0,0,0
1680679474061903438,0,0,0,0
1680679474063896540,0,0,0,0
1680679474065901790,0,0,0,0
1680679474067805884,0,0,0,0
1680679474069725506,0,0,0,0
1680679474071669736,0,0,0,0
1680679474073480839,0,0,0,0
1680679474075256316,0,0,0,0
1680679474077149738,0,0,0,0
1680679474078990380,0,0,0,0
1680679474080908318,0,0,0,0
1680679474082827476,0,0,0,0
1680679474084741182,0,0,0,0
1680679474086521592,0,0,0,0
1680679474088571130,0,0,0,0
1680679474090543213,0,0,0,0
1680679474092448631,0,0,0,0
1680679474094266361,0,0,0,0
1680679474096130391,0,0,0,0
1680679474098031629,0,0,0,0
1680679474100026707,0,0,0,0
1680679474101959949,0,0,0,0
1680679474103930127,0,0,0,0
1680679474105912766,0,0,0,0
1680679474107846072,0,0,0,0
1680679474109811527,0,0,0,0
1680679474111729952,0,0,0,0
1680679474113591395,0,0,0,0
1680679474115411050,0,0,0,0
1680679474117285170,0,0,0,0
1680679474119121784,0,0,0,0
1680679474120926629,0,0,0,0
1680679474122875908,0,0,0,0
1680679474124811438,0,0,0,0
1680679474126734428,0,0,0,0
1680679474128681666,0,0,0,0
1680679474130655432,0,0,0,0
1680679474132560267,0,0,0,0
1680679474134498869,0,0,0,0
1680679474136467687,0,0,0,0
1680679474138349445,0,0,0,0
1680679474140226483,0,0,0,0
1680679474142115530,0,0,0,0
1680679474144064767,0,0,0,0
1680679474146067557,0,0,0,0
1680679474148002567,0,0,0,0
1680679474150115783,0,0,0,0
1680679474152121669,0,0,0,0
1680679474154013387,0,0,0,0
1680679474155955333,0,0,0,0
1680679474157821211,0,0,0,0
1680679474159660226,0,0,0,0
1680679474161610576,0,0,0,0
1680679474163599506,0,0,0,0
1680679474165521772,0,0,0,0
1680679474167463141,0,0,0,0
1680679474169262908,0,0,0,0
1680679474171160101,0,0,0,0
1680679474172979448,0,0,0,0
1680679474174903029,0,0,0,0
1680679474176823279,0,0,0,0
1680679474178828314,0,0,0,0
1680679474180764076,0,0,0,0
1680679474182740466,0,0,0,0
1680679474184673333,0,0,0,0
1680679474186642390,0,0,0,0
1680679474188482551,0,0,0,0
1680679474190488587,0,0,0,0
1680679474192292317,0,0,0,0
1680679474194210207,0,0,0,0
1680679474196119021,0,0,0,0
1680679474198109819,0,0,0,0
1680679474200101802,0,0,0,0
1680679474202028552,0,0,0,0
1680679474204002367,0,0,0,0
1680679474205907688,0,0,0,0
1680679474207852907,0,0,0,0
1680679474209807233,0,0,0,0
1680679474211687790,0,0,0,0
1680679474213557916,0,0,0,0
1680679474215541544,0,0,0,0
1680679474217538709,0,0,0,0
1680679474219518695,0,0,0,0
1680679474221403470,0,0,0,0
1680679474223336576,0,0,0,0
1680679474225226475,0,0,0,0
1680679474227046868,0,0,0,0
1680679474228938805,0,0,0,0
1680679474230937972,0,0,0,0
1680679474232810362,0,0,0,0
1680679474234611755,0,0,0,0
1680679474236387489,0,0,0,0
1680679474238324647,0,0,0,0
1680679474240200530,0,0,0,0
1680679474242236748,0,0,0,0
1680679474244137702,0,0,0,0
1680679474246113928,0,0,0,0
1680679474248104942,0,0,0,0
1680679474250098539,0,0,0,0
1680679474251903091,0,0,0,0
1680679474253843341,0,0,0,0
1680679474255715043,0,0,0,0
1680679474257659065,0,0,0,0
1680679474259597632,0,0,0,0
1680679474261448845,0,0,0,0
1680679474263449644,0,0,0,0
1680679474265297866,0,0,0,0
1680679474267227476,0,0,0,0
1680679474269071526,0,0,0,0
1680679474271021848,0,0,0,0
1680679474272809725,0,0,0,0
1680679474274663940,0,0,0,0
1680679474276591786,0,0,0,0
1680679474278469032,0,0,0,0
1680679474280436036,0,0,0,0
1680679474282338400,0,0,0,0
1680679474284303503,0,0,0,0
1680679474286242353,0,0,0,0
1680679474288233930,0,0,0,0
1680679474290188889,0,0,0,0
1680679474292139319,0,0,0,0
1680679474294017537,0,0,0,0
1680679474295893535,0,0,0,0
1680679474297843561,0,0,0,0
1680679474299697135,0,0,0,0
1680679474301654133,0,0,0,0
1680679474303611315,0,0,0,0
1680679474305598386,0,0,0,0
1680679474307563004,0,0,0,0
1680679474309581294,0,0,0,0
1680679474311488124,0,0,0,0
1680679474313389061,0,0,0,0
1680679474315260310,0,0,0,0
1680679474316996327,0,0,0,0
1680679474318927613,0,0,0,0
1680679474320793994,0,0,0,0
1680679474322796664,0,0,0,0
1680679474324746635,0,0,0,0
1680679474326713009,0,0,0,0
1680679474328649088,0,0,0,0
1680679474330706950,0,0,0,0
1680679474332592592,0,0,0,0
1680679474334504133,0,0,0,0
1680679474336322380,0,0,0,0
1680679474338216250,0,0,0,0
1680679474340124412,0,0,0,0
1680679474342015634,0,0,0,0
1680679474344046028,0,0,0,0
1680679474346038715,0,0,0,0
1680679474348016109,0,0,0,0
1680679474350123660,0,0,0,0
1680679474352080110,0,0,0,0
1680679474354028262,0,0,0,0
1680679474355860289,0,0,0,0
1680679474357758172,0,0,0,0
1680679474359669294,0,0,0,0
1680679474361558788,0,0,0,0
1680679474363517446,0,0,0,0
1680679474365403637,0,0,0,0
1680679474367158862,0,0,0,0
1680679474369059672,0,0,0,0
1680679474371027830,0,0,0,0
1680679474372929696,0,0,0,0
1680679474374860880,0,0,0,0
1680679474376751252,0,0,0,0
1680679474378693322,0,0,0,0
1680679474380645065,0,0,0,0
1680679474382645431,0,0,0,0
1680679474384648594,0,0,0,0
1680679474386542736,0,0,0,0
1680679474388500475,0,0,0,0
1680679474390411016,0,0,0,0
1680679474392358435,0,0,0,0
1680679474394153143,0,0,0,0
1680679474395938770,0,0,0,0
1680679474397824792,0,0,0,0
1680679474399745018,0,0,0,0
1680679474401635982,0,0,0,0
1680679474403615018,0,0,0,0
1680679474405539928,0,0,0,0
1680679474407502278,0,0,0,0
1680679474409326480,0,0,0,0
1680679474411238291,0,0,0,0
1680679474413041032,0,0,0,0
1680679474414992946,0,0,0,0
1680679474416812476,0,0,0,0
1680679474418797506,0,0,0,0
1680679474420738203,0,0,0,0
1680679474422667303,0,0,0,0
1680679474424561617,0,0,0,0
1680679474426481215,0,0,0,0
1680679474428462473,0,0,0,0
1680679474430391416,0,0,0,0
1680679474432312802,0,0,0,0
1680679474434185780,0,0,0,0
1680679474436069746,0,0,0,0
1680679474437978008,0,0,0,0
1680679474439926226,0,0,0,0
1680679474441935811,0,0,0,0
1680679474443938723,0,0,0,0
1680679474446030529,0,0,0,0
1680679474447934177,0,0,0,0
1680679474449981572,0,0,0,0
1680679474451779455,0,0,0,0
1680679474453723138,0,0,0,0
1680679474455660480,0,0,0,0
1680679474457417867,0,0,0,0
1680679474459199455,0,0,0,0
1680679474461084221,0,0,0,0
1680679474462965247,0,0,0,0
1680679474464909404,0,0,0,0
1680679474466903969,0,0,0,0
1680679474468802110,0,0,0,0
1680679474470752482,0,0,0,0
1680679474472620086,0,0,0,0
1680679474474574548,0,0,0,0
1680679474476404442,0,0,0,0
1680679474478376248,0,0,0,0
1680679474480178320,0,0,0,0
1680679474482177428,0,0,0,0
1680679474484192447,0,0,0,0
1680679474486161601,0,0,0,0
1680679474488131036,0,0,0,0
1680679474490144824,0,0,0,0
1680679474492092528,0,0,0,0
1680679474494051247,0,0,0,0
1680679474495852568,0,0,0,0
1680679474497724416,0,0,0,0
1680679474499524760,0,0,0,0
1680679474501398253,0,0,0,0
1680679474503326884,0,0,0,0
1680679474505153232,0,0,0,0
1680679474507080516,0,0,0,0
1680679474508930304,0,0,0,0
1680679474510984429,0,0,0,0
1680679474512808697,0,0,0,0
1680679474514759510,0,0,0,0
1680679474516661531,0,0,0,0
1680679474518547508,0,0,0,0
1680679474520493403,0,0,0,0
1680679474522367841,0,0,0,0
1680679474524288495,0,0,0,0
1680679474526374354,0,0,0,0
1680679474528304059,0,0,0,0
1680679474530296626,0,0,0,0
1680679474532211276,0,0,0,0
1680679474534196982,0,0,0,0
1680679474536038672,0,0,0,0
1680679474537960311,0,0,0,0
1680679474539924837,0,0,0,0
1680679474541804271,0,0,0,0
1680679474543791197,0,0,0,0
1680679474545775585,0,0,0,0
1680679474547661953,0,0,0,0
1680679474549621036,0,0,0,0
1680679474551639902,0,0,0,0
1680679474553562692,0,0,0,0
1680679474555535200,0,0,0,0
1680679474557349876,0,0,0,0
1680679474559203818,0,0,0,0
1680679474561033096,0,0,0,0
1680679474562995850,0,0,0,0
1680679474564943833,0,0,0,0
1680679474566703546,0,0,0,0
1680679474568539859,0,0,0,0
1680679474570380442,0,0,0,0
1680679474572317028,0,0,0,0
1680679474574174772,0,0,0,0
1680679474576134224,0,0,0,0
1680679474578071614,0,0,0,0
1680679474580089090,0,0,0,0
1680679474581979655,0,0,0,0
1680679474583938091,0,0,0,0
1680679474585908135,0,0,0,0
1680679474587900689,0,0,0,0
1680679474589810676,0,0,0,0
1680679474591661286,0,0,0,0
1680679474593590719,0,0,0,0
1680679474595485273,0,0,0,0
1680679474597326515,0,0,0,0
1680679474599103421,0,0,0,0
1680679474600929389,0,0,0,0
1680679474602770197,0,0,0,0
1680679474604709571,0,0,0,0
1680679474606653309,0,0,0,0
1680679474608543911,0,0,0,0
1680679474610606230,0,0,0,0
1680679474612530736,0,0,0,0
1680679474614490550,0,0,0,0
1680679474616409045,0,0,0,0
1680679474618424527,0,0,0,0
1680679474620309581,0,0,0,0
1680679474622189307,0,0,0,0
1680679474624113444,0,0,0,0
1680679474626155452,0,0,0,0
1680679474628052386,0,0,0,0
1680679474629974636,0,0,0,0
1680679474632023804,0,0,0,0
1680679474633942248,0,0,0,0
1680679474635928098,0,0,0,0
1680679474637865357,0,0,0,0
1680679474639842167,0,0,0,0
1680679474641762317,0,0,0,0
1680679474643677955,0,0,0,0
1680679474645583137,0,0,0,0
1680679474647498939,0,0,0,0
1680679474649346026,0,0,0,0
1680679474651317492,0,0,0,0
1680679474653165556,0,0,0,0
1680679474654985311,0,0,0,0
1680679474656895937,0,0,0,0
1680679474658814871,0,0,0,0
1680679474660806388,0,0,0,0
1680679474662723276,0,0,0,0
1680679474664580348,0,0,0,0
1680679474666554696,0,0,0,0
1680679474668485223,0,0,0,0
1680679474670320260,0,0,0,0
1680679474672192399,0,0,0,0
1680679474674145780,0,0,0,0
1680679474676130711,0,0,0,0
1680679474678075073,0,0,0,0
1680679474680031975,0,0,0,0
1680679474681955611,0,0,0,0
1680679474683860609,0,0,0,0
1680679474685797930,0,0,0,0
1680679474687699616,0,0,0,0
1680679474689557634,0,0,0,0
1680679474691549972,0,0,0,0
1680679474693455326,0,0,0,0
1680679474695341404,0,0,0,0
1680679474697138438,0,0,0,0
1680679474699068523,0,0,0,0
1680679474700904495,0,0,0,0
1680679474702865669,0,0,0,0
1680679474704788934,0,0,0,0
1680679474706706280,0,0,0,0
1680679474708621322,0,0,0,0
1680679474710656032,0,0,0,0
1680679474712552335,0,0,0,0
1680679474714506912,0,0,0,0
1680679474716331943,0,0,0,0
1680679474718379937,0,0,0,0
1680679474720296539,0,0,0,0
1680679474722277633,0,0,0,0
1680679474724152972,0,0,0,0
1680679474726155574,0,0,0,0
1680679474728066684,0,0,0,0
1680679474730078571,0,0,0,0
1680679474732103853,0,0,0,0
1680679474734039839,0,0,0,0
1680679474736005350,0,0,0,0
1680679474737956436,0,0,0,0
1680679474739823514,0,0,0,0
1680679474741689679,0,0,0,0
1680679474743639214,0,0,0,0
1680679474745449867,0,0,0,0
1680679474747358526,0,0,0,0
1680679474749191008,0,0,0,0
1680679474751064898,0,0,0,0
1680679474752937747,0,0,0,0
1680679474754853286,0,0,0,0
1680679474756810699,0,0,0,0
1680679474758700154,0,0,0,0
1680679474760642659,0,0,0,0
1680679474762544124,0,0,0,0
1680679474764375180,0,0,0,0
1680679474766354866,0,0,0,0
1680679474768207004,0,0,0,0
1680679474770222658,0,0,0,0
1680679474772229529,0,0,0,0
1680679474774151867,0,0,0,0
1680679474776118649,0,0,0,0
1680679474778057143,0,0,0,0
1680679474779961222,0,0,0,0
1680679474781923492,0,0,0,0
1680679474783850842,0,0,0,0
1680679474785751566,0,0,0,0
1680679474787560910,0,0,0,0
1680679474789533480,0,0,0,0
1680679474791444206,0,0,0,0
1680679474793346958,0,0,0,0
1680679474795165044,0,0,0,0
1680679474796952170,0,0,0,0
1680679474798673016,0,0,0,0
1680679474800403728,0,0,0,0
1680679474802144732,0,0,0,0
1680679474803891251,0,0,0,0
1680679474805607558,0,0,0,0
1680679474807317444,0,0,0,0
1680679474809136266,0,0,0,0
1680679474810969222,0,0,0,0
1680679474812894747,0,0,0,0
1680679474814757048,0,0,0,0
1680679474816630402,0,0,0,0
1680679474818666613,0,0,0,0
1680679474820467350,0,0,0,0
1680679474822277357,0,0,0,0
1680679474824127712,0,0,0,0
1680679474826188868,0,0,0,0
1680679474827983040,0,0,0,0
1680679474829890345,0,0,0,0
1680679474831997113,0,0,0,0
1680679474833705577,0,0,0,0
1680679474835520245,0,0,0,0
1680679474837415105,0,0,0,0
1680679474839181661,0,0,0,0
1680679474841043674,0,0,0,0
1680679474842805124,0,0,0,0
1680679474844577442,0,0,0,0
1680679474846377866,0,0,0,0
1680679474848100301,0,0,0,0
1680679474849844984,0,0,0,0
1680679474851578984,0,0,0,0
1680679474853370808,0,0,0,0
1680679474855092085,0,0,0,0
1680679474856854010,0,0,0,0
1680679474858613588,0,0,0,0
1680679474860381810,0,0,0,0
1680679474862160881,0,0,0,0
1680679474863925642,0,0,0,0
1680679474865694898,0,0,0,0
1680679474867439202,0,0,0,0
1680679474869170811,0,0,0,0
1680679474870917593,0,0,0,0
1680679474872646513,0,0,0,0
1680679474874362002,0,0,0,0
1680679474876083783,0,0,0,0
1680679474877840228,0,0,0,0
1680679474879575337,0,0,0,0
1680679474881316776,0,0,0,0
1680679474883060116,0,0,0,0
1680679474884858100,0,0,0,0
1680679474886873768,0,0,0,0
1680679474888725953,0,0,0,0
1680679474890628842,0,0,0,0
1680679474892537891,0,0,0,0
1680679474894428044,0,0,0,0
1680679474896296923,0,0,0,0
1680679474898184456,0,0,0,0
1680679474900080056,0,0,0,0
1680679474901930577,0,0,0,0
1680679474903822819,0,0,0,0
1680679474905693792,0,0,0,0
1680679474907592980,0,0,0,0
1680679474909508944,0,0,0,0
1680679474911439688,0,0,0,0
1680679474913319265,0,0,0,0
1680679474915241400,0,0,0,0
1680679474917156339,0,0,0,0
1680679474919013115,0,0,0,0
1680679474920872718,0,0,0,0
1680679474922751868,0,0,0,0
1680679474924646350,0,0,0,0
1680679474926554786,0,0,0,0
1680679474928420373,0,0,0,0
1680679474930321372,0,0,0,0
1680679474932251966,0,0,0,0
1680679474934135075,0,0,0,0
1680679474936005824,0,0,0,0
1680679474937883740,0,0,0,0
1680679474939764555,0,0,0,0
1680679474941624578,0,0,0,0
1680679474943526780,0,0,0,0
1680679474945700364,0,0,0,0
1680679474947612645,0,0,0,0
1680679474949610380,0,0,0,0
1680679475020417263,0,0,0,0
1680679475090032134,0,0,0,0
1680679475092027520,0,0,0,0
1680679475094002248,0,0,0,0
1680679475095952916,0,0,0,0
1680679475097906121,0,0,0,0
1680679475099889255,0,0,0,0
1680679475101639880,0,0,0,0
1680679475103411128,0,0,0,0
1680679475105214866,0,0,0,0
1680679475106971412,0,0,0,0
1680679475108807041,0,0,0,0
1680679475110583021,0,0,0,0
1680679475112365209,0,0,0,0
1680679475114179647,0,0,0,0
1680679475116111688,0,0,0,0
1680679475118009067,0,0,0,0
1680679475119982441,0,0,0,0
1680679475121935317,0,0,0,0
1680679475123935242,0,0,0,0
1680679475125961884,0,0,0,0
1680679475127980721,0,0,0,0
1680679475129875052,0,0,0,0
1680679475131946387,0,0,0,0
1680679475133757404,0,0,0,0
1680679475135530546,0,0,0,0
1680679475137429368,0,0,0,0
1680679475139278382,0,0,0,0
1680679475141050336,0,0,0,0
1680679475142916818,0,0,0,0
1680679475144808798,0,0,0,0
1680679475146705922,0,0,0,0
1680679475148553616,0,0,0,0
1680679475150433701,0,0,0,0
1680679475152382769,0,0,0,0
1680679475154240680,0,0,0,0
1680679475156073384,0,0,0,0
1680679475158069453,0,0,0,0
1680679475159957188,0,0,0,0
1680679475161944173,0,0,0,0
1680679475163838671,0,0,0,0
1680679475165710895,0,0,0,0
1680679475167646093,0,0,0,0
1680679475169420678,0,0,0,0
1680679475171256997,0,0,0,0
1680679475173119142,0,0,0,0
1680679475174914666,0,0,0,0
1680679475176761506,0,0,0,0
1680679475178650184,0,0,0,0
1680679475180481662,0,0,0,0
1680679475182434970,0,0,0,0
1680679475184307442,0,0,0,0
1680679475186284921,0,0,0,0
1680679475188196026,0,0,0,0
1680679475190230837,0,0,0,0
1680679475192237915,0,0,0,0
1680679475194139309,0,0,0,0
1680679475196062375,0,0,0,0
1680679475198039385,0,0,0,0
1680679475199908839,0,0,0,0
1680679475201859270,0,0,0,0
1680679475203776820,0,0,0,0
1680679475205751358,0,0,0,0
1680679475207799133,0,0,0,0
1680679475209679946,0,0,0,0
1680679475211557465,0,0,0,0
1680679475213550943,0,0,0,0
1680679475215515074,0,0,0,0
1680679475217383763,0,0,0,0
1680679475219323242,0,0,0,0
1680679475221169643,0,0,0,0
1680679475223109129,0,0,0,0
1680679475225018744,0,0,0,0
1680679475227085498,0,0,0,0
1680679475228896328,0,0,0,0
1680679475230864050,0,0,0,0
1680679475232696909,0,0,0,0
1680679475234530976,0,0,0,0
1680679475236374479,0,0,0,0
1680679475238170202,0,0,0,0
1680679475240103387,0,0,0,0
1680679475242061075,0,0,0,0
1680679475244058701,0,0,0,0
1680679475246119471,0,0,0,0
1680679475248040265,0,0,0,0
1680679475249945047,0,0,0,0
1680679475251969494,0,0,0,0
1680679475253844860,0,0,0,0
1680679475255767946,0,0,0,0
1680679475257598449,0,0,0,0
1680679475259570134,0,0,0,0
1680679475261527584,0,0,0,0
1680679475263465266,0,0,0,0
1680679475265447608,0,0,0,0
1680679475267338759,0,0,0,0
1680679475269257560,0,0,0,0
1680679475271099618,0,0,0,0
1680679475272963759,0,0,0,0
1680679475274911038,0,0,0,0
1680679475276784436,0,0,0,0
1680679475278698463,0,0,0,0
1680679475280624285,0,0,0,0
1680679475282601499,0,0,0,0
1680679475284504225,0,0,0,0
1680679475286484951,0,0,0,0
1680679475288487426,0,0,0,0
1680679475290364500,0,0,0,0
1680679475292338194,0,0,0,0
1680679475294238708,0,0,0,0
1680679475296160326,0,0,0,0
1680679475298046928,0,0,0,0
1680679475300013299,0,0,0,0
1680679475301948845,0,0,0,0
1680679475303788959,0,0,0,0
1680679475305726437,0,0,0,0
1680679475307711139,0,0,0,0
1680679475309646345,0,0,0,0
1680679475311596896,0,0,0,0
1680679475313456510,0,0,0,0
1680679475315319540,0,0,0,0
1680679475317109689,0,0,0,0
1680679475319063328,0,0,0,0
1680679475320980298,0,0,0,0
1680679475322859771,0,0,0,0
1680679475324802682,0,0,0,0
1680679475326761482,0,0,0,0
1680679475328602602,0,0,0,0
1680679475330527002,0,0,0,0
1680679475332394990,0,0,0,0
1680679475334354322,0,0,0,0
1680679475336234738,0,0,0,0
1680679475338240647,0,0,0,0
1680679475340149691,0,0,0,0
1680679475342094433,0,0,0,0
1680679475344095843,0,0,0,0
1680679475346141365,0,0,0,0
1680679475348009864,0,0,0,0
1680679475349990897,0,0,0,0
1680679475351923336,0,0,0,0
1680679475353905439,0,0,0,0
1680679475355780916,0,0,0,0
1680679475357654636,0,0,0,0
1680679475359599242,0,0,0,0
1680679475361425139,0,0,0,0
1680679475363271168,0,0,0,0
1680679475365171260,0,0,0,0
1680679475367072897,0,0,0,0
1680679475369006791,0,0,0,0
1680679475370933959,0,0,0,0
1680679475372861663,0,0,0,0
1680679475374823109,0,0,0,0
1680679475376736150,0,0,0,0
1680679475378701454,0,0,0,0
1680679475380583564,0,0,0,0
1680679475382522146,0,0,0,0
1680679475384431380,0,0,0,0
1680679475386362340,0,0,0,0
1680679475388341484,0,0,0,0
1680679475390278582,0,0,0,0
1680679475392293419,0,0,0,0
1680679475394128594,0,0,0,0
1680679475396084689,0,0,0,0
1680679475397955715,0,0,0,0
1680679475399979269,0,0,0,0
1680679475401883775,0,0,0,0
1680679475403738925,0,0,0,0
1680679475405682403,0,0,0,0
1680679475407701738,0,0,0,0
1680679475409553443,0,0,0,0
1680679475411446513,0,0,0,0
1680679475413284308,0,0,0,0
1680679475415125794,0,0,0,0
1680679475416921636,0,0,0,0
1680679475418910730,0,0,0,0
1680679475420811358,0,0,0,0
1680679475422795434,0,0,0,0
1680679475424740881,0,0,0,0
1680679475426720362,0,0,0,0
1680679475428802365,0,0,0,0
1680679475430649819,0,0,0,0
1680679475432681115,0,0,0,0
1680679475434493116,0,0,0,0
1680679475436353261,0,0,0,0
1680679475438267724,0,0,0,0
1680679475440178434,0,0,0,0
1680679475442111200,0,0,0,0
1680679475444043082,0,0,0,0
1680679475445969780,0,0,0,0
1680679475447902142,0,0,0,0
1680679475449815343,0,0,0,0
1680679475451700051,0,0,0,0
1680679475453655097,0,0,0,0
1680679475455514466,0,0,0,0
1680679475457382404,0,0,0,0
1680679475459201165,0,0,0,0
1680679475461044091,0,0,0,0
1680679475463017094,0,0,0,0
1680679475464873848,0,0,0,0
1680679475466788651,0,0,0,0
1680679475468823123,0,0,0,0
1680679475470717058,0,0,0,0
1680679475472563508,0,0,0,0
1680679475474516427,0,0,0,0
1680679475476386629,0,0,0,0
1680679475478255335,0,0,0,0
1680679475480144908,0,0,0,0
1680679475482419140,0,0,0,0
1680679475484308160,0,0,0,0
1680679475486390371,0,0,0,0
1680679475488284598,0,0,0,0
1680679475490222625,0,0,0,0
1680679475492171371,0,0,0,0
1680679475494099405,0,0,0,0
1680679475496046139,0,0,0,0
1680679475497927174,0,0,0,0
1680679475499788651,0,0,0,0
1680679475501654650,0,0,0,0
1680679475503549103,0,0,0,0
1680679475505371209,0,0,0,0
1680679475507220599,0,0,0,0
1680679475509116221,0,0,0,0
1680679475510994727,0,0,0,0
1680679475512926957,0,0,0,0
1680679475514908223,0,0,0,0
1680679475516808306,0,0,0,0
1680679475518665275,0,0,0,0
1680679475520563276,0,0,0,0
1680679475522470800,0,0,0,0
1680679475524398526,0,0,0,0
1680679475526288072,0,0,0,0
1680679475528189138,0,0,0,0
1680679475530166840,0,0,0,0
1680679475532050802,0,0,0,0
1680679475534059713,0,0,0,0
1680679475535924885,0,0,0,0
1680679475537749770,0,0,0,0
1680679475539725087,0,0,0,0
1680679475541629701,0,0,0,0
1680679475543584963,0,0,0,0
1680679475545416281,0,0,0,0
1680679475547293003,0,0,0,0
1680679475549209219,0,0,0,0
1680679475551053187,0,0,0,0
1680679475552999086,0,0,0,0
1680679475554853443,0,0,0,0
1680679475556806963,0,0,0,0
1680679475558710944,0,0,0,0
1680679475560681001,0,0,0,0
1680679475562624048,0,0,0,0
1680679475564612970,0,0,0,0
1680679475566535133,0,0,0,0
1680679475568503319,0,0,0,0
1680679475570402845,0,0,0,0
1680679475572446635,0,0,0,0
1680679475574340781,0,0,0,0
1680679475576312999,0,0,0,0
1680679475578325618,0,0,0,0
1680679475580309701,0,0,0,0
1680679475582198634,0,0,0,0
1680679475584149865,0,0,0,0
1680679475586083666,0,0,0,0
1680679475587956797,0,0,0,0
1680679475589856838,0,0,0,0
1680679475591824797,0,0,0,0
1680679475593729675,0,0,0,0
1680679475595642413,0,0,0,0
1680679475597552863,0,0,0,0
1680679475599472073,0,0,0,0
1680679475601271679,0,0,0,0
1680679475603157244,0,0,0,0
1680679475605023977,0,0,0,0
1680679475606953705,0,0,0,0
1680679475608812537,0,0,0,0
1680679475610622997,0,0,0,0
1680679475612600863,0,0,0,0
1680679475614633370,0,0,0,0
1680679475616517943,0,0,0,0
1680679475618528480,0,0,0,0
1680679475620469392,0,0,0,0
1680679475622408534,0,0,0,0
1680679475624391777,0,0,0,0
1680679475626302303,0,0,0,0
1680679475628262373,0,0,0,0
1680679475630164219,0,0,0,0
1680679475632163946,0,0,0,0
1680679475634166763,0,0,0,0
1680679475636072602,0,0,0,0
1680679475638106912,0,0,0,0
1680679475639896748,0,0,0,0
1680679475641669262,0,0,0,0
1680679475643614650,0,0,0,0
1680679475645417026,0,0,0,0
1680679475647166447,0,0,0,0
1680679475648918511,0,0,0,0
1680679475650827965,0,0,0,0
1680679475652757417,0,0,0,0
1680679475654777449,0,0,0,0
1680679475656736935,0,0,0,0
1680679475658650273,0,0,0,0
1680679475660558112,0,0,0,0
1680679475662563078,0,0,0,0
1680679475664524658,0,0,0,0
1680679475666444031,0,0,0,0
1680679475668459165,0,0,0,0
1680679475670434971,0,0,0,0
1680679475672458082,0,0,0,0
1680679475674295951,0,0,0,0
1680679475676239750,0,0,0,0
1680679475678102403,0,0,0,0
1680679475680035609,0,0,0,0
1680679475681922216,0,0,0,0
1680679475683854460,0,0,0,0
1680679475685721816,0,0,0,0
1680679475687660679,0,0,0,0
1680679475689507987,0,0,0,0
1680679475691302414,0,0,0,0
1680679475693240520,0,0,0,0
1680679475695064192,0,0,0,0
1680679475696984298,0,0,0,0
1680679475698807689,0,0,0,0
1680679475700762672,0,0,0,0
1680679475702640383,0,0,0,0
1680679475704593795,0,0,0,0
1680679475706558188,0,0,0,0
1680679475708480613,0,0,0,0
1680679475710373915,0,0,0,0
1680679475712343185,0,0,0,0
1680679475714365308,0,0,0,0
1680679475716255570,0,0,0,0
1680679475718216226,0,0,0,0
1680679475720135426,0,0,0,0
1680679475722054750,0,0,0,0
1680679475723913462,0,0,0,0
1680679475725917897,0,0,0,0
1680679475727718274,0,0,0,0
1680679475729634576,0,0,0,0
1680679475731467194,0,0,0,0
1680679475733410264,0,0,0,0
1680679475735213621,0,0,0,0
1680679475737140744,0,0,0,0
1680679475738984933,0,0,0,0
1680679475740810737,0,0,0,0
1680679475742722762,0,0,0,0
1680679475744659668,0,0,0,0
1680679475746565778,0,0,0,0
1680679475748517748,0,0,0,0
1680679475750416579,0,0,0,0
1680679475752397969,0,0,0,0
1680679475754426951,0,0,0,0
1680679475756387134,0,0,0,0
1680679475758281547,0,0,0,0
1680679475760158113,0,0,0,0
1680679475762067303,0,0,0,0
1680679475764047457,0,0,0,0
1680679475765872016,0,0,0,0
1680679475767843278,0,0,0,0
1680679475769773416,0,0,0,0
1680679475771759414,0,0,0,0
1680679475773714837,0,0,0,0
1680679475775677031,0,0,0,0
1680679475777594433,0,0,0,0
1680679475779567099,0,0,0,0
1680679475781451169,0,0,0,0
1680679475783250980,0,0,0,0
1680679475785073970,0,0,0,0
1680679475786878019,0,0,0,0
1680679475788803389,0,0,0,0
1680679475790683511,0,0,0,0
1680679475792743195,0,0,0,0
1680679475794705363,0,0,0,0
1680679475796595066,0,0,0,0
1680679475798545472,0,0,0,0
1680679475800460242,0,0,0,0
1680679475802420232,0,0,0,0
1680679475804284814,0,0,0,0
1680679475806285932,0,0,0,0
1680679475808152102,0,0,0,0
1680679475810103076,0,0,0,0
1680679475812082223,0,0,0,0
1680679475814090269,0,0,0,0
1680679475816012328,0,0,0,0
1680679475817988853,0,0,0,0
1680679475819850064,0,0,0,0
1680679475821774950,0,0,0,0
1680679475823655116,0,0,0,0
1680679475825571086,0,0,0,0
1680679475827471948,0,0,0,0
1680679475829377242,0,0,0,0
1680679475831178980,0,0,0,0
1680679475833161214,0,0,0,0
1680679475835060332,0,0,0,0
1680679475836916051,0,0,0,0
1680679475838902961,0,0,0,0
1680679475840808562,0,0,0,0
1680679475842707984,0,0,0,0
1680679475844583351,0,0,0,0
1680679475846399521,0,0,0,0
1680679475848453495,0,0,0,0
1680679475850413661,0,0,0,0
1680679475852391131,0,0,0,0
1680679475854324834,0,0,0,0
1680679475856170031,0,0,0,0
1680679475858141413,0,0,0,0
1680679475860048972,0,0,0,0
1680679475862032450,0,0,0,0
1680679475863912282,0,0,0,0
1680679475865837282,0,0,0,0
1680679475867741732,0,0,0,0
1680679475869705650,0,0,0,0
1680679475871645092,0,0,0,0
1680679475873543066,0,0,0,0
1680679475875396352,0,0,0,0
1680679475877308083,0,0,0,0
1680679475879175633,0,0,0,0
1680679475880964810,0,0,0,0
1680679475882939389,0,0,0,0
1680679475884812687,0,0,0,0
1680679475886768921,0,0,0,0
1680679475888695191,0,0,0,0
1680679475890636886,0,0,0,0
1680679475892646674,0,0,0,0
1680679475894629246,0,0,0,0
1680679475896585280,0,0,0,0
1680679475898550031,0,0,0,0
1680679475900474701,0,0,0,0
1680679475902366998,0,0,0,0
1680679475904307209,0,0,0,0
1680679475906298707,0,0,0,0
1680679475908226993,0,0,0,0
1680679475910182256,0,0,0,0
1680679475912199238,0,0,0,0
1680679475914218597,0,0,0,0
1680679475916125455,0,0,0,0
1680679475918107949,0,0,0,0
1680679475919973869,0,0,0,0
1680679475921914829,0,0,0,0
1680679475923758835,0,0,0,0
1680679475925564703,0,0,0,0
1680679475927402091,0,0,0,0
1680679475929160292,0,0,0,0
1680679475930992129,0,0,0,0
1680679475932821971,0,0,0,0
1680679475934731446,0,0,0,0
1680679475936556136,0,0,0,0
1680679475938542643,0,0,0,0
1680679475940421559,0,0,0,0
1680679475942385286,0,0,0,0
1680679475944323428,0,0,0,0
1680679475946211694,0,0,0,0
1680679475948152769,0,0,0,0
1680679475950174171,0,0,0,0
1680679475952149545,0,0,0,0
1680679475954033375,0,0,0,0
1680679475955947829,0,0,0,0
1680679475957819303,0,0,0,0
1680679475959788210,0,0,0,0
1680679475961706328,0,0,0,0
1680679475963668538,0,0,0,0
1680679475965570304,0,0,0,0
1680679475967645341,0,0,0,0
1680679475969588441,0,0,0,0
1680679475971551187,0,0,0,0
1680679475973385009,0,0,0,0
1680679475975232831,0,0,0,0
1680679475976995323,0,0,0,0
1680679475978950403,0,0,0,0
1680679475980812108,0,0,0,0
1680679475982723761,0,0,0,0
1680679475984663933,0,0,0,0
1680679475986682603,0,0,0,0
1680679475988541785,0,0,0,0
1680679475990532775,0,0,0,0
1680679475992481830,0,0,0,0
1680679475994393140,0,0,0,0
1680679475996329926,0,0,0,0
1680679475998191092,0,0,0,0
1680679476000129642,0,0,0,0
1680679476002035044,0,0,0,0
1680679476003951398,0,0,0,0
1680679476005882022,0,0,0,0
1680679476007741302,0,0,0,0
1680679476009663029,0,0,0,0
1680679476011619182,0,0,0,0
1680679476013564830,0,0,0,0
1680679476015410691,0,0,0,0
1680679476017264731,0,0,0,0
1680679476019027775,0,0,0,0
1680679476020951761,0,0,0,0
1680679476022824654,0,0,0,0
1680679476024801763,0,0,0,0
1680679476026707123,0,0,0,0
1680679476028583773,0,0,0,0
1680679476030566795,0,0,0,0
1680679476032510478,0,0,0,0
1680679476034480828,0,0,0,0
1680679476036403040,0,0,0,0
1680679476038259494,0,0,0,0
1680679476040060138,0,0,0,0
1680679476041999983,0,0,0,0
1680679476043838158,0,0,0,0
1680679476045832364,0,0,0,0
1680679476047782636,0,0,0,0
1680679476049819188,0,0,0,0
1680679476051728545,0,0,0,0
1680679476053617489,0,0,0,0
1680679476055615399,0,0,0,0
1680679476057572262,0,0,0,0
1680679476059532936,0,0,0,0
1680679476061348730,0,0,0,0
1680679476063161323,0,0,0,0
1680679476065061581,0,0,0,0
1680679476067020215,0,0,0,0
1680679476068868005,0,0,0,0
1680679476070802921,0,0,0,0
1680679476072702161,0,0,0,0
1680679476074675036,0,0,0,0
1680679476076642150,0,0,0,0
1680679476078502713,0,0,0,0
1680679476080272645,0,0,0,0
1680679476082140491,0,0,0,0
1680679476084080710,0,0,0,0
1680679476085966536,0,0,0,0
1680679476087999586,0,0,0,0
1680679476089988609,0,0,0,0
1680679476091926962,0,0,0,0
1680679476093906189,0,0,0,0
1680679476095911895,0,0,0,0
1680679476097844077,0,0,0,0
1680679476099673628,0,0,0,0
1680679476101530722,0,0,0,0
1680679476103463315,0,0,0,0
1680679476105357005,0,0,0,0
1680679476107216548,0,0,0,0
1680679476109034199,0,0,0,0
1680679476110871735,0,0,0,0
1680679476112683535,0,0,0,0
1680679476114472493,0,0,0,0
1680679476116212089,0,0,0,0
1680679476117964933,0,0,0,0
1680679476119695761,0,0,0,0
1680679476121564649,0,0,0,0
1680679476123500877,0,0,0,0
1680679476125418434,0,0,0,0
1680679476127255600,0,0,0,0
1680679476129054766,0,0,0,0
1680679476130882955,0,0,0,0
1680679476132821293,0,0,0,0
1680679476134739160,0,0,0,0
1680679476136570790,0,0,0,0
1680679476138541318,0,0,0,0
1680679476140464814,0,0,0,0
1680679476142401068,0,0,0,0
1680679476144446069,0,0,0,0
1680679476146285060,0,0,0,0
1680679476148326811,0,0,0,0
1680679476150243224,0,0,0,0
1680679476152128143,0,0,0,0
1680679476154219106,0,0,0,0
1680679476156046711,0,0,0,0
1680679476157974449,0,0,0,0
1680679476159825437,0,0,0,0
1680679476161674409,0,0,0,0
1680679476163546359,0,0,0,0
1680679476165379796,0,0,0,0
1680679476167235319,0,0,0,0
1680679476169144381,0,0,0,0
1680679476170912046,0,0,0,0
1680679476172730858,0,0,0,0
1680679476174635622,0,0,0,0
1680679476176469250,0,0,0,0
1680679476178415980,0,0,0,0
1680679476180322266,0,0,0,0
1680679476182222700,0,0,0,0
1680679476184143328,0,0,0,0
1680679476186030907,0,0,0,0
1680679476187972038,0,0,0,0
1680679476190076897,0,0,0,0
1680679476191955435,0,0,0,0
1680679476193812152,0,0,0,0
1680679476195699082,0,0,0,0
1680679476197545428,0,0,0,0
1680679476199465762,0,0,0,0
1680679476201273516,0,0,0,0
1680679476203028255,0,0,0,0
1680679476204924599,0,0,0,0
1680679476206805472,0,0,0,0
1680679476208782845,0,0,0,0
1680679476210860220,0,0,0,0
1680679476212974729,0,0,0,0
1680679476214871926,0,0,0,0
1680679476216850397,0,0,0,0
1680679476218714286,0,0,0,0
1680679476220603843,0,0,0,0
1680679476222518878,0,0,0,0
1680679476224820738,0,0,0,0
1680679476226741871,0,0,0,0
1680679476228708489,0,0,0,0
1680679476230632854,0,0,0,0
1680679476232556226,0,0,0,0
1680679476234471296,0,0,0,0
1680679476236413387,0,0,0,0
1680679476238349756,0,0,0,0
1680679476240289693,0,0,0,0
1680679476242189763,0,0,0,0
1680679476244129316,0,0,0,0
1680679476246028153,0,0,0,0
1680679476247969193,0,0,0,0
1680679476249917045,0,0,0,0
1680679476251833095,0,0,0,0
1680679476253771855,0,0,0,0
1680679476255754572,0,0,0,0
1680679476258594562,0,0,0,0
1680679476260742599,0,0,0,0
1680679476262757085,0,0,0,0
1680679476264700192,0,0,0,0
1680679476266654221,0,0,0,0
1680679476268668427,0,0,0,0
1680679476270633443,0,0,0,0
1680679476272558531,0,0,0,0
1680679476275347806,0,0,0,0
1680679476277561346,0,0,0,0
1680679476279752523,0,0,0,0
1680679476350460303,0,0,0,0
1680679476420879893,0,0,0,0
1680679476422885246,0,0,0,0
1680679476424833791,0,0,0,0
1680679476426782204,0,0,0,0
1680679476428748983,0,0,0,0
1680679476430723307,0,0,0,0
1680679476432702055,0,0,0,0
1680679476434421937,0,0,0,0
1680679476436187563,0,0,0,0
1680679476438076151,0,0,0,0
1680679476439827987,0,0,0,0
1680679476441550737,0,0,0,0
1680679476443466552,0,0,0,0
1680679476445327610,0,0,0,0
1680679476447140191,0,0,0,0
1680679476448943926,0,0,0,0
1680679476450766085,0,0,0,0
1680679476452495303,0,0,0,0
1680679476454282293,0,0,0,0
1680679476456100658,0,0,0,0
1680679476458014026,0,0,0,0
1680679476459972260,0,0,0,0
1680679476461843846,0,0,0,0
1680679476463806589,0,0,0,0
1680679476465654350,0,0,0,0
1680679476467501826,0,0,0,0
1680679476469400867,0,0,0,0
1680679476471276728,0,0,0,0
1680679476473149170,0,0,0,0
1680679476475012216,0,0,0,0
1680679476476825846,0,0,0,0
1680679476478729584,0,0,0,0
1680679476480567710,0,0,0,0
1680679476482676073,0,0,0,0
1680679476484594823,0,0,0,0
1680679476486471155,0,0,0,0
1680679476488443808,0,0,0,0
1680679476490418501,0,0,0,0
1680679476492302506,0,0,0,0
1680679476494323410,0,0,0,0
1680679476496340404,0,0,0,0
1680679476498259499,0,0,0,0
1680679476500192085,0,0,0,0
1680679476502070497,0,0,0,0
1680679476504018249,0,0,0,0
1680679476505965977,0,0,0,0
1680679476507829769,0,0,0,0
1680679476509641735,0,0,0,0
1680679476511549620,0,0,0,0
1680679476513345680,0,0,0,0
1680679476515185726,0,0,0,0
1680679476516975639,0,0,0,0
1680679476518944624,0,0,0,0
1680679476520806650,0,0,0,0
1680679476522793076,0,0,0,0
1680679476524700991,0,0,0,0
1680679476526658049,0,0,0,0
1680679476528537256,0,0,0,0
1680679476530557530,0,0,0,0
1680679476532382355,0,0,0,0
1680679476534754836,0,0,0,0
1680679476536692565,0,0,0,0
1680679476538613073,0,0,0,0
1680679476540590401,0,0,0,0
1680679476542467007,0,0,0,0
1680679476544362459,0,0,0,0
1680679476546274121,0,0,0,0
1680679476548165164,0,0,0,0
1680679476550118488,0,0,0,0
1680679476552063758,0,0,0,0
1680679476554083104,0,0,0,0
1680679476556093842,0,0,0,0
1680679476558089237,0,0,0,0
1680679476559944103,0,0,0,0
1680679476561909741,0,0,0,0
1680679476563763388,0,0,0,0
1680679476565584779,0,0,0,0
1680679476567328930,0,0,0,0
1680679476569164505,0,0,0,0
1680679476571169459,0,0,0,0
1680679476573078903,0,0,0,0
1680679476575102490,0,0,0,0
1680679476576982970,0,0,0,0
1680679476578941450,0,0,0,0
1680679476580779702,0,0,0,0
1680679476582631714,0,0,0,0
1680679476584562840,0,0,0,0
1680679476586358580,0,0,0,0
1680679476588320746,0,0,0,0
1680679476590261172,0,0,0,0
1680679476592172544,0,0,0,0
1680679476594205136,0,0,0,0
1680679476596167639,0,0,0,0
1680679476598119243,0,0,0,0
1680679476600121490,0,0,0,0
1680679476601984149,0,0,0,0
1680679476603841243,0,0,0,0
1680679476605702901,0,0,0,0
1680679476607664839,0,0,0,0
1680679476609543649,0,0,0,0
1680679476611624684,0,0,0,0
1680679476613515250,0,0,0,0
1680679476615548418,0,0,0,0
1680679476617368124,0,0,0,0
1680679476619298356,0,0,0,0
1680679476621162914,0,0,0,0
1680679476623045176,0,0,0,0
1680679476624803077,0,0,0,0
1680679476626679242,0,0,0,0
1680679476628619270,0,0,0,0
1680679476630641001,0,0,0,0
1680679476632608933,0,0,0,0
1680679476634536057,0,0,0,0
1680679476636483385,0,0,0,0
1680679476638351251,0,0,0,0
1680679476640212899,0,0,0,0
1680679476642102731,0,0,0,0
1680679476644022249,0,0,0,0
1680679476646021529,0,0,0,0
1680679476647926582,0,0,0,0
1680679476649817602,0,0,0,0
1680679476651806032,0,0,0,0
1680679476653731582,0,0,0,0
1680679476655657428,0,0,0,0
1680679476657526066,0,0,0,0
1680679476659452386,0,0,0,0
1680679476661225595,0,0,0,0
1680679476663007864,0,0,0,0
1680679476664872670,0,0,0,0
1680679476666849236,0,0,0,0
1680679476668776174,0,0,0,0
1680679476670777297,0,0,0,0
1680679476672784363,0,0,0,0
1680679476674707707,0,0,0,0
1680679476676695412,0,0,0,0
1680679476678512301,0,0,0,0
1680679476680397027,0,0,0,0
1680679476682306531,0,0,0,0
1680679476684297718,0,0,0,0
1680679476686203962,0,0,0,0
1680679476688170184,0,0,0,0
1680679476690074145,0,0,0,0
1680679476692006250,0,0,0,0
1680679476693997528,0,0,0,0
1680679476695970933,0,0,0,0
1680679476697861779,0,0,0,0
1680679476699746687,0,0,0,0
1680679476701672553,0,0,0,0
1680679476703570121,0,0,0,0
1680679476705395178,0,0,0,0
1680679476707313513,0,0,0,0
1680679476709211243,0,0,0,0
1680679476711147057,0,0,0,0
1680679476712997402,0,0,0,0
1680679476714887795,0,0,0,0
1680679476716808335,0,0,0,0
1680679476718707397,0,0,0,0
1680679476720525215,0,0,0,0
1680679476722452394,0,0,0,0
1680679476724398046,0,0,0,0
1680679476726269693,0,0,0,0
1680679476728199778,0,0,0,0
1680679476730115370,0,0,0,0
1680679476732111652,0,0,0,0
1680679476734100762,0,0,0,0
1680679476736054883,0,0,0,0
1680679476738036255,0,0,0,0
1680679476739882857,0,0,0,0
1680679476741806511,0,0,0,0
1680679476743620973,0,0,0,0
1680679476745430758,0,0,0,0
1680679476747220968,0,0,0,0
1680679476749063894,0,0,0,0
1680679476751065484,0,0,0,0
1680679476752944446,0,0,0,0
1680679476754981981,0,0,0,0
1680679476756963152,0,0,0,0
1680679476758846635,0,0,0,0
1680679476760617361,0,0,0,0
1680679476762626026,0,0,0,0
1680679476764483713,0,0,0,0
1680679476766442434,0,0,0,0
1680679476768412606,0,0,0,0
1680679476770359894,0,0,0,0
1680679476772331038,0,0,0,0
1680679476774315158,0,0,0,0
1680679476776304291,0,0,0,0
1680679476778231383,0,0,0,0
1680679476780198898,0,0,0,0
1680679476782046804,0,0,0,0
1680679476783965030,0,0,0,0
1680679476785837772,0,0,0,0
1680679476787635093,0,0,0,0
1680679476789586833,0,0,0,0
1680679476791541220,0,0,0,0
1680679476793544100,0,0,0,0
1680679476795499766,0,0,0,0
1680679476797454588,0,0,0,0
1680679476799349679,0,0,0,0
1680679476801235184,0,0,0,0
1680679476802931516,0,0,0,0
1680679476804810642,0,0,0,0
1680679476806753486,0,0,0,0
1680679476808512503,0,0,0,0
1680679476810205260,0,0,0,0
1680679476812029100,0,0,0,0
1680679476813913629,0,0,0,0
1680679476815901791,0,0,0,0
1680679476817804744,0,0,0,0
1680679476819826172,0,0,0,0
1680679476821721582,0,0,0,0
1680679476823645952,0,0,0,0
1680679476825455938,0,0,0,0
1680679476827254614,0,0,0,0
1680679476829043298,0,0,0,0
1680679476831097268,0,0,0,0
1680679476833031422,0,0,0,0
1680679476834963868,0,0,0,0
1680679476836880486,0,0,0,0
1680679476838785012,0,0,0,0
1680679476840712596,0,0,0,0
1680679476842667288,0,0,0,0
1680679476844642536,0,0,0,0
1680679476846443808,0,0,0,0
1680679476848354947,0,0,0,0
1680679476850185536,0,0,0,0
1680679476852140053,0,0,0,0
1680679476854090459,0,0,0,0
1680679476856049423,0,0,0,0
1680679476857978249,0,0,0,0
1680679476859952247,0,0,0,0
1680679476861879906,0,0,0,0
1680679476863864990,0,0,0,0
1680679476865726818,0,0,0,0
1680679476867652722,0,0,0,0
1680679476869500562,0,0,0,0
1680679476871429508,0,0,0,0
1680679476873247194,0,0,0,0
1680679476875250308,0,0,0,0
1680679476877149024,0,0,0,0
1680679476878970960,0,0,0,0
1680679476880866218,0,0,0,0
1680679476882836249,0,0,0,0
1680679476884772255,0,0,0,0
1680679476886629809,0,0,0,0
1680679476888567455,0,0,0,0
1680679476890467657,0,0,0,0
1680679476892379581,0,0,0,0
1680679476894339129,0,0,0,0
1680679476896249267,0,0,0,0
1680679476898261108,0,0,0,0
1680679476900200606,0,0,0,0
1680679476902218893,0,0,0,0
1680679476904146233,0,0,0,0
1680679476906119747,0,0,0,0
1680679476907991251,0,0,0,0
1680679476909893791,0,0,0,0
1680679476911784358,0,0,0,0
1680679476913633209,0,0,0,0
1680679476915620614,0,0,0,0
1680679476917479591,0,0,0,0
1680679476919306547,0,0,0,0
1680679476921163471,0,0,0,0
1680679476923065448,0,0,0,0
1680679476924936734,0,0,0,0
1680679476926900251,0,0,0,0
1680679476928813427,0,0,0,0
1680679476930669753,0,0,0,0
1680679476932533682,0,0,0,0
1680679476934513943,0,0,0,0
1680679476936523304,0,0,0,0
1680679476938473815,0,0,0,0
1680679476940352504,0,0,0,0
1680679476942285648,0,0,0,0
1680679476944275845,0,0,0,0
1680679476946191842,0,0,0,0
1680679476948155847,0,0,0,0
1680679476950005171,0,0,0,0
1680679476951976511,0,0,0,0
1680679476953809951,0,0,0,0
1680679476955839473,0,0,0,0
1680679476957743244,0,0,0,0
1680679476959706650,0,0,0,0
1680679476961620944,0,0,0,0
1680679476963581270,0,0,0,0
1680679476965425598,0,0,0,0
1680679476967244740,0,0,0,0
1680679476969151448,0,0,0,0
1680679476970995521,0,0,0,0
1680679476972808476,0,0,0,0
1680679476974660204,0,0,0,0
1680679476976620083,0,0,0,0
1680679476978517130,0,0,0,0
1680679476980523512,0,0,0,0
1680679476982482838,0,0,0,0
1680679476984409404,0,0,0,0
1680679476986357563,0,0,0,0
1680679476988278321,0,0,0,0
1680679476990232804,0,0,0,0
1680679476992122714,0,0,0,0
1680679476994024225,0,0,0,0
1680679476995855391,0,0,0,0
1680679476997783477,0,0,0,0
1680679476999744385,0,0,0,0
1680679477001666204,0,0,0,0
1680679477003553715,0,0,0,0
1680679477005468031,0,0,0,0
1680679477007369388,0,0,0,0
1680679477009316480,0,0,0,0
1680679477011228166,0,0,0,0
1680679477013057680,0,0,0,0
1680679477015031772,0,0,0,0
1680679477016881868,0,0,0,0
1680679477018834578,0,0,0,0
1680679477020738640,0,0,0,0
1680679477022638718,0,0,0,0
1680679477024694381,0,0,0,0
1680679477026551271,0,0,0,0
1680679477028507650,0,0,0,0
1680679477030383981,0,0,0,0
1680679477032344213,0,0,0,0
1680679477034271192,0,0,0,0
1680679477036264626,0,0,0,0
1680679477038204648,0,0,0,0
1680679477040174278,0,0,0,0
1680679477042082432,0,0,0,0
1680679477044042887,0,0,0,0
1680679477045922097,0,0,0,0
1680679477047858991,0,0,0,0
1680679477049725523,0,0,0,0
1680679477051672203,0,0,0,0
1680679477053556953,0,0,0,0
1680679477055567220,0,0,0,0
1680679477057553574,0,0,0,0
1680679477059498736,0,0,0,0
1680679477061318290,0,0,0,0
1680679477063162479,0,0,0,0
1680679477065045730,0,0,0,0
1680679477067000218,0,0,0,0
1680679477068851534,0,0,0,0
1680679477070757496,0,0,0,0
1680679477072706251,0,0,0,0
1680679477074568412,0,0,0,0
1680679477076551189,0,0,0,0
1680679477078480069,0,0,0,0
1680679477080471695,0,0,0,0
1680679477082348420,0,0,0,0
1680679477084296193,0,0,0,0
1680679477086239725,0,0,0,0
1680679477088111463,0,0,0,0
1680679477090024245,0,0,0,0
1680679477091998778,0,0,0,0
1680679477093917582,0,0,0,0
1680679477095830119,0,0,0,0
1680679477097816670,0,0,0,0
1680679477099657876,0,0,0,0
1680679477101608702,0,0,0,0
1680679477103485020,0,0,0,0
1680679477105373210,0,0,0,0
1680679477107251271,0,0,0,0
1680679477108993115,0,0,0,0
1680679477110879772,0,0,0,0
1680679477112748582,0,0,0,0
1680679477114644317,0,0,0,0
1680679477116562221,0,0,0,0
1680679477118420648,0,0,0,0
1680679477120300597,0,0,0,0
1680679477122253936,0,0,0,0
1680679477124178122,0,0,0,0
1680679477126097648,0,0,0,0
1680679477128074560,0,0,0,0
1680679477130008727,0,0,0,0
1680679477131984885,0,0,0,0
1680679477133858877,0,0,0,0
1680679477135746272,0,0,0,0
1680679477137687838,0,0,0,0
1680679477139644670,0,0,0,0
1680679477141546278,0,0,0,0
1680679477143476209,0,0,0,0
1680679477145275517,0,0,0,0
1680679477147203536,0,0,0,0
1680679477149073738,0,0,0,0
1680679477151025444,0,0,0,0
1680679477152847266,0,0,0,0
1680679477154704258,0,0,0,0
1680679477156670217,0,0,0,0
1680679477158557912,0,0,0,0
1680679477160535976,0,0,0,0
1680679477162545716,0,0,0,0
1680679477164501812,0,0,0,0
1680679477166389781,0,0,0,0
1680679477168342776,0,0,0,0
1680679477170327206,0,0,0,0
1680679477172270796,0,0,0,0
1680679477174191253,0,0,0,0
1680679477176126206,0,0,0,0
1680679477178137654,0,0,0,0
1680679477180014138,0,0,0,0
1680679477181988972,0,0,0,0
1680679477183861824,0,0,0,0
1680679477185840335,0,0,0,0
1680679477187735797,0,0,0,0
1680679477189672916,0,0,0,0
1680679477191563653,0,0,0,0
1680679477193417781,0,0,0,0
1680679477195204778,0,0,0,0
1680679477197108751,0,0,0,0
1680679477199000239,0,0,0,0
1680679477200810192,0,0,0,0
1680679477202679691,0,0,0,0
1680679477204617931,0,0,0,0
1680679477206510130,0,0,0,0
1680679477208492335,0,0,0,0
1680679477210498174,0,0,0,0
1680679477212373962,0,0,0,0
1680679477214336717,0,0,0,0
1680679477216313036,0,0,0,0
1680679477218292135,0,0,0,0
1680679477220220100,0,0,0,0
1680679477222222926,0,0,0,0
1680679477224138973,0,0,0,0
1680679477226067785,0,0,0,0
1680679477227975270,0,0,0,0
1680679477229957490,0,0,0,0
1680679477231796897,0,0,0,0
1680679477233702230,0,0,0,0
1680679477235603674,0,0,0,0
1680679477237556374,0,0,0,0
1680679477239398690,0,0,0,0
1680679477241293976,0,0,0,0
1680679477243158862,0,0,0,0
1680679477244986508,0,0,0,0
1680679477246939180,0,0,0,0
1680679477248815156,0,0,0,0
1680679477250805771,0,0,0,0
1680679477252639940,0,0,0,0
1680679477254567596,0,0,0,0
1680679477256608597,0,0,0,0
1680679477258588855,0,0,0,0
1680679477260556957,0,0,0,0
1680679477262560280,0,0,0,0
1680679477264487608,0,0,0,0
1680679477266433929,0,0,0,0
1680679477268422894,0,0,0,0
1680679477270300465,0,0,0,0
1680679477272305406,0,0,0,0
1680679477274201224,0,0,0,0
1680679477276157938,0,0,0,0
1680679477278008673,0,0,0,0
1680679477279969943,0,0,0,0
1680679477281863301,0,0,0,0
1680679477283846128,0,0,0,0
1680679477285720055,0,0,0,0
1680679477287714982,0,0,0,0
1680679477289625134,0,0,0,0
1680679477291553612,0,0,0,0
1680679477293353646,0,0,0,0
1680679477295295808,0,0,0,0
1680679477297095070,0,0,0,0
1680679477299037712,0,0,0,0
1680679477300919478,0,0,0,0
1680679477302904518,0,0,0,0
1680679477304809602,0,0,0,0
1680679477306731068,0,0,0,0
1680679477308677398,0,0,0,0
1680679477310649529,0,0,0,0
1680679477312577183,0,0,0,0
1680679477314538927,0,0,0,0
1680679477316514608,0,0,0,0
1680679477318451120,0,0,0,0
1680679477320390876,0,0,0,0
1680679477322297238,0,0,0,0
1680679477324198918,0,0,0,0
1680679477326171894,0,0,0,0
1680679477328106285,0,0,0,0
1680679477330106307,0,0,0,0
1680679477332077277,0,0,0,0
1680679477333844779,0,0,0,0
1680679477335619655,0,0,0,0
1680679477337508701,0,0,0,0
1680679477339464581,0,0,0,0
1680679477341307015,0,0,0,0
1680679477343054135,0,0,0,0
1680679477344854082,0,0,0,0
1680679477346634163,0,0,0,0
1680679477348570670,0,0,0,0
1680679477350499084,0,0,0,0
1680679477352486042,0,0,0,0
1680679477354431473,0,0,0,0
1680679477356372971,0,0,0,0
1680679477358296441,0,0,0,0
1680679477360253968,0,0,0,0
1680679477362171218,0,0,0,0
1680679477364155913,0,0,0,0
1680679477366042461,0,0,0,0
1680679477368016845,0,0,0,0
1680679477369928344,0,0,0,0
1680679477371793463,0,0,0,0
1680679477373639998,0,0,0,0
1680679477375611342,0,0,0,0
1680679477377571103,0,0,0,0
1680679477379543064,0,0,0,0
1680679477381337394,0,0,0,0
1680679477383287025,0,0,0,0
1680679477385134762,0,0,0,0
1680679477387065712,0,0,0,0
1680679477388811079,0,0,0,0
1680679477390728088,0,0,0,0
1680679477392593142,0,0,0,0
1680679477394558463,0,0,0,0
1680679477396514911,0,0,0,0
1680679477398506375,0,0,0,0
1680679477400497282,0,0,0,0
1680679477402437342,0,0,0,0
1680679477404424894,0,0,0,0
1680679477406390759,0,0,0,0
1680679477408273566,0,0,0,0
1680679477410232410,0,0,0,0
1680679477412097826,0,0,0,0
1680679477414067399,0,0,0,0
1680679477416062257,0,0,0,0
1680679477418013851,0,0,0,0
1680679477419997532,0,0,0,0
1680679477421925363,0,0,0,0
1680679477423842736,0,0,0,0
1680679477425790422,0,0,0,0
1680679477427673088,0,0,0,0
1680679477429605280,0,0,0,0
1680679477431571154,0,0,0,0
1680679477433403029,0,0,0,0
1680679477435166750,0,0,0,0
1680679477437044663,0,0,0,0
1680679477438875138,0,0,0,0
1680679477440734780,0,0,0,0
1680679477442420031,0,0,0,0
1680679477444106984,0,0,0,0
1680679477445805444,0,0,0,0
1680679477447500350,0,0,0,0
1680679477449355244,0,0,0,0
1680679477451305308,0,0,0,0
1680679477453468478,0,0,0,0
1680679477455307231,0,0,0,0
1680679477457162108,0,0,0,0
1680679477459007300,0,0,0,0
1680679477460815614,0,0,0,0
1680679477462595398,0,0,0,0
1680679477464514540,0,0,0,0
1680679477466590534,0,0,0,0
1680679477468440078,0,0,0,0
1680679477470249538,0,0,0,0
1680679477472295112,0,0,0,0
1680679477474312900,0,0,0,0
1680679477476134983,0,0,0,0
1680679477478062483,0,0,0,0
1680679477480097049,0,0,0,0
1680679477482007455,0,0,0,0
1680679477483800386,0,0,0,0
1680679477485620153,0,0,0,0
1680679477487451639,0,0,0,0
1680679477489347494,0,0,0,0
1680679477491149140,0,0,0,0
1680679477493008596,0,0,0,0
1680679477494837275,0,0,0,0
1680679477496681188,0,0,0,0
1680679477498605029,0,0,0,0
1680679477500549223,0,0,0,0
1680679477502538297,0,0,0,0
1680679477504466693,0,0,0,0
1680679477506398275,0,0,0,0
1680679477508177450,0,0,0,0
1680679477509995813,0,0,0,0
1680679477511912357,0,0,0,0
1680679477513877657,0,0,0,0
1680679477515758425,0,0,0,0
1680679477517599450,0,0,0,0
1680679477519448923,0,0,0,0
1680679477521371147,0,0,0,0
1680679477523150014,0,0,0,0
1680679477524963506,0,0,0,0
1680679477526876445,0,0,0,0
1680679477528701648,0,0,0,0
1680679477530559106,0,0,0,0
1680679477532476372,0,0,0,0
1680679477534440503,0,0,0,0
1680679477536346729,0,0,0,0
1680679477538482342,0,0,0,0
1680679477540552298,0,0,0,0
1680679477542450553,0,0,0,0
1680679477544323638,0,0,0,0
1680679477546199840,0,0,0,0
1680679477548145722,0,0,0,0
1680679477550113995,0,0,0,0
1680679477552981240,0,0,0,0
1680679477554936088,0,0,0,0
1680679477556946304,0,0,0,0
1680679477558936581,0,0,0,0
1680679477560886650,0,0,0,0
1680679477562845886,0,0,0,0
1680679477564793967,0,0,0,0
1680679477566756913,0,0,0,0
1680679477568690767,0,0,0,0
1680679477571038411,0,0,0,0
1680679477573028728,0,0,0,0
1680679477574933721,0,0,0,0
1680679477576889077,0,0,0,0
1680679477578838970,0,0,0,0
1680679477580788778,0,0,0,0
1680679477582735147,0,0,0,0
1680679477584684753,0,0,0,0
1680679477587475492,0,0,0,0
1680679477589410336,0,0,0,0
1680679477591469087,0,0,0,0
1680679477593516338,0,0,0,0
1680679477595471236,0,0,0,0
1680679477597471831,0,0,0,0
1680679477599508560,0,0,0,0
1680679477601447271,0,0,0,0
1680679477603334387,0,0,0,0
1680679477605205984,0,0,0,0
1680679477607099079,0,0,0,0
1680679477609137620,0,0,0,0
1680679477680794765,0,0,0,0
1680679477752586318,0,0,0,0
1680679477754640849,0,0,0,0
1680679477756598951,0,0,0,0
1680679477758590973,0,0,0,0
1680679477760541719,0,0,0,0
1680679477762508729,0,0,0,0
1680679477764448736,0,0,0,0
1680679477766157299,0,0,0,0
1680679477767995479,0,0,0,0
1680679477769743589,0,0,0,0
1680679477771627025,0,0,0,0
1680679477773385360,0,0,0,0
1680679477775144290,0,0,0,0
1680679477777084137,0,0,0,0
1680679477779025738,0,0,0,0
1680679477780856724,0,0,0,0
1680679477782757863,0,0,0,0
1680679477784596489,0,0,0,0
1680679477786551334,0,0,0,0
1680679477788395026,0,0,0,0
1680679477790384342,0,0,0,0
1680679477792283226,0,0,0,0
1680679477794254427,0,0,0,0
1680679477796215211,0,0,0,0
1680679477798111778,0,0,0,0
1680679477800118362,0,0,0,0
1680679477802088830,0,0,0,0
1680679477803953882,0,0,0,0
1680679477805929721,0,0,0,0
1680679477807824754,0,0,0,0
1680679477809812322,0,0,0,0
1680679477811721715,0,0,0,0
1680679477813647334,0,0,0,0
1680679477815627599,0,0,0,0
1680679477817593082,0,0,0,0
1680679477819562824,0,0,0,0
1680679477821358964,0,0,0,0
1680679477823258970,0,0,0,0
1680679477825079858,0,0,0,0
1680679477826876579,0,0,0,0
1680679477828817017,0,0,0,0
1680679477830739439,0,0,0,0
1680679477832761482,0,0,0,0
1680679477834620808,0,0,0,0
1680679477836541910,0,0,0,0
1680679477838397368,0,0,0,0
1680679477840312792,0,0,0,0
1680679477842265396,0,0,0,0
1680679477844169502,0,0,0,0
1680679477846104057,0,0,0,0
1680679477848056727,0,0,0,0
1680679477849973455,0,0,0,0
1680679477851947021,0,0,0,0
1680679477853834422,0,0,0,0
1680679477855715632,0,0,0,0
1680679477857614001,0,0,0,0
1680679477859591259,0,0,0,0
1680679477861460516,0,0,0,0
1680679477863265505,0,0,0,0
1680679477865172589,0,0,0,0
1680679477867073882,0,0,0,0
1680679477868879150,0,0,0,0
1680679477870754843,0,0,0,0
1680679477872674775,0,0,0,0
1680679477874606216,0,0,0,0
1680679477876556015,0,0,0,0
1680679477878385204,0,0,0,0
1680679477880317047,0,0,0,0
1680679477882202828,0,0,0,0
1680679477884157404,0,0,0,0
1680679477886064330,0,0,0,0
1680679477888050384,0,0,0,0
1680679477889954903,0,0,0,0
1680679477891965899,0,0,0,0
1680679477893965134,0,0,0,0
1680679477895836942,0,0,0,0
1680679477897804430,0,0,0,0
1680679477899705116,0,0,0,0
1680679477901574102,0,0,0,0
1680679477903537576,0,0,0,0
1680679477905433815,0,0,0,0
1680679477907245580,0,0,0,0
1680679477909154690,0,0,0,0
1680679477911010084,0,0,0,0
1680679477912964406,0,0,0,0
1680679477914858064,0,0,0,0
1680679477916807383,0,0,0,0
1680679477918727813,0,0,0,0
1680679477920795383,0,0,0,0
1680679477922708175,0,0,0,0
1680679477924669995,0,0,0,0
1680679477926558579,0,0,0,0
1680679477928510699,0,0,0,0
1680679477930497912,0,0,0,0
1680679477932440172,0,0,0,0
1680679477934422506,0,0,0,0
1680679477936336924,0,0,0,0
1680679477938381499,0,0,0,0
1680679477940279933,0,0,0,0
1680679477942166675,0,0,0,0
1680679477944119563,0,0,0,0
1680679477946087875,0,0,0,0
1680679477948018011,0,0,0,0
1680679477949899134,0,0,0,0
1680679477951889948,0,0,0,0
1680679477953809006,0,0,0,0
1680679477955713328,0,0,0,0
1680679477957623600,0,0,0,0
1680679477959569039,0,0,0,0
1680679477961332970,0,0,0,0
1680679477963273082,0,0,0,0
1680679477965133124,0,0,0,0
1680679477967091091,0,0,0,0
1680679477968957327,0,0,0,0
1680679477970812728,0,0,0,0
1680679477972763785,0,0,0,0
1680679477974698975,0,0,0,0
1680679477976662439,0,0,0,0
1680679477978639615,0,0,0,0
1680679477980639894,0,0,0,0
1680679477982527996,0,0,0,0
1680679477984474879,0,0,0,0
1680679477986323324,0,0,0,0
1680679477988288856,0,0,0,0
1680679477990221508,0,0,0,0
1680679477992129331,0,0,0,0
1680679477994139189,0,0,0,0
1680679477996064187,0,0,0,0
1680679477998033746,0,0,0,0
1680679477999994360,0,0,0,0
1680679478001926873,0,0,0,0
1680679478003762526,0,0,0,0
1680679478005657280,0,0,0,0
1680679478007520498,0,0,0,0
1680679478009302209,0,0,0,0
1680679478011220444,0,0,0,0
1680679478013063601,0,0,0,0
1680679478015086727,0,0,0,0
1680679478016860879,0,0,0,0
1680679478018703471,0,0,0,0
1680679478020656373,0,0,0,0
1680679478022525327,0,0,0,0
1680679478024461897,0,0,0,0
1680679478026478876,0,0,0,0
1680679478028389072,0,0,0,0
1680679478030384152,0,0,0,0
1680679478032343179,0,0,0,0
1680679478034173083,0,0,0,0
1680679478036076689,0,0,0,0
1680679478037976208,0,0,0,0
1680679478039954349,0,0,0,0
1680679478041804760,0,0,0,0
1680679478043790008,0,0,0,0
1680679478045693921,0,0,0,0
1680679478047675915,0,0,0,0
1680679478049570585,0,0,0,0
1680679478051541106,0,0,0,0
1680679478053368810,0,0,0,0
1680679478055278518,0,0,0,0
1680679478057120989,0,0,0,0
1680679478058897082,0,0,0,0
1680679478060780088,0,0,0,0
1680679478062716976,0,0,0,0
1680679478064680481,0,0,0,0
1680679478066567626,0,0,0,0
1680679478068516320,0,0,0,0
1680679478070453813,0,0,0,0
1680679478072410634,0,0,0,0
1680679478074465371,0,0,0,0
1680679478076392259,0,0,0,0
1680679478078394946,0,0,0,0
1680679478080390110,0,0,0,0
1680679478082278642,0,0,0,0
1680679478084226121,0,0,0,0
1680679478086086830,0,0,0,0
1680679478088061675,0,0,0,0
1680679478089873214,0,0,0,0
1680679478091811114,0,0,0,0
1680679478093781471,0,0,0,0
1680679478095773973,0,0,0,0
1680679478097656605,0,0,0,0
1680679478099634746,0,0,0,0
1680679478101558498,0,0,0,0
1680679478103547070,0,0,0,0
1680679478105402732,0,0,0,0
1680679478107312498,0,0,0,0
1680679478109137414,0,0,0,0
1680679478110873173,0,0,0,0
1680679478112797012,0,0,0,0
1680679478114738049,0,0,0,0
1680679478116657240,0,0,0,0
1680679478118671187,0,0,0,0
1680679478120643139,0,0,0,0
1680679478122646291,0,0,0,0
1680679478124575129,0,0,0,0
1680679478126475985,0,0,0,0
1680679478128451923,0,0,0,0
1680679478130372647,0,0,0,0
1680679478132217753,0,0,0,0
1680679478134231522,0,0,0,0
1680679478136136002,0,0,0,0
1680679478138114164,0,0,0,0
1680679478140093100,0,0,0,0
1680679478141986776,0,0,0,0
1680679478143881294,0,0,0,0
1680679478145834606,0,0,0,0
1680679478147790373,0,0,0,0
1680679478149772881,0,0,0,0
1680679478151683956,0,0,0,0
1680679478153648204,0,0,0,0
1680679478155640260,0,0,0,0
1680679478157550844,0,0,0,0
1680679478159581610,0,0,0,0
1680679478161542263,0,0,0,0
1680679478163369781,0,0,0,0
1680679478165269559,0,0,0,0
1680679478167038924,0,0,0,0
1680679478168811600,0,0,0,0
1680679478170816113,0,0,0,0
1680679478172757807,0,0,0,0
1680679478174806499,0,0,0,0
1680679478176732418,0,0,0,0
1680679478178645013,0,0,0,0
1680679478180588450,0,0,0,0
1680679478182461585,0,0,0,0
1680679478184326135,0,0,0,0
1680679478186177328,0,0,0,0
1680679478188098674,0,0,0,0
1680679478190032974,0,0,0,0
1680679478192026226,0,0,0,0
1680679478194027575,0,0,0,0
1680679478196026139,0,0,0,0
1680679478197994035,0,0,0,0
1680679478199955394,0,0,0,0
1680679478201814798,0,0,0,0
1680679478203762926,0,0,0,0
1680679478205624463,0,0,0,0
1680679478207588802,0,0,0,0
1680679478209657868,0,0,0,0
1680679478211674369,0,0,0,0
1680679478213657409,0,0,0,0
1680679478215662742,0,0,0,0
1680679478217568688,0,0,0,0
1680679478219537649,0,0,0,0
1680679478221388010,0,0,0,0
1680679478223296324,0,0,0,0
1680679478225120032,0,0,0,0
1680679478226900478,0,0,0,0
1680679478228707004,0,0,0,0
1680679478230586011,0,0,0,0
1680679478232409865,0,0,0,0
1680679478234427369,0,0,0,0
1680679478236334861,0,0,0,0
1680679478238261323,0,0,0,0
1680679478240201660,0,0,0,0
1680679478242125260,0,0,0,0
1680679478244038014,0,0,0,0
1680679478246022779,0,0,0,0
1680679478247893674,0,0,0,0
1680679478249873056,0,0,0,0
1680679478251809359,0,0,0,0
1680679478253838533,0,0,0,0
1680679478255712117,0,0,0,0
1680679478257640774,0,0,0,0
1680679478259578751,0,0,0,0
1680679478261339421,0,0,0,0
1680679478263163883,0,0,0,0
1680679478265035977,0,0,0,0
1680679478267026393,0,0,0,0
1680679478268848047,0,0,0,0
1680679478270707691,0,0,0,0
1680679478272683418,0,0,0,0
1680679478274694210,0,0,0,0
1680679478276549744,0,0,0,0
1680679478278506452,0,0,0,0
1680679478280400602,0,0,0,0
1680679478282199468,0,0,0,0
1680679478284103853,0,0,0,0
1680679478286032280,0,0,0,0
1680679478287990932,0,0,0,0
1680679478289818048,0,0,0,0
1680679478291649041,0,0,0,0
1680679478293564958,0,0,0,0
1680679478295583335,0,0,0,0
1680679478297389661,0,0,0,0
1680679478299185643,0,0,0,0
1680679478300949989,0,0,0,0
1680679478302790073,0,0,0,0
1680679478304648211,0,0,0,0
1680679478306640066,0,0,0,0
1680679478308553446,0,0,0,0
1680679478310537174,0,0,0,0
1680679478312412932,0,0,0,0
1680679478314460211,0,0,0,0
1680679478316321323,0,0,0,0
1680679478318337280,0,0,0,0
1680679478320174209,0,0,0,0
1680679478322115260,0,0,0,0
1680679478323995633,0,0,0,0
1680679478325943781,0,0,0,0
1680679478327823882,0,0,0,0
1680679478329725154,0,0,0,0
1680679478331608239,0,0,0,0
1680679478333607256,0,0,0,0
1680679478335636030,0,0,0,0
1680679478337543218,0,0,0,0
1680679478339512457,0,0,0,0
1680679478341410617,0,0,0,0
1680679478343226965,0,0,0,0
1680679478344968313,0,0,0,0
1680679478346887841,0,0,0,0
1680679478348801289,0,0,0,0
1680679478350787526,0,0,0,0
1680679478352736259,0,0,0,0
1680679478354710367,0,0,0,0
1680679478356630811,0,0,0,0
1680679478358645343,0,0,0,0
1680679478360546291,0,0,0,0
1680679478362438296,0,0,0,0
1680679478364390636,0,0,0,0
1680679478366289182,0,0,0,0
1680679478368276303,0,0,0,0
1680679478370165628,0,0,0,0
1680679478372113174,0,0,0,0
1680679478374023167,0,0,0,0
1680679478376007807,0,0,0,0
1680679478377942929,0,0,0,0
1680679478379917364,0,0,0,0
1680679478381797966,0,0,0,0
1680679478383714824,0,0,0,0
1680679478385528265,0,0,0,0
1680679478387478164,0,0,0,0
1680679478389250281,0,0,0,0
1680679478391174744,0,0,0,0
1680679478393043689,0,0,0,0
1680679478395089762,0,0,0,0
1680679478396919606,0,0,0,0
1680679478398780974,0,0,0,0
1680679478400806970,0,0,0,0
1680679478402672178,0,0,0,0
1680679478404585619,0,0,0,0
1680679478406485389,0,0,0,0
1680679478408432582,0,0,0,0
1680679478410278997,0,0,0,0
1680679478412204375,0,0,0,0
1680679478414127329,0,0,0,0
1680679478416069494,0,0,0,0
1680679478418073508,0,0,0,0
1680679478419979594,0,0,0,0
1680679478421957208,0,0,0,0
1680679478423853225,0,0,0,0
1680679478425704892,0,0,0,0
1680679478427585731,0,0,0,0
1680679478429428604,0,0,0,0
1680679478431240764,0,0,0,0
1680679478433096796,0,0,0,0
1680679478434905563,0,0,0,0
1680679478436821535,0,0,0,0
1680679478438713739,0,0,0,0
1680679478440566981,0,0,0,0
1680679478442538599,0,0,0,0
1680679478444404192,0,0,0,0
1680679478446365491,0,0,0,0
1680679478448172729,0,0,0,0
1680679478450090232,0,0,0,0
1680679478451980574,0,0,0,0
1680679478453935028,0,0,0,0
1680679478455920970,0,0,0,0
1680679478457915209,0,0,0,0
1680679478459857283,0,0,0,0
1680679478461797801,0,0,0,0
1680679478463800148,0,0,0,0
1680679478465698189,0,0,0,0
1680679478467549811,0,0,0,0
1680679478469414637,0,0,0,0
1680679478471163934,0,0,0,0
1680679478472878916,0,0,0,0
1680679478474738988,0,0,0,0
1680679478476581788,0,0,0,0
1680679478478627140,0,0,0,0
1680679478480564601,0,0,0,0
1680679478482907720,0,0,0,0
1680679478484816950,0,0,0,0
1680679478486777507,0,0,0,0
1680679478488619977,0,0,0,0
1680679478490443233,0,0,0,0
1680679478492412032,0,0,0,0
1680679478494319896,0,0,0,0
1680679478496229597,0,0,0,0
1680679478498057043,0,0,0,0
1680679478499985949,0,0,0,0
1680679478501820615,0,0,0,0
1680679478503742234,0,0,0,0
1680679478505605947,0,0,0,0
1680679478507464095,0,0,0,0
1680679478509349628,0,0,0,0
1680679478511159518,0,0,0,0
1680679478512935723,0,0,0,0
1680679478514923296,0,0,0,0
1680679478516769000,0,0,0,0
1680679478518610710,0,0,0,0
1680679478520592029,0,0,0,0
1680679478522503846,0,0,0,0
1680679478524479500,0,0,0,0
1680679478526484567,0,0,0,0
1680679478528396265,0,0,0,0
1680679478530355866,0,0,0,0
1680679478532174385,0,0,0,0
1680679478534058072,0,0,0,0
1680679478535965246,0,0,0,0
1680679478537774044,0,0,0,0
1680679478539733294,0,0,0,0
1680679478541725203,0,0,0,0
1680679478543591108,0,0,0,0
1680679478545545344,0,0,0,0
1680679478547530863,0,0,0,0
1680679478549438427,0,0,0,0
1680679478551315491,0,0,0,0
1680679478553141594,0,0,0,0
1680679478555093983,0,0,0,0
1680679478556914540,0,0,0,0
1680679478558872759,0,0,0,0
1680679478560814716,0,0,0,0
1680679478562700689,0,0,0,0
1680679478564626353,0,0,0,0
1680679478566646600,0,0,0,0
1680679478568413968,0,0,0,0
1680679478570247573,0,0,0,0
1680679478572181299,0,0,0,0
1680679478574093205,0,0,0,0
1680679478575956660,0,0,0,0
1680679478577737012,0,0,0,0
1680679478579619133,0,0,0,0
1680679478581458235,0,0,0,0
1680679478583201304,0,0,0,0
1680679478584955138,0,0,0,0
1680679478586882548,0,0,0,0
1680679478588811254,0,0,0,0
1680679478590774180,0,0,0,0
1680679478592654730,0,0,0,0
1680679478594628780,0,0,0,0
1680679478596552737,0,0,0,0
1680679478598475405,0,0,0,0
1680679478600384118,0,0,0,0
1680679478602374437,0,0,0,0
1680679478604311997,0,0,0,0
1680679478606138122,0,0,0,0
1680679478608059495,0,0,0,0
1680679478609895581,0,0,0,0
1680679478611713459,0,0,0,0
1680679478613625489,0,0,0,0
1680679478615612680,0,0,0,0
1680679478617444577,0,0,0,0
1680679478619460216,0,0,0,0
1680679478621427250,0,0,0,0
1680679478623353377,0,0,0,0
1680679478625171241,0,0,0,0
1680679478627112694,0,0,0,0
1680679478628921166,0,0,0,0
1680679478630813080,0,0,0,0
1680679478632775911,0,0,0,0
1680679478634731508,0,0,0,0
1680679478636738213,0,0,0,0
1680679478638653946,0,0,0,0
1680679478640630518,0,0,0,0
1680679478642548604,0,0,0,0
1680679478644546580,0,0,0,0
1680679478646467682,0,0,0,0
1680679478648385202,0,0,0,0
1680679478650346829,0,0,0,0
1680679478652278308,0,0,0,0
1680679478654281601,0,0,0,0
1680679478656197402,0,0,0,0
1680679478658189767,0,0,0,0
1680679478660098220,0,0,0,0
1680679478662028059,0,0,0,0
1680679478663978149,0,0,0,0
1680679478665806891,0,0,0,0
1680679478667801546,0,0,0,0
1680679478669728745,0,0,0,0
1680679478671662275,0,0,0,0
1680679478673604796,0,0,0,0
1680679478675618595,0,0,0,0
1680679478677539477,0,0,0,0
1680679478679574440,0,0,0,0
1680679478681431561,0,0,0,0
1680679478683212648,0,0,0,0
1680679478685082529,0,0,0,0
1680679478686919065,0,0,0,0
1680679478688812401,0,0,0,0
1680679478690730583,0,0,0,0
1680679478692651278,0,0,0,0
1680679478694664798,0,0,0,0
1680679478696633231,0,0,0,0
1680679478698598303,0,0,0,0
1680679478700470486,0,0,0,0
1680679478702394732,0,0,0,0
1680679478704302379,0,0,0,0
1680679478706148066,0,0,0,0
1680679478708076800,0,0,0,0
1680679478710133697,0,0,0,0
1680679478712028671,0,0,0,0
1680679478714069081,0,0,0,0
1680679478716000824,0,0,0,0
1680679478717975192,0,0,0,0
1680679478719872844,0,0,0,0
1680679478721813056,0,0,0,0
1680679478723807045,0,0,0,0
1680679478725662643,0,0,0,0
1680679478727615161,0,0,0,0
1680679478729432552,0,0,0,0
1680679478731249780,0,0,0,0
1680679478733139367,0,0,0,0
1680679478735020406,0,0,0,0
1680679478737024871,0,0,0,0
1680679478739032797,0,0,0,0
1680679478740981447,0,0,0,0
1680679478742922730,0,0,0,0
1680679478744779412,0,0,0,0
1680679478746605236,0,0,0,0
1680679478748530762,0,0,0,0
1680679478750413547,0,0,0,0
1680679478752248168,0,0,0,0
1680679478754267358,0,0,0,0
1680679478756244928,0,0,0,0
1680679478758245093,0,0,0,0
1680679478760131559,0,0,0,0
1680679478762099511,0,0,0,0
1680679478763985591,0,0,0,0
1680679478765882808,0,0,0,0
1680679478767691065,0,0,0,0
1680679478769614629,0,0,0,0
1680679478771474061,0,0,0,0
1680679478773381796,0,0,0,0
1680679478775132916,0,0,0,0
1680679478776875910,0,0,0,0
1680679478778613041,0,0,0,0
1680679478780372758,0,0,0,0
1680679478782140289,0,0,0,0
1680679478783869266,0,0,0,0
1680679478785880189,0,0,0,0
1680679478787945255,0,0,0,0
1680679478789656186,0,0,0,0
1680679478791403928,0,0,0,0
1680679478793258198,0,0,0,0
1680679478795301661,0,0,0,0
1680679478797174197,0,0,0,0
1680679478799206861,0,0,0,0
1680679478801178847,0,0,0,0
1680679478803035742,0,0,0,0
1680679478804915360,0,0,0,0
1680679478806726873,0,0,0,0
1680679478808673739,0,0,0,0
1680679478810487054,0,0,0,0
1680679478812324195,0,0,0,0
1680679478814281823,0,0,0,0
1680679478816225267,0,0,0,0
1680679478818217115,0,0,0,0
1680679478820152753,0,0,0,0
1680679478822146192,0,0,0,0
1680679478824039059,0,0,0,0
1680679478826080125,0,0,0,0
1680679478828014870,0,0,0,0
1680679478829896239,0,0,0,0
1680679478831818370,0,0,0,0
1680679478833664442,0,0,0,0
1680679478835467515,0,0,0,0
1680679478837347711,0,0,0,0
1680679478839194649,0,0,0,0
1680679478841200337,0,0,0,0
1680679478842988620,0,0,0,0
1680679478844791618,0,0,0,0
1680679478846740385,0,0,0,0
1680679478848604716,0,0,0,0
1680679478850533949,0,0,0,0
1680679478852409856,0,0,0,0
1680679478854333955,0,0,0,0
1680679478856221328,0,0,0,0
1680679478858087727,0,0,0,0
1680679478860123867,0,0,0,0
1680679478862105182,0,0,0,0
1680679478863996153,0,0,0,0
1680679478865929353,0,0,0,0
1680679478867855265,0,0,0,0
1680679478869763898,0,0,0,0
1680679478871555456,0,0,0,0
1680679478873533791,0,0,0,0
1680679478875438585,0,0,0,0
1680679478877289453,0,0,0,0
1680679478879342645,0,0,0,0
1680679478881279238,0,0,0,0
1680679478883233320,0,0,0,0
1680679478885152787,0,0,0,0
1680679478887977124,0,0,0,0
1680679478889963607,0,0,0,0
1680679478891913960,0,0,0,0
1680679478893877643,0,0,0,0
1680679478895875016,0,0,0,0
1680679478897844099,0,0,0,0
1680679478899803948,0,0,0,0
1680679478901755683,0,0,0,0
1680679478903637813,0,0,0,0
1680679478905513682,0,0,0,0
1680679478907444885,0,0,0,0
1680679478909329338,0,0,0,0
1680679478911248810,0,0,0,0
1680679478913167793,0,0,0,0
1680679478915170974,0,0,0,0
1680679478917091811,0,0,0,0
1680679478919024510,0,0,0,0
1680679478920973967,0,0,0,0
1680679478922871694,0,0,0,0
1680679478924723445,0,0,0,0
1680679478926641174,0,0,0,0
1680679478928562360,0,0,0,0
1680679478930498076,0,0,0,0
1680679478932415895,0,0,0,0
1680679478934368535,0,0,0,0
1680679478936322390,0,0,0,0
1680679478939190127,0,0,0,0
1680679478941218329,0,0,0,0
1680679478943328203,0,0,0,0
1680679479017145204,0,0,0,0
1680679479087904939,0,0,0,0
1680679479089899884,0,0,0,0
1680679479091854625,0,0,0,0
1680679479093844409,0,0,0,0
1680679479095858088,0,0,0,0
1680679479097822955,0,0,0,0
1680679479099486941,0,0,0,0
1680679479101222863,0,0,0,0
1680679479102908987,0,0,0,0
1680679479104771771,0,0,0,0
1680679479106540302,0,0,0,0
1680679479108407220,0,0,0,0
1680679479110273710,0,0,0,0
1680679479112215180,0,0,0,0
1680679479114154846,0,0,0,0
1680679479116004502,0,0,0,0
1680679479117947440,0,0,0,0
1680679479119940945,0,0,0,0
1680679479121883219,0,0,0,0
1680679479123842873,0,0,0,0
1680679479125710753,0,0,0,0
1680679479127539261,0,0,0,0
1680679479129382007,0,0,0,0
1680679479131218152,0,0,0,0
1680679479133158899,0,0,0,0
1680679479135107545,0,0,0,0
1680679479136983715,0,0,0,0
1680679479138955997,0,0,0,0
1680679479140875734,0,0,0,0
1680679479142749945,0,0,0,0
1680679479144603231,0,0,0,0
1680679479146423953,0,0,0,0
1680679479148342396,0,0,0,0
1680679479150238688,0,0,0,0
1680679479152068335,0,0,0,0
1680679479154007966,0,0,0,0
1680679479155876080,0,0,0,0
1680679479157829956,0,0,0,0
1680679479159786484,0,0,0,0
1680679479161657650,0,0,0,0
1680679479163650448,0,0,0,0
1680679479165559526,0,0,0,0
1680679479167551205,0,0,0,0
1680679479169369265,0,0,0,0
1680679479171236104,0,0,0,0
1680679479173098015,0,0,0,0
1680679479175025565,0,0,0,0
1680679479176931631,0,0,0,0
1680679479178758813,0,0,0,0
1680679479180554090,0,0,0,0
1680679479182550321,0,0,0,0
1680679479184480046,0,0,0,0
1680679479186491473,0,0,0,0
1680679479188404775,0,0,0,0
1680679479190454962,0,0,0,0
1680679479192339868,0,0,0,0
1680679479194312490,0,0,0,0
1680679479196148005,0,0,0,0
1680679479198085011,0,0,0,0
1680679479200078201,0,0,0,0
1680679479201955174,0,0,0,0
1680679479203893648,0,0,0,0
1680679479205753982,0,0,0,0
1680679479207674365,0,0,0,0
1680679479209571458,0,0,0,0
1680679479211518812,0,0,0,0
1680679479213347610,0,0,0,0
1680679479215227244,0,0,0,0
1680679479217192387,0,0,0,0
1680679479219007077,0,0,0,0
1680679479220864262,0,0,0,0
1680679479222729362,0,0,0,0
1680679479224685209,0,0,0,0
1680679479226585137,0,0,0,0
1680679479228529501,0,0,0,0
1680679479230553658,0,0,0,0
1680679479232472015,0,0,0,0
1680679479234463202,0,0,0,0
1680679479236360136,0,0,0,0
1680679479238312338,0,0,0,0
1680679479240306149,0,0,0,0
1680679479242237143,0,0,0,0
1680679479244139697,0,0,0,0
1680679479246038219,0,0,0,0
1680679479247942389,0,0,0,0
1680679479249878891,0,0,0,0
1680679479251766766,0,0,0,0
1680679479253713923,0,0,0,0
1680679479255680646,0,0,0,0
1680679479257587659,0,0,0,0
1680679479259569854,0,0,0,0
1680679479261420736,0,0,0,0
1680679479263290306,0,0,0,0
1680679479265139344,0,0,0,0
1680679479267110906,0,0,0,0
1680679479268956050,0,0,0,0
1680679479270722108,0,0,0,0
1680679479272589147,0,0,0,0
1680679479274499488,0,0,0,0
1680679479276484296,0,0,0,0
1680679479278367242,0,0,0,0
1680679479280335217,0,0,0,0
1680679479282256764,0,0,0,0
1680679479284148869,0,0,0,0
1680679479286116367,0,0,0,0
1680679479288031145,0,0,0,0
1680679479290041788,0,0,0,0
1680679479291948014,0,0,0,0
1680679479293913316,0,0,0,0
1680679479295785610,0,0,0,0
1680679479297776968,0,0,0,0
1680679479299664159,0,0,0,0
1680679479301674336,0,0,0,0
1680679479303622575,0,0,0,0
1680679479305457030,0,0,0,0
1680679479307237598,0,0,0,0
1680679479309116576,0,0,0,0
1680679479310896830,0,0,0,0
1680679479312814256,0,0,0,0
1680679479314705507,0,0,0,0
1680679479316617088,0,0,0,0
1680679479318594107,0,0,0,0
1680679479320566595,0,0,0,0
1680679479322527363,0,0,0,0
1680679479324512208,0,0,0,0
1680679479326370119,0,0,0,0
1680679479328327705,0,0,0,0
1680679479330197431,0,0,0,0
1680679479332149032,0,0,0,0
1680679479334078285,0,0,0,0
1680679479336085190,0,0,0,0
1680679479338100101,0,0,0,0
1680679479340034592,0,0,0,0
1680679479341892097,0,0,0,0
1680679479343833515,0,0,0,0
1680679479345817658,0,0,0,0
1680679479347709344,0,0,0,0
1680679479349647766,0,0,0,0
1680679479351497839,0,0,0,0
1680679479353389605,0,0,0,0
1680679479355324069,0,0,0,0
1680679479357125589,0,0,0,0
1680679479359083119,0,0,0,0
1680679479361054816,0,0,0,0
1680679479363046396,0,0,0,0
1680679479364936007,0,0,0,0
1680679479366792208,0,0,0,0
1680679479368772759,0,0,0,0
1680679479370654065,0,0,0,0
1680679479372515275,0,0,0,0
1680679479374485537,0,0,0,0
1680679479376323058,0,0,0,0
1680679479378268437,0,0,0,0
1680679479380173887,0,0,0,0
1680679479382167018,0,0,0,0
1680679479384101659,0,0,0,0
1680679479386100348,0,0,0,0
1680679479387963540,0,0,0,0
1680679479389958258,0,0,0,0
1680679479391831573,0,0,0,0
1680679479393634442,0,0,0,0
1680679479395575032,0,0,0,0
1680679479397405414,0,0,0,0
1680679479399312206,0,0,0,0
1680679479401207397,0,0,0,0
1680679479403123520,0,0,0,0
1680679479404986746,0,0,0,0
1680679479406972601,0,0,0,0
1680679479408809654,0,0,0,0
1680679479410745973,0,0,0,0
1680679479412675761,0,0,0,0
1680679479414555913,0,0,0,0
1680679479416511291,0,0,0,0
1680679479418419965,0,0,0,0
1680679479420254831,0,0,0,0
1680679479422246041,0,0,0,0
1680679479424142763,0,0,0,0
1680679479426108277,0,0,0,0
1680679479428106565,0,0,0,0
1680679479430008566,0,0,0,0
1680679479431962445,0,0,0,0
1680679479433786476,0,0,0,0
1680679479435746521,0,0,0,0
1680679479437639470,0,0,0,0
1680679479439392260,0,0,0,0
1680679479441292493,0,0,0,0
1680679479443105445,0,0,0,0
1680679479444934082,0,0,0,0
1680679479446906540,0,0,0,0
1680679479448808686,0,0,0,0
1680679479450797021,0,0,0,0
1680679479452696698,0,0,0,0
1680679479454626968,0,0,0,0
1680679479456528269,0,0,0,0
1680679479458499275,0,0,0,0
1680679479460397339,0,0,0,0
1680679479462249269,0,0,0,0
1680679479464242920,0,0,0,0
1680679479466190365,0,0,0,0
1680679479468135746,0,0,0,0
1680679479470062454,0,0,0,0
1680679479472168564,0,0,0,0
1680679479474133772,0,0,0,0
1680679479476018362,0,0,0,0
1680679479478057543,0,0,0,0
1680679479479980602,0,0,0,0
1680679479481910962,0,0,0,0
1680679479483929203,0,0,0,0
1680679479485829341,0,0,0,0
1680679479487731167,0,0,0,0
1680679479489701717,0,0,0,0
1680679479491651091,0,0,0,0
1680679479493537473,0,0,0,0
1680679479495542995,0,0,0,0
1680679479497374170,0,0,0,0
1680679479499280720,0,0,0,0
1680679479501108331,0,0,0,0
1680679479502889422,0,0,0,0
1680679479504816023,0,0,0,0
1680679479506709403,0,0,0,0
1680679479508737875,0,0,0,0
1680679479510631983,0,0,0,0
1680679479512590425,0,0,0,0
1680679479514507195,0,0,0,0
1680679479516503029,0,0,0,0
1680679479518341984,0,0,0,0
1680679479520308486,0,0,0,0
1680679479522173488,0,0,0,0
1680679479524032051,0,0,0,0
1680679479525934504,0,0,0,0
1680679479527853004,0,0,0,0
1680679479529655142,0,0,0,0
1680679479531557180,0,0,0,0
1680679479533397348,0,0,0,0
1680679479535343018,0,0,0,0
1680679479537180152,0,0,0,0
1680679479539094494,0,0,0,0
1680679479540973229,0,0,0,0
1680679479542905026,0,0,0,0
1680679479544803196,0,0,0,0
1680679479546705722,0,0,0,0
1680679479548678681,0,0,0,0
1680679479550555151,0,0,0,0
1680679479552517741,0,0,0,0
1680679479554402908,0,0,0,0
1680679479556415674,0,0,0,0
1680679479558365636,0,0,0,0
1680679479560334802,0,0,0,0
1680679479562270224,0,0,0,0
1680679479564236023,0,0,0,0
1680679479566133320,0,0,0,0
1680679479568166367,0,0,0,0
1680679479570106573,0,0,0,0
1680679479572014025,0,0,0,0
1680679479573834729,0,0,0,0
1680679479575828824,0,0,0,0
1680679479577728697,0,0,0,0
1680679479579578340,0,0,0,0
1680679479581414558,0,0,0,0
1680679479583288581,0,0,0,0
1680679479585093266,0,0,0,0
1680679479587048245,0,0,0,0
1680679479588865837,0,0,0,0
1680679479590767988,0,0,0,0
1680679479592682609,0,0,0,0
1680679479594614884,0,0,0,0
1680679479596632246,0,0,0,0
1680679479598691321,0,0,0,0
1680679479600587923,0,0,0,0
1680679479602547545,0,0,0,0
1680679479604358931,0,0,0,0
1680679479606239928,0,0,0,0
1680679479608136103,0,0,0,0
1680679479610102041,0,0,0,0
1680679479612073416,0,0,0,0
1680679479614012331,0,0,0,0
1680679479616020596,0,0,0,0
1680679479618017686,0,0,0,0
1680679479619943012,0,0,0,0
1680679479621969715,0,0,0,0
1680679479623942283,0,0,0,0
1680679479625761007,0,0,0,0
1680679479627649365,0,0,0,0
1680679479629447195,0,0,0,0
1680679479631225828,0,0,0,0
1680679479633024654,0,0,0,0
1680679479635021853,0,0,0,0
1680679479636889994,0,0,0,0
1680679479638724963,0,0,0,0
1680679479640608969,0,0,0,0
1680679479642537069,0,0,0,0
1680679479644487703,0,0,0,0
1680679479646462313,0,0,0,0
1680679479648327523,0,0,0,0
1680679479650208953,0,0,0,0
1680679479652077335,0,0,0,0
1680679479653972553,0,0,0,0
1680679479655836450,0,0,0,0
1680679479657835578,0,0,0,0
1680679479659744003,0,0,0,0
1680679479661825306,0,0,0,0
1680679479663785920,0,0,0,0
1680679479665707630,0,0,0,0
1680679479667677104,0,0,0,0
1680679479669544119,0,0,0,0
1680679479671508680,0,0,0,0
1680679479673322535,0,0,0,0
1680679479675231841,0,0,0,0
1680679479677138543,0,0,0,0
1680679479678975300,0,0,0,0
1680679479680898611,0,0,0,0
1680679479682785837,0,0,0,0
1680679479684762503,0,0,0,0
1680679479686719317,0,0,0,0
1680679479688553431,0,0,0,0
1680679479690510895,0,0,0,0
1680679479692363867,0,0,0,0
1680679479694323453,0,0,0,0
1680679479696186880,0,0,0,0
1680679479698189114,0,0,0,0
1680679479700145964,0,0,0,0
1680679479702167714,0,0,0,0
1680679479704083471,0,0,0,0
1680679479706073911,0,0,0,0
1680679479708066317,0,0,0,0
1680679479709931823,0,0,0,0
1680679479711850998,0,0,0,0
1680679479713698740,0,0,0,0
1680679479715508941,0,0,0,0
1680679479717352368,0,0,0,0
1680679479719134892,0,0,0,0
1680679479721065815,0,0,0,0
1680679479722979786,0,0,0,0
1680679479724895392,0,0,0,0
1680679479726788011,0,0,0,0
1680679479728760479,0,0,0,0
1680679479730650598,0,0,0,0
1680679479732618692,0,0,0,0
1680679479734545242,0,0,0,0
1680679479736571344,0,0,0,0
1680679479738522475,0,0,0,0
1680679479740481121,0,0,0,0
1680679479742395875,0,0,0,0
1680679479744371289,0,0,0,0
1680679479746211255,0,0,0,0
1680679479748153034,0,0,0,0
1680679479750007427,0,0,0,0
1680679479751911477,0,0,0,0
1680679479753887564,0,0,0,0
1680679479755778618,0,0,0,0
1680679479757701032,0,0,0,0
1680679479759575523,0,0,0,0
1680679479761559157,0,0,0,0
1680679479763566271,0,0,0,0
1680679479765370336,0,0,0,0
1680679479767280941,0,0,0,0
1680679479769098373,0,0,0,0
1680679479770945548,0,0,0,0
1680679479772809729,0,0,0,0
1680679479774778570,0,0,0,0
1680679479776698276,0,0,0,0
1680679479778732519,0,0,0,0
1680679479780650134,0,0,0,0
1680679479782714968,0,0,0,0
1680679479784656490,0,0,0,0
1680679479786631997,0,0,0,0
1680679479788581999,0,0,0,0
1680679479790466869,0,0,0,0
1680679479792372843,0,0,0,0
1680679479794362793,0,0,0,0
1680679479796260351,0,0,0,0
1680679479798251378,0,0,0,0
1680679479800159748,0,0,0,0
1680679479802155618,0,0,0,0
1680679479804080869,0,0,0,0
1680679479805986116,0,0,0,0
1680679479807945176,0,0,0,0
1680679479809819998,0,0,0,0
1680679479811711824,0,0,0,0
1680679479813603806,0,0,0,0
1680679479815589476,0,0,0,0
1680679479817545351,0,0,0,0
1680679479819509397,0,0,0,0
1680679479821575179,0,0,0,0
1680679479823459306,0,0,0,0
1680679479825369892,0,0,0,0
1680679479827106223,0,0,0,0
1680679479828855439,0,0,0,0
1680679479830617484,0,0,0,0
1680679479832385588,0,0,0,0
1680679479834314129,0,0,0,0
1680679479836142831,0,0,0,0
1680679479838120179,0,0,0,0
1680679479840106218,0,0,0,0
1680679479842047219,0,0,0,0
1680679479843995743,0,0,0,0
1680679479845931726,0,0,0,0
1680679479847869404,0,0,0,0
1680679479849690578,0,0,0,0
1680679479851632090,0,0,0,0
1680679479853432588,0,0,0,0
1680679479855363506,0,0,0,0
1680679479857131529,0,0,0,0
1680679479859058655,0,0,0,0
1680679479860902885,0,0,0,0
1680679479862846516,0,0,0,0
1680679479864764022,0,0,0,0
1680679479866670080,0,0,0,0
1680679479868568506,0,0,0,0
1680679479870531396,0,0,0,0
1680679479872431563,0,0,0,0
1680679479874409288,0,0,0,0
1680679479876397054,0,0,0,0
1680679479878330517,0,0,0,0
1680679479880300112,0,0,0,0
1680679479882181427,0,0,0,0
1680679479884159504,0,0,0,0
1680679479886059192,0,0,0,0
1680679479888022276,0,0,0,0
1680679479889916758,0,0,0,0
1680679479891875185,0,0,0,0
1680679479893723650,0,0,0,0
1680679479895645261,0,0,0,0
1680679479897563823,0,0,0,0
1680679479899535348,0,0,0,0
1680679479901363178,0,0,0,0
1680679479903147028,0,0,0,0
1680679479905070811,0,0,0,0
1680679479906966261,0,0,0,0
1680679479908814765,0,0,0,0
1680679479910717180,0,0,0,0
1680679479912571979,0,0,0,0
1680679479914605245,0,0,0,0
1680679479916600479,0,0,0,0
1680679479918460490,0,0,0,0
1680679479920411046,0,0,0,0
1680679479922295641,0,0,0,0
1680679479924285204,0,0,0,0
1680679479926216462,0,0,0,0
1680679479928210916,0,0,0,0
1680679479930120086,0,0,0,0
1680679479932092112,0,0,0,0
1680679479933988535,0,0,0,0
1680679479935853141,0,0,0,0
1680679479937905811,0,0,0,0
1680679479939749091,0,0,0,0
1680679479941669248,0,0,0,0
1680679479943500828,0,0,0,0
1680679479945275967,0,0,0,0
1680679479947158540,0,0,0,0
1680679479948954928,0,0,0,0
1680679479950763468,0,0,0,0
1680679479952644754,0,0,0,0
1680679479954655624,0,0,0,0
1680679479956592799,0,0,0,0
1680679479958524836,0,0,0,0
1680679479960528579,0,0,0,0
1680679479962511273,0,0,0,0
1680679479964436864,0,0,0,0
1680679479966392038,0,0,0,0
1680679479968394808,0,0,0,0
1680679479970273694,0,0,0,0
1680679479972243180,0,0,0,0
1680679479974130766,0,0,0,0
1680679479975998344,0,0,0,0
1680679479977952818,0,0,0,0
1680679479979926481,0,0,0,0
1680679479981815859,0,0,0,0
1680679479983800469,0,0,0,0
1680679479985685624,0,0,0,0
1680679479987640685,0,0,0,0
1680679479989551908,0,0,0,0
1680679479991531798,0,0,0,0
1680679479993338174,0,0,0,0
1680679479995247866,0,0,0,0
1680679479997072306,0,0,0,0
1680679479998978242,0,0,0,0
1680679480000807932,0,0,0,0
1680679480002789334,0,0,0,0
1680679480004763580,0,0,0,0
1680679480006638706,0,0,0,0
1680679480008607932,0,0,0,0
1680679480010549819,0,0,0,0
1680679480012521057,0,0,0,0
1680679480014511084,0,0,0,0
1680679480016414702,0,0,0,0
1680679480018389496,0,0,0,0
1680679480020349706,0,0,0,0
1680679480022229396,0,0,0,0
1680679480024305679,0,0,0,0
1680679480026200647,0,0,0,0
1680679480028113067,0,0,0,0
1680679480030109059,0,0,0,0
1680679480032075367,0,0,0,0
1680679480034011050,0,0,0,0
1680679480035964815,0,0,0,0
1680679480037793794,0,0,0,0
1680679480039721656,0,0,0,0
1680679480041661653,0,0,0,0
1680679480043502224,0,0,0,0
1680679480045400154,0,0,0,0
1680679480047242161,0,0,0,0
1680679480049101947,0,0,0,0
1680679480050991932,0,0,0,0
1680679480052926565,0,0,0,0
1680679480054883095,0,0,0,0
1680679480056806326,0,0,0,0
1680679480058690552,0,0,0,0
1680679480060546147,0,0,0,0
1680679480062575821,0,0,0,0
1680679480064543271,0,0,0,0
1680679480066490017,0,0,0,0
1680679480068478440,0,0,0,0
1680679480070440614,0,0,0,0
1680679480072361376,0,0,0,0
1680679480074375475,0,0,0,0
1680679480076315649,0,0,0,0
1680679480078241875,0,0,0,0
1680679480080221410,0,0,0,0
1680679480082160447,0,0,0,0
1680679480084100286,0,0,0,0
1680679480086069156,0,0,0,0
1680679480087986270,0,0,0,0
1680679480089880476,0,0,0,0
1680679480091766918,0,0,0,0
1680679480093639748,0,0,0,0
1680679480095604603,0,0,0,0
1680679480097532915,0,0,0,0
1680679480099466748,0,0,0,0
1680679480101326436,0,0,0,0
1680679480103186155,0,0,0,0
1680679480105075264,0,0,0,0
1680679480106822349,0,0,0,0
1680679480108610828,0,0,0,0
1680679480110420188,0,0,0,0
1680679480112142210,0,0,0,0
1680679480113874395,0,0,0,0
1680679480115591733,0,0,0,0
1680679480117335236,0,0,0,0
1680679480119166838,0,0,0,0
1680679480121100886,0,0,0,0
1680679480122922538,0,0,0,0
1680679480124785727,0,0,0,0
1680679480126679886,0,0,0,0
1680679480128493659,0,0,0,0
1680679480130275566,0,0,0,0
1680679480132024512,0,0,0,0
1680679480133944803,0,0,0,0
1680679480135678531,0,0,0,0
1680679480137431261,0,0,0,0
1680679480139153325,0,0,0,0
1680679480141045316,0,0,0,0
1680679480142942474,0,0,0,0
1680679480144809984,0,0,0,0
1680679480146835056,0,0,0,0
1680679480148584836,0,0,0,0
1680679480150338837,0,0,0,0
1680679480152084900,0,0,0,0
1680679480153821352,0,0,0,0
1680679480155539870,0,0,0,0
1680679480157272620,0,0,0,0
1680679480159042989,0,0,0,0
1680679480160729821,0,0,0,0
1680679480162534884,0,0,0,0
1680679480164408390,0,0,0,0
1680679480166161375,0,0,0,0
1680679480167915815,0,0,0,0
1680679480169670400,0,0,0,0
1680679480171420092,0,0,0,0
1680679480173193204,0,0,0,0
1680679480174919812,0,0,0,0
1680679480176648869,0,0,0,0
1680679480178400813,0,0,0,0
1680679480180243967,0,0,0,0
1680679480181965512,0,0,0,0
1680679480183702054,0,0,0,0
1680679480185468452,0,0,0,0
1680679480187178449,0,0,0,0
1680679480188892270,0,0,0,0
1680679480190605189,0,0,0,0
1680679480192327528,0,0,0,0
1680679480194204525,0,0,0,0
1680679480196081247,0,0,0,0
1680679480198047668,0,0,0,0
1680679480199998349,0,0,0,0
1680679480201894909,0,0,0,0
1680679480203816932,0,0,0,0
1680679480205692665,0,0,0,0
1680679480207776158,0,0,0,0
1680679480209653910,0,0,0,0
1680679480211523996,0,0,0,0
1680679480213389986,0,0,0,0
1680679480215276341,0,0,0,0
1680679480217233826,0,0,0,0
1680679480219129901,0,0,0,0
1680679480221018935,0,0,0,0
1680679480222894534,0,0,0,0
1680679480224841477,0,0,0,0
1680679480226747568,0,0,0,0
1680679480228641929,0,0,0,0
1680679480230558476,0,0,0,0
1680679480232474430,0,0,0,0
1680679480234394140,0,0,0,0
1680679480236308701,0,0,0,0
1680679480238324317,0,0,0,0
1680679480240244345,0,0,0,0
1680679480242125278,0,0,0,0
1680679480244004006,0,0,0,0
1680679480245877819,0,0,0,0
1680679480247749888,0,0,0,0
1680679480249620237,0,0,0,0
1680679480251489625,0,0,0,0
1680679480253528048,0,0,0,0
1680679480255376111,0,0,0,0
1680679480257348290,0,0,0,0
1680679480328839650,0,0,0,0
1680679480397941168,0,0,0,0
1680679480399949094,0,0,0,0
1680679480401912798,0,0,0,0
1680679480403965747,0,0,0,0
1680679480405990345,0,0,0,0
1680679480407989178,0,0,0,0
1680679480409777039,0,0,0,0
1680679480411646485,0,0,0,0
1680679480413403898,0,0,0,0
1680679480415140843,0,0,0,0
1680679480416918936,0,0,0,0
1680679480418784914,0,0,0,0
1680679480420801413,0,0,0,0
1680679480422745951,0,0,0,0
1680679480424623451,0,0,0,0
1680679480426591652,0,0,0,0
1680679480428453569,0,0,0,0
1680679480430445755,0,0,0,0
1680679480432299551,0,0,0,0
1680679480434195802,0,0,0,0
1680679480436192858,0,0,0,0
1680679480438109528,0,0,0,0
1680679480440108681,0,0,0,0
1680679480441957745,0,0,0,0
1680679480443929493,0,0,0,0
1680679480445782519,0,0,0,0
1680679480447733985,0,0,0,0
1680679480449587678,0,0,0,0
1680679480451417799,0,0,0,0
1680679480453307488,0,0,0,0
1680679480455044262,0,0,0,0
1680679480456812708,0,0,0,0
1680679480458665033,0,0,0,0
1680679480460583079,0,0,0,0
1680679480462462280,0,0,0,0
1680679480464387344,0,0,0,0
1680679480466286342,0,0,0,0
1680679480468248060,0,0,0,0
1680679480470187637,0,0,0,0
1680679480472144168,0,0,0,0
1680679480473953978,0,0,0,0
1680679480475886849,0,0,0,0
1680679480477763710,0,0,0,0
1680679480479755769,0,0,0,0
1680679480481576086,0,0,0,0
1680679480483695482,0,0,0,0
1680679480485662392,0,0,0,0
1680679480487630026,0,0,0,0
1680679480489546324,0,0,0,0
1680679480491559198,0,0,0,0
1680679480493443838,0,0,0,0
1680679480495238139,0,0,0,0
1680679480497141332,0,0,0,0
1680679480498960043,0,0,0,0
1680679480500828602,0,0,0,0
1680679480502696299,0,0,0,0
1680679480504761957,0,0,0,0
1680679480506669375,0,0,0,0
1680679480508627561,0,0,0,0
1680679480510564964,0,0,0,0
1680679480512486754,0,0,0,0
1680679480514469016,0,0,0,0
1680679480516335798,0,0,0,0
1680679480518336476,0,0,0,0
1680679480520263110,0,0,0,0
1680679480522158585,0,0,0,0
1680679480524131157,0,0,0,0
1680679480526068349,0,0,0,0
1680679480527977056,0,0,0,0
1680679480529940042,0,0,0,0
1680679480531805083,0,0,0,0
1680679480533777702,0,0,0,0
1680679480535696052,0,0,0,0
1680679480537537381,0,0,0,0
1680679480539507980,0,0,0,0
1680679480541383704,0,0,0,0
1680679480543155419,0,0,0,0
1680679480544992881,0,0,0,0
1680679480546872640,0,0,0,0
1680679480548805322,0,0,0,0
1680679480550665476,0,0,0,0
1680679480552610700,0,0,0,0
1680679480554487086,0,0,0,0
1680679480556449430,0,0,0,0
1680679480558396932,0,0,0,0
1680679480560373350,0,0,0,0
1680679480562280318,0,0,0,0
1680679480564269431,0,0,0,0
1680679480566114659,0,0,0,0
1680679480568011107,0,0,0,0
1680679480569914315,0,0,0,0
1680679480571775919,0,0,0,0
1680679480573672887,0,0,0,0
1680679480575569053,0,0,0,0
1680679480577399291,0,0,0,0
1680679480579219327,0,0,0,0
1680679480581087237,0,0,0,0
1680679480582960819,0,0,0,0
1680679480584817045,0,0,0,0
1680679480586790724,0,0,0,0
1680679480588607528,0,0,0,0
1680679480590592167,0,0,0,0
1680679480592573157,0,0,0,0
1680679480594495159,0,0,0,0
1680679480596487825,0,0,0,0
1680679480598434444,0,0,0,0
1680679480600435352,0,0,0,0
1680679480602306028,0,0,0,0
1680679480604298943,0,0,0,0
1680679480606182911,0,0,0,0
1680679480608112126,0,0,0,0
1680679480609984590,0,0,0,0
1680679480611978499,0,0,0,0
1680679480613903493,0,0,0,0
1680679480615868163,0,0,0,0
1680679480617787013,0,0,0,0
1680679480619803168,0,0,0,0
1680679480621729130,0,0,0,0
1680679480623731561,0,0,0,0
1680679480625612866,0,0,0,0
1680679480627586245,0,0,0,0
1680679480629406922,0,0,0,0
1680679480631179856,0,0,0,0
1680679480633087918,0,0,0,0
1680679480635030529,0,0,0,0
1680679480636810863,0,0,0,0
1680679480638815497,0,0,0,0
1680679480640766975,0,0,0,0
1680679480642686997,0,0,0,0
1680679480644676652,0,0,0,0
1680679480646569162,0,0,0,0
1680679480648438212,0,0,0,0
1680679480650283893,0,0,0,0
1680679480652223360,0,0,0,0
1680679480654120566,0,0,0,0
1680679480656073616,0,0,0,0
1680679480657946630,0,0,0,0
1680679480659918364,0,0,0,0
1680679480661792942,0,0,0,0
1680679480663849497,0,0,0,0
1680679480665747294,0,0,0,0
1680679480667670007,0,0,0,0
1680679480669540907,0,0,0,0
1680679480671505901,0,0,0,0
1680679480673313587,0,0,0,0
1680679480675232705,0,0,0,0
1680679480677066357,0,0,0,0
1680679480678948561,0,0,0,0
1680679480680814503,0,0,0,0
1680679480682787223,0,0,0,0
1680679480684736980,0,0,0,0
1680679480686676942,0,0,0,0
1680679480688600636,0,0,0,0
1680679480690593240,0,0,0,0
1680679480692475528,0,0,0,0
1680679480694596683,0,0,0,0
1680679480696460947,0,0,0,0
1680679480698504673,0,0,0,0
1680679480700421277,0,0,0,0
1680679480702361286,0,0,0,0
1680679480704187109,0,0,0,0
1680679480706157284,0,0,0,0
1680679480708066794,0,0,0,0
1680679480710073868,0,0,0,0
1680679480711932762,0,0,0,0
1680679480713815129,0,0,0,0
1680679480715608280,0,0,0,0
1680679480717401770,0,0,0,0
1680679480719215294,0,0,0,0
1680679480721054487,0,0,0,0
1680679480722964186,0,0,0,0
1680679480724888539,0,0,0,0
1680679480726830242,0,0,0,0
1680679480728759392,0,0,0,0
1680679480730580358,0,0,0,0
1680679480732524584,0,0,0,0
1680679480734432765,0,0,0,0
1680679480736183688,0,0,0,0
1680679480738064634,0,0,0,0
1680679480739984520,0,0,0,0
1680679480741911438,0,0,0,0
1680679480743897400,0,0,0,0
1680679480745826897,0,0,0,0
1680679480747760589,0,0,0,0
1680679480749609098,0,0,0,0
1680679480751473535,0,0,0,0
1680679480753174438,0,0,0,0
1680679480754923684,0,0,0,0
1680679480756801697,0,0,0,0
1680679480758737838,0,0,0,0
1680679480760737912,0,0,0,0
1680679480762661998,0,0,0,0
1680679480764739387,0,0,0,0
1680679480766697363,0,0,0,0
1680679480768637370,0,0,0,0
1680679480770589522,0,0,0,0
1680679480772509576,0,0,0,0
1680679480774505810,0,0,0,0
1680679480776377774,0,0,0,0
1680679480778334910,0,0,0,0
1680679480780322729,0,0,0,0
1680679480782245073,0,0,0,0
1680679480784224817,0,0,0,0
1680679480786160571,0,0,0,0
1680679480788133155,0,0,0,0
1680679480789913751,0,0,0,0
1680679480791654429,0,0,0,0
1680679480793527302,0,0,0,0
1680679480795370068,0,0,0,0
1680679480797240854,0,0,0,0
1680679480799062449,0,0,0,0
1680679480800947419,0,0,0,0
1680679480802945119,0,0,0,0
1680679480804810575,0,0,0,0
1680679480806823105,0,0,0,0
1680679480808737547,0,0,0,0
1680679480810665882,0,0,0,0
1680679480812417077,0,0,0,0
1680679480814333255,0,0,0,0
1680679480816334696,0,0,0,0
1680679480818250997,0,0,0,0
1680679480820207076,0,0,0,0
1680679480822032278,0,0,0,0
1680679480824020896,0,0,0,0
1680679480825890970,0,0,0,0
1680679480827849308,0,0,0,0
1680679480829730695,0,0,0,0
1680679480831602544,0,0,0,0
1680679480833558391,0,0,0,0
1680679480835517497,0,0,0,0
1680679480837373311,0,0,0,0
1680679480839325477,0,0,0,0
1680679480841202935,0,0,0,0
1680679480843103985,0,0,0,0
1680679480844963422,0,0,0,0
1680679480846904045,0,0,0,0
1680679480848786435,0,0,0,0
1680679480850648731,0,0,0,0
1680679480852557197,0,0,0,0
1680679480854554524,0,0,0,0
1680679480856421491,0,0,0,0
1680679480858371556,0,0,0,0
1680679480860284971,0,0,0,0
1680679480862210694,0,0,0,0
1680679480864167162,0,0,0,0
1680679480866139499,0,0,0,0
1680679480868019291,0,0,0,0
1680679480869858602,0,0,0,0
1680679480871836381,0,0,0,0
1680679480873679963,0,0,0,0
1680679480875636165,0,0,0,0
1680679480877553231,0,0,0,0
1680679480879565282,0,0,0,0
1680679480881546072,0,0,0,0
1680679480883527289,0,0,0,0
1680679480885292487,0,0,0,0
1680679480887254950,0,0,0,0
1680679480889048659,0,0,0,0
1680679480890866473,0,0,0,0
1680679480892708427,0,0,0,0
1680679480894702845,0,0,0,0
1680679480896650484,0,0,0,0
1680679480898526870,0,0,0,0
1680679480900464380,0,0,0,0
1680679480902406476,0,0,0,0
1680679480904408032,0,0,0,0
1680679480906295343,0,0,0,0
1680679480908244715,0,0,0,0
1680679480910235363,0,0,0,0
1680679480912102737,0,0,0,0
1680679480913992552,0,0,0,0
1680679480915906841,0,0,0,0
1680679480917910494,0,0,0,0
1680679480919892732,0,0,0,0
1680679480921829780,0,0,0,0
1680679480923727019,0,0,0,0
1680679480925709900,0,0,0,0
1680679480927602850,0,0,0,0
1680679480929525885,0,0,0,0
1680679480931391902,0,0,0,0
1680679480933186929,0,0,0,0
1680679480935040503,0,0,0,0
1680679480936817848,0,0,0,0
1680679480938802678,0,0,0,0
1680679480940750453,0,0,0,0
1680679480942713480,0,0,0,0
1680679480944576929,0,0,0,0
1680679480946558007,0,0,0,0
1680679480948525482,0,0,0,0
1680679480950383043,0,0,0,0
1680679480952320705,0,0,0,0
1680679480954181368,0,0,0,0
1680679480956101970,0,0,0,0
1680679480957991732,0,0,0,0
1680679480959924560,0,0,0,0
1680679480961859212,0,0,0,0
1680679480963738187,0,0,0,0
1680679480965659213,0,0,0,0
1680679480967589925,0,0,0,0
1680679480969536131,0,0,0,0
1680679480971513427,0,0,0,0
1680679480973414685,0,0,0,0
1680679480975289604,0,0,0,0
1680679480977079963,0,0,0,0
1680679480979018443,0,0,0,0
1680679480980812101,0,0,0,0
1680679480982682866,0,0,0,0
1680679480984645141,0,0,0,0
1680679480986582673,0,0,0,0
1680679480988468285,0,0,0,0
1680679480990486747,0,0,0,0
1680679480992409237,0,0,0,0
1680679480994340330,0,0,0,0
1680679480996304158,0,0,0,0
1680679480998191525,0,0,0,0
1680679481000123382,0,0,0,0
1680679481002106335,0,0,0,0
1680679481004060255,0,0,0,0
1680679481005927352,0,0,0,0
1680679481007758566,0,0,0,0
1680679481009678241,0,0,0,0
1680679481011562703,0,0,0,0
1680679481013384124,0,0,0,0
1680679481015202959,0,0,0,0
1680679481017080352,0,0,0,0
1680679481018963309,0,0,0,0
1680679481020796635,0,0,0,0
1680679481022715155,0,0,0,0
1680679481024635307,0,0,0,0
1680679481026655068,0,0,0,0
1680679481028533558,0,0,0,0
1680679481030417831,0,0,0,0
1680679481032381912,0,0,0,0
1680679481034303256,0,0,0,0
1680679481036292704,0,0,0,0
1680679481038292885,0,0,0,0
1680679481040330439,0,0,0,0
1680679481042286033,0,0,0,0
1680679481044253264,0,0,0,0
1680679481046243983,0,0,0,0
1680679481048125171,0,0,0,0
1680679481050108090,0,0,0,0
1680679481051969197,0,0,0,0
1680679481053830720,0,0,0,0
1680679481055732726,0,0,0,0
1680679481057638314,0,0,0,0
1680679481059635772,0,0,0,0
1680679481061616894,0,0,0,0
1680679481063580451,0,0,0,0
1680679481065440226,0,0,0,0
1680679481067421641,0,0,0,0
1680679481069208878,0,0,0,0
1680679481070945924,0,0,0,0
1680679481072826597,0,0,0,0
1680679481074621126,0,0,0,0
1680679481076581526,0,0,0,0
1680679481078521217,0,0,0,0
1680679481080507778,0,0,0,0
1680679481082456631,0,0,0,0
1680679481084420117,0,0,0,0
1680679481086395644,0,0,0,0
1680679481088301699,0,0,0,0
1680679481090279098,0,0,0,0
1680679481092252542,0,0,0,0
1680679481094148927,0,0,0,0
1680679481096102815,0,0,0,0
1680679481098032759,0,0,0,0
1680679481099921167,0,0,0,0
1680679481101950555,0,0,0,0
1680679481103796829,0,0,0,0
1680679481105675625,0,0,0,0
1680679481107671072,0,0,0,0
1680679481109447617,0,0,0,0
1680679481111375104,0,0,0,0
1680679481113225431,0,0,0,0
1680679481115154814,0,0,0,0
1680679481116978351,0,0,0,0
1680679481118902708,0,0,0,0
1680679481120816463,0,0,0,0
1680679481122659862,0,0,0,0
1680679481124703580,0,0,0,0
1680679481126688891,0,0,0,0
1680679481128555058,0,0,0,0
1680679481130533218,0,0,0,0
1680679481132415111,0,0,0,0
1680679481134411255,0,0,0,0
1680679481136409431,0,0,0,0
1680679481138395710,0,0,0,0
1680679481140385078,0,0,0,0
1680679481142385083,0,0,0,0
1680679481144257827,0,0,0,0
1680679481146245615,0,0,0,0
1680679481148114963,0,0,0,0
1680679481150072093,0,0,0,0
1680679481151966615,0,0,0,0
1680679481153951320,0,0,0,0
1680679481155834580,0,0,0,0
1680679481157805314,0,0,0,0
1680679481159721158,0,0,0,0
1680679481161664174,0,0,0,0
1680679481163662985,0,0,0,0
1680679481165627499,0,0,0,0
1680679481167667491,0,0,0,0
1680679481169570017,0,0,0,0
1680679481171548585,0,0,0,0
1680679481173346916,0,0,0,0
1680679481175274088,0,0,0,0
1680679481177100863,0,0,0,0
1680679481179063167,0,0,0,0
1680679481180909840,0,0,0,0
1680679481182868427,0,0,0,0
1680679481184798248,0,0,0,0
1680679481186754824,0,0,0,0
1680679481188680084,0,0,0,0
1680679481190595740,0,0,0,0
1680679481192520352,0,0,0,0
1680679481194469709,0,0,0,0
1680679481196441055,0,0,0,0
1680679481198301443,0,0,0,0
1680679481200302381,0,0,0,0
1680679481202184596,0,0,0,0
1680679481204098258,0,0,0,0
1680679481206195028,0,0,0,0
1680679481208170855,0,0,0,0
1680679481210100701,0,0,0,0
1680679481211991043,0,0,0,0
1680679481213979632,0,0,0,0
1680679481215842515,0,0,0,0
1680679481217751043,0,0,0,0
1680679481219673830,0,0,0,0
1680679481221549660,0,0,0,0
1680679481223414280,0,0,0,0
1680679481225157993,0,0,0,0
1680679481227040595,0,0,0,0
1680679481228920137,0,0,0,0
1680679481230724407,0,0,0,0
1680679481232627873,0,0,0,0
1680679481234450286,0,0,0,0
1680679481236276825,0,0,0,0
1680679481238053738,0,0,0,0
1680679481239936529,0,0,0,0
1680679481241916910,0,0,0,0
1680679481243828507,0,0,0,0
1680679481245715533,0,0,0,0
1680679481247731113,0,0,0,0
1680679481249639887,0,0,0,0
1680679481251626677,0,0,0,0
1680679481253530943,0,0,0,0
1680679481255496594,0,0,0,0
1680679481257316683,0,0,0,0
1680679481259222198,0,0,0,0
1680679481261032560,0,0,0,0
1680679481262974781,0,0,0,0
1680679481264798768,0,0,0,0
1680679481266614129,0,0,0,0
1680679481268469759,0,0,0,0
1680679481270488330,0,0,0,0
1680679481272433300,0,0,0,0
1680679481274465085,0,0,0,0
1680679481276402673,0,0,0,0
1680679481278374497,0,0,0,0
1680679481280232303,0,0,0,0
1680679481282201509,0,0,0,0
1680679481284102661,0,0,0,0
1680679481286058684,0,0,0,0
1680679481287943088,0,0,0,0
1680679481289937176,0,0,0,0
1680679481291757618,0,0,0,0
1680679481293611291,0,0,0,0
1680679481295527814,0,0,0,0
1680679481297436251,0,0,0,0
1680679481299350678,0,0,0,0
1680679481301185552,0,0,0,0
1680679481303130918,0,0,0,0
1680679481305048556,0,0,0,0
1680679481307041874,0,0,0,0
1680679481308893278,0,0,0,0
1680679481310694342,0,0,0,0
1680679481312611265,0,0,0,0
1680679481314506751,0,0,0,0
1680679481316387788,0,0,0,0
1680679481318182120,0,0,0,0
1680679481320244891,0,0,0,0
1680679481322215759,0,0,0,0
1680679481324153669,0,0,0,0
1680679481326142392,0,0,0,0
1680679481328216066,0,0,0,0
1680679481330097948,0,0,0,0
1680679481331998496,0,0,0,0
1680679481333934830,0,0,0,0
1680679481335782095,0,0,0,0
1680679481337741500,0,0,0,0
1680679481339606084,0,0,0,0
1680679481341523424,0,0,0,0
1680679481343340805,0,0,0,0
1680679481345190916,0,0,0,0
1680679481347106366,0,0,0,0
1680679481348912569,0,0,0,0
1680679481350779803,0,0,0,0
1680679481352711704,0,0,0,0
1680679481354637319,0,0,0,0
1680679481356586649,0,0,0,0
1680679481358524715,0,0,0,0
1680679481360457201,0,0,0,0
1680679481362377467,0,0,0,0
1680679481364264370,0,0,0,0
1680679481366230925,0,0,0,0
1680679481368157030,0,0,0,0
1680679481370100245,0,0,0,0
1680679481371951624,0,0,0,0
1680679481373919448,0,0,0,0
1680679481375831596,0,0,0,0
1680679481377753489,0,0,0,0
1680679481379614606,0,0,0,0
1680679481381606749,0,0,0,0
1680679481383514633,0,0,0,0
1680679481385327659,0,0,0,0
1680679481387245265,0,0,0,0
1680679481389071020,0,0,0,0
1680679481391024423,0,0,0,0
1680679481392874172,0,0,0,0
1680679481394740889,0,0,0,0
1680679481396622663,0,0,0,0
1680679481398577161,0,0,0,0
1680679481400510181,0,0,0,0
1680679481402509396,0,0,0,0
1680679481404404322,0,0,0,0
1680679481406297108,0,0,0,0
1680679481408235470,0,0,0,0
1680679481410080247,0,0,0,0
1680679481412030282,0,0,0,0
1680679481413930358,0,0,0,0
1680679481415873942,0,0,0,0
1680679481417687437,0,0,0,0
1680679481419423965,0,0,0,0
1680679481421136311,0,0,0,0
1680679481422879772,0,0,0,0
1680679481424648619,0,0,0,0
1680679481426432500,0,0,0,0
1680679481428248333,0,0,0,0
1680679481430022711,0,0,0,0
1680679481432241232,0,0,0,0
1680679481434271073,0,0,0,0
1680679481436093391,0,0,0,0
1680679481437892312,0,0,0,0
1680679481439747573,0,0,0,0
1680679481441604080,0,0,0,0
1680679481443496165,0,0,0,0
1680679481445356392,0,0,0,0
1680679481447218162,0,0,0,0
1680679481448963506,0,0,0,0
1680679481450646617,0,0,0,0
1680679481452370105,0,0,0,0
1680679481454183353,0,0,0,0
1680679481456052879,0,0,0,0
1680679481457958444,0,0,0,0
1680679481459820443,0,0,0,0
1680679481461561391,0,0,0,0
1680679481463322859,0,0,0,0
1680679481465063634,0,0,0,0
1680679481466801775,0,0,0,0
1680679481468538994,0,0,0,0
1680679481470268212,0,0,0,0
1680679481471992827,0,0,0,0
1680679481473818469,0,0,0,0
1680679481475628049,0,0,0,0
1680679481477350238,0,0,0,0
1680679481479088465,0,0,0,0
1680679481480860801,0,0,0,0
1680679481482639487,0,0,0,0
1680679481484387129,0,0,0,0
1680679481486206422,0,0,0,0
1680679481488020525,0,0,0,0
1680679481489747248,0,0,0,0
1680679481491481910,0,0,0,0
1680679481493223383,0,0,0,0
1680679481494943991,0,0,0,0
1680679481496726864,0,0,0,0
1680679481498445031,0,0,0,0
1680679481500203394,0,0,0,0
1680679481501955543,0,0,0,0
1680679481503694826,0,0,0,0
1680679481505536702,0,0,0,0
1680679481507501110,0,0,0,0
1680679481509410051,0,0,0,0
1680679481511303323,0,0,0,0
1680679481513240003,0,0,0,0
1680679481515157465,0,0,0,0
1680679481517067440,0,0,0,0
1680679481518950529,0,0,0,0
1680679481520920261,0,0,0,0
1680679481522810156,0,0,0,0
1680679481524688586,0,0,0,0
1680679481526617358,0,0,0,0
1680679481528526338,0,0,0,0
1680679481530426502,0,0,0,0
1680679481532433185,0,0,0,0
1680679481534316355,0,0,0,0
1680679481536287753,0,0,0,0
1680679481538179013,0,0,0,0
1680679481540053155,0,0,0,0
1680679481542084975,0,0,0,0
1680679481543952371,0,0,0,0
1680679481545924684,0,0,0,0
1680679481547839120,0,0,0,0
1680679481549700316,0,0,0,0
1680679481551851937,0,0,0,0
1680679481553737702,0,0,0,0
1680679481555621025,0,0,0,0
1680679481557512986,0,0,0,0
1680679481559411694,0,0,0,0
1680679481561367555,0,0,0,0
1680679481563302209,0,0,0,0
1680679481565210874,0,0,0,0
1680679481568725739,0,0,0,0
1680679481570608500,0,0,0,0
1680679481608080155,0,0,0,0
1680679481677299484,0,0,0,0
1680679481713515876,0,0,0,0
1680679481715457943,0,0,0,0
1680679481717408509,0,0,0,0
1680679481719340663,0,0,0,0
1680679481721296734,0,0,0,0
1680679481723265023,0,0,0,0
1680679481724947828,0,0,0,0
1680679481726741760,0,0,0,0
1680679481728575603,0,0,0,0
1680679481730356368,0,0,0,0
1680679481732288052,0,0,0,0
1680679481734189576,0,0,0,0
1680679481736095317,0,0,0,0
1680679481738065627,0,0,0,0
1680679481739983309,0,0,0,0
1680679481741948560,0,0,0,0
1680679481743931338,0,0,0,0
1680679481745725543,0,0,0,0
1680679481747639485,0,0,0,0
1680679481749412835,0,0,0,0
1680679481751346966,0,0,0,0
1680679481753148273,0,0,0,0
1680679481755085065,0,0,0,0
1680679481756870494,0,0,0,0
1680679481758678937,0,0,0,0
1680679481760638905,0,0,0,0
1680679481762617824,0,0,0,0
1680679481764555996,0,0,0,0
1680679481766547976,0,0,0,0
1680679481768453252,0,0,0,0
1680679481770418750,0,0,0,0
1680679481772316004,0,0,0,0
1680679481774251370,0,0,0,0
1680679481776098627,0,0,0,0
1680679481778071703,0,0,0,0
1680679481779931927,0,0,0,0
1680679481781931459,0,0,0,0
1680679481783909005,0,0,0,0
1680679481785804312,0,0,0,0
1680679481787716773,0,0,0,0
1680679481789538630,0,0,0,0
1680679481791459883,0,0,0,0
1680679481793314242,0,0,0,0
1680679481795118578,0,0,0,0
1680679481796847136,0,0,0,0
1680679481798578492,0,0,0,0
1680679481800435786,0,0,0,0
1680679481802305164,0,0,0,0
1680679481804246397,0,0,0,0
1680679481806133812,0,0,0,0
1680679481807965258,0,0,0,0
1680679481809963261,0,0,0,0
1680679481811848859,0,0,0,0
1680679481813938301,0,0,0,0
1680679481815783801,0,0,0,0
1680679481817702505,0,0,0,0
1680679481819690172,0,0,0,0
1680679481821632862,0,0,0,0
1680679481823641481,0,0,0,0
1680679481825444078,0,0,0,0
1680679481827425660,0,0,0,0
1680679481829291659,0,0,0,0
1680679481831244276,0,0,0,0
1680679481833185359,0,0,0,0
1680679481835158065,0,0,0,0
1680679481836980935,0,0,0,0
1680679481838926515,0,0,0,0
1680679481840802267,0,0,0,0
1680679481842737205,0,0,0,0
1680679481844682399,0,0,0,0
1680679481846603100,0,0,0,0
1680679481848584168,0,0,0,0
1680679481850754723,0,0,0,0
1680679481852594165,0,0,0,0
1680679481854530106,0,0,0,0
1680679481856367336,0,0,0,0
1680679481858169088,0,0,0,0
1680679481860098944,0,0,0,0
1680679481862059061,0,0,0,0
1680679481864080385,0,0,0,0
1680679481866025083,0,0,0,0
1680679481867991213,0,0,0,0
1680679481869954384,0,0,0,0
1680679481871961780,0,0,0,0
1680679481873808744,0,0,0,0
1680679481875670990,0,0,0,0
1680679481877458856,0,0,0,0
1680679481879229705,0,0,0,0
1680679481881122527,0,0,0,0
1680679481883075281,0,0,0,0
1680679481884918620,0,0,0,0
1680679481886906402,0,0,0,0
1680679481888818744,0,0,0,0
1680679481890689662,0,0,0,0
1680679481892641393,0,0,0,0
1680679481894615903,0,0,0,0
1680679481896501524,0,0,0,0
1680679481898370681,0,0,0,0
1680679481900249909,0,0,0,0
1680679481902164451,0,0,0,0
1680679481904223265,0,0,0,0
1680679481906133971,0,0,0,0
1680679481908176970,0,0,0,0
1680679481910203040,0,0,0,0
1680679481912115854,0,0,0,0
1680679481914113715,0,0,0,0
1680679481915993479,0,0,0,0
1680679481917962565,0,0,0,0
1680679481919828419,0,0,0,0
1680679481921715801,0,0,0,0
1680679481923546251,0,0,0,0
1680679481925424323,0,0,0,0
1680679481927370367,0,0,0,0
1680679481929255096,0,0,0,0
1680679481931180371,0,0,0,0
1680679481933018357,0,0,0,0
1680679481934979656,0,0,0,0
1680679481936810162,0,0,0,0
1680679481938697030,0,0,0,0
1680679481940486621,0,0,0,0
1680679481942544548,0,0,0,0
1680679481944451077,0,0,0,0
1680679481946398364,0,0,0,0
1680679481948347490,0,0,0,0
1680679481950335752,0,0,0,0
1680679481952223098,0,0,0,0
1680679481954228909,0,0,0,0
1680679481956144409,0,0,0,0
1680679481958112046,0,0,0,0
1680679481959990723,0,0,0,0
1680679481961944186,0,0,0,0
1680679481963821972,0,0,0,0
1680679481965684405,0,0,0,0
1680679481967699768,0,0,0,0
1680679481969681138,0,0,0,0
1680679481971662801,0,0,0,0
1680679481973571290,0,0,0,0
1680679481975560155,0,0,0,0
1680679481977357763,0,0,0,0
1680679481979282241,0,0,0,0
1680679481981078889,0,0,0,0
1680679481983038793,0,0,0,0
1680679481984811015,0,0,0,0
1680679481986705225,0,0,0,0
1680679481988571175,0,0,0,0
1680679481990510221,0,0,0,0
1680679481992382895,0,0,0,0
1680679481994314763,0,0,0,0
1680679481996142003,0,0,0,0
1680679481998091024,0,0,0,0
1680679482000000016,0,0,0,0
1680679482002023790,0,0,0,0
1680679482003957208,0,0,0,0
1680679482005901234,0,0,0,0
1680679482007874014,0,0,0,0
1680679482009827338,0,0,0,0
1680679482011652428,0,0,0,0
1680679482013373628,0,0,0,0
1680679482015152702,0,0,0,0
1680679482016884296,0,0,0,0
1680679482018679147,0,0,0,0
1680679482020532529,0,0,0,0
1680679482022471775,0,0,0,0
1680679482024458689,0,0,0,0
1680679482026383219,0,0,0,0
1680679482028273398,0,0,0,0
1680679482030258140,0,0,0,0
1680679482032199790,0,0,0,0
1680679482034208537,0,0,0,0
1680679482036113506,0,0,0,0
1680679482038109925,0,0,0,0
1680679482040006499,0,0,0,0
1680679482042007809,0,0,0,0
1680679482043856111,0,0,0,0
1680679482045821461,0,0,0,0
1680679482047712224,0,0,0,0
1680679482049755748,0,0,0,0
1680679482051728860,0,0,0,0
1680679482053706763,0,0,0,0
1680679482055612697,0,0,0,0
1680679482057598004,0,0,0,0
1680679482059581654,0,0,0,0
1680679482061429484,0,0,0,0
1680679482063389246,0,0,0,0
1680679482065199237,0,0,0,0
1680679482067156204,0,0,0,0
1680679482069083290,0,0,0,0
1680679482071013898,0,0,0,0
1680679482072810676,0,0,0,0
1680679482074700826,0,0,0,0
1680679482076662585,0,0,0,0
1680679482078563931,0,0,0,0
1680679482080468149,0,0,0,0
1680679482082311150,0,0,0,0
1680679482084261658,0,0,0,0
1680679482086204623,0,0,0,0
1680679482088202489,0,0,0,0
1680679482090248892,0,0,0,0
1680679482092141642,0,0,0,0
1680679482094120188,0,0,0,0
1680679482095982082,0,0,0,0
1680679482097951984,0,0,0,0
1680679482099879533,0,0,0,0
1680679482101702736,0,0,0,0
1680679482103599654,0,0,0,0
1680679482105458299,0,0,0,0
1680679482107310434,0,0,0,0
1680679482109204704,0,0,0,0
1680679482110928698,0,0,0,0
1680679482112818468,0,0,0,0
1680679482114684366,0,0,0,0
1680679482116647509,0,0,0,0
1680679482118554848,0,0,0,0
1680679482120479305,0,0,0,0
1680679482122504402,0,0,0,0
1680679482124427125,0,0,0,0
1680679482126349330,0,0,0,0
1680679482128214269,0,0,0,0
1680679482130266480,0,0,0,0
1680679482132197397,0,0,0,0
1680679482134112778,0,0,0,0
1680679482136085882,0,0,0,0
1680679482138101845,0,0,0,0
1680679482140010087,0,0,0,0
1680679482142037263,0,0,0,0
1680679482143906755,0,0,0,0
1680679482145815962,0,0,0,0
1680679482147794983,0,0,0,0
1680679482149755398,0,0,0,0
1680679482151659794,0,0,0,0
1680679482153446025,0,0,0,0
1680679482155397712,0,0,0,0
1680679482157194604,0,0,0,0
1680679482159052368,0,0,0,0
1680679482160807729,0,0,0,0
1680679482162828391,0,0,0,0
1680679482164815635,0,0,0,0
1680679482166702864,0,0,0,0
1680679482168612862,0,0,0,0
1680679482170585385,0,0,0,0
1680679482172512762,0,0,0,0
1680679482174476272,0,0,0,0
1680679482176330459,0,0,0,0
1680679482178311961,0,0,0,0
1680679482180212112,0,0,0,0
1680679482182118781,0,0,0,0
1680679482184088463,0,0,0,0
1680679482185948663,0,0,0,0
1680679482187904291,0,0,0,0
1680679482189871361,0,0,0,0
1680679482191936909,0,0,0,0
1680679482193793183,0,0,0,0
1680679482195765517,0,0,0,0
1680679482197685183,0,0,0,0
1680679482199671411,0,0,0,0
1680679482201474151,0,0,0,0
1680679482203363326,0,0,0,0
1680679482205227331,0,0,0,0
1680679482207085113,0,0,0,0
1680679482208909549,0,0,0,0
1680679482210747908,0,0,0,0
1680679482212732721,0,0,0,0
1680679482214625209,0,0,0,0
1680679482216563039,0,0,0,0
1680679482218476909,0,0,0,0
1680679482220452112,0,0,0,0
1680679482222373874,0,0,0,0
1680679482224354356,0,0,0,0
1680679482226222682,0,0,0,0
1680679482228191964,0,0,0,0
1680679482230132770,0,0,0,0
1680679482232050912,0,0,0,0
1680679482233929938,0,0,0,0
1680679482235814137,0,0,0,0
1680679482237697650,0,0,0,0
1680679482239641700,0,0,0,0
1680679482241572423,0,0,0,0
1680679482243537873,0,0,0,0
1680679482245423320,0,0,0,0
1680679482247294489,0,0,0,0
1680679482249047687,0,0,0,0
1680679482250988333,0,0,0,0
1680679482252817843,0,0,0,0
1680679482254706083,0,0,0,0
1680679482256572475,0,0,0,0
1680679482258542486,0,0,0,0
1680679482260473172,0,0,0,0
1680679482262445042,0,0,0,0
1680679482264458828,0,0,0,0
1680679482266405080,0,0,0,0
1680679482268416669,0,0,0,0
1680679482270275865,0,0,0,0
1680679482272144953,0,0,0,0
1680679482274046713,0,0,0,0
1680679482275856469,0,0,0,0
1680679482277777047,0,0,0,0
1680679482279774929,0,0,0,0
1680679482281683160,0,0,0,0
1680679482283696294,0,0,0,0
1680679482285580608,0,0,0,0
1680679482287661722,0,0,0,0
1680679482289654369,0,0,0,0
1680679482291511346,0,0,0,0
1680679482293394139,0,0,0,0
1680679482295281168,0,0,0,0
1680679482297021885,0,0,0,0
1680679482298947390,0,0,0,0
1680679482300808063,0,0,0,0
1680679482302742158,0,0,0,0
1680679482304688033,0,0,0,0
1680679482306711347,0,0,0,0
1680679482308670502,0,0,0,0
1680679482310684748,0,0,0,0
1680679482312519990,0,0,0,0
1680679482314503674,0,0,0,0
1680679482316376146,0,0,0,0
1680679482318256044,0,0,0,0
1680679482320138586,0,0,0,0
1680679482322117486,0,0,0,0
1680679482323962426,0,0,0,0
1680679482325931472,0,0,0,0
1680679482327914915,0,0,0,0
1680679482329895969,0,0,0,0
1680679482331799767,0,0,0,0
1680679482333673929,0,0,0,0
1680679482335532614,0,0,0,0
1680679482337304939,0,0,0,0
1680679482339069774,0,0,0,0
1680679482340809470,0,0,0,0
1680679482342737511,0,0,0,0
1680679482344788216,0,0,0,0
1680679482346673582,0,0,0,0
1680679482348735714,0,0,0,0
1680679482350644269,0,0,0,0
1680679482352616234,0,0,0,0
1680679482354543320,0,0,0,0
1680679482356433086,0,0,0,0
1680679482358385720,0,0,0,0
1680679482360249165,0,0,0,0
1680679482362093913,0,0,0,0
1680679482364067110,0,0,0,0
1680679482365932289,0,0,0,0
1680679482367841946,0,0,0,0
1680679482369835925,0,0,0,0
1680679482371712163,0,0,0,0
1680679482373645605,0,0,0,0
1680679482375604211,0,0,0,0
1680679482377594317,0,0,0,0
1680679482379589480,0,0,0,0
1680679482381444100,0,0,0,0
1680679482383426996,0,0,0,0
1680679482385291606,0,0,0,0
1680679482387222177,0,0,0,0
1680679482389071734,0,0,0,0
1680679482391050313,0,0,0,0
1680679482392860830,0,0,0,0
1680679482394749465,0,0,0,0
1680679482396600898,0,0,0,0
1680679482398548408,0,0,0,0
1680679482400418354,0,0,0,0
1680679482402390329,0,0,0,0
1680679482404318323,0,0,0,0
1680679482406283549,0,0,0,0
1680679482408191519,0,0,0,0
1680679482410231818,0,0,0,0
1680679482412139593,0,0,0,0
1680679482414080474,0,0,0,0
1680679482415957542,0,0,0,0
1680679482417820524,0,0,0,0
1680679482419681376,0,0,0,0
1680679482421650594,0,0,0,0
1680679482423622253,0,0,0,0
1680679482425547231,0,0,0,0
1680679482427514841,0,0,0,0
1680679482429327533,0,0,0,0
1680679482431312818,0,0,0,0
1680679482433125101,0,0,0,0
1680679482434962425,0,0,0,0
1680679482436875883,0,0,0,0
1680679482438833997,0,0,0,0
1680679482440681631,0,0,0,0
1680679482442713614,0,0,0,0
1680679482444565251,0,0,0,0
1680679482446543398,0,0,0,0
1680679482448479512,0,0,0,0
1680679482450584124,0,0,0,0
1680679482452446657,0,0,0,0
1680679482454418043,0,0,0,0
1680679482456377181,0,0,0,0
1680679482458302804,0,0,0,0
1680679482460194034,0,0,0,0
1680679482462071347,0,0,0,0
1680679482463982177,0,0,0,0
1680679482465943838,0,0,0,0
1680679482467811422,0,0,0,0
1680679482469805256,0,0,0,0
1680679482471719502,0,0,0,0
1680679482473652024,0,0,0,0
1680679482475514594,0,0,0,0
1680679482477367889,0,0,0,0
1680679482479226802,0,0,0,0
1680679482481030072,0,0,0,0
1680679482482968243,0,0,0,0
1680679482484810500,0,0,0,0
1680679482486700466,0,0,0,0
1680679482488600056,0,0,0,0
1680679482490615882,0,0,0,0
1680679482492542888,0,0,0,0
1680679482494537096,0,0,0,0
1680679482496449521,0,0,0,0
1680679482498430587,0,0,0,0
1680679482500368991,0,0,0,0
1680679482502208519,0,0,0,0
1680679482504117205,0,0,0,0
1680679482505973020,0,0,0,0
1680679482507894834,0,0,0,0
1680679482509813498,0,0,0,0
1680679482511816955,0,0,0,0
1680679482513725392,0,0,0,0
1680679482515702879,0,0,0,0
1680679482517579945,0,0,0,0
1680679482519543663,0,0,0,0
1680679482521432117,0,0,0,0
1680679482523247523,0,0,0,0
1680679482525157625,0,0,0,0
1680679482526944479,0,0,0,0
1680679482528898721,0,0,0,0
1680679482530823351,0,0,0,0
1680679482532809424,0,0,0,0
1680679482535114705,0,0,0,0
1680679482536982783,0,0,0,0
1680679482538981337,0,0,0,0
1680679482540805203,0,0,0,0
1680679482542809581,0,0,0,0
1680679482544683556,0,0,0,0
1680679482546635750,0,0,0,0
1680679482548560567,0,0,0,0
1680679482550529126,0,0,0,0
1680679482552400932,0,0,0,0
1680679482554405080,0,0,0,0
1680679482556297565,0,0,0,0
1680679482558278247,0,0,0,0
1680679482560192026,0,0,0,0
1680679482562111431,0,0,0,0
1680679482564081477,0,0,0,0
1680679482566126660,0,0,0,0
1680679482567965782,0,0,0,0
1680679482569779582,0,0,0,0
1680679482571574433,0,0,0,0
1680679482573468963,0,0,0,0
1680679482575374273,0,0,0,0
1680679482577197019,0,0,0,0
1680679482579146405,0,0,0,0
1680679482580997596,0,0,0,0
1680679482582981658,0,0,0,0
1680679482584817565,0,0,0,0
1680679482586616738,0,0,0,0
1680679482588620012,0,0,0,0
1680679482590561163,0,0,0,0
1680679482592511184,0,0,0,0
1680679482594388110,0,0,0,0
1680679482596378376,0,0,0,0
1680679482598285362,0,0,0,0
1680679482600273633,0,0,0,0
1680679482602227655,0,0,0,0
1680679482604155094,0,0,0,0
1680679482606125591,0,0,0,0
1680679482608063282,0,0,0,0
1680679482609942004,0,0,0,0
1680679482611832250,0,0,0,0
1680679482613713937,0,0,0,0
1680679482615550898,0,0,0,0
1680679482617457320,0,0,0,0
1680679482619315293,0,0,0,0
1680679482621226240,0,0,0,0
1680679482623129066,0,0,0,0
1680679482625040096,0,0,0,0
1680679482626911030,0,0,0,0
1680679482628809118,0,0,0,0
1680679482630708915,0,0,0,0
1680679482632544370,0,0,0,0
1680679482634425642,0,0,0,0
1680679482636373553,0,0,0,0
1680679482638294763,0,0,0,0
1680679482640254360,0,0,0,0
1680679482642166643,0,0,0,0
1680679482644192549,0,0,0,0
1680679482646176519,0,0,0,0
1680679482648146737,0,0,0,0
1680679482649969386,0,0,0,0
1680679482651904359,0,0,0,0
1680679482653888285,0,0,0,0
1680679482655747710,0,0,0,0
1680679482657599836,0,0,0,0
1680679482659585742,0,0,0,0
1680679482661435188,0,0,0,0
1680679482663295083,0,0,0,0
1680679482665264515,0,0,0,0
1680679482667126406,0,0,0,0
1680679482669013397,0,0,0,0
1680679482670969087,0,0,0,0
1680679482672824459,0,0,0,0
1680679482674663846,0,0,0,0
1680679482676608911,0,0,0,0
1680679482678498575,0,0,0,0
1680679482680455963,0,0,0,0
1680679482682353015,0,0,0,0
1680679482684380208,0,0,0,0
1680679482686285444,0,0,0,0
1680679482688208266,0,0,0,0
1680679482690120404,0,0,0,0
1680679482692064366,0,0,0,0
1680679482693965601,0,0,0,0
1680679482695868778,0,0,0,0
1680679482697680138,0,0,0,0
1680679482699611462,0,0,0,0
1680679482701434188,0,0,0,0
1680679482703385558,0,0,0,0
1680679482705242515,0,0,0,0
1680679482707148970,0,0,0,0
1680679482709041207,0,0,0,0
1680679482711031741,0,0,0,0
1680679482712853952,0,0,0,0
1680679482714698307,0,0,0,0
1680679482716643953,0,0,0,0
1680679482718582679,0,0,0,0
1680679482720452858,0,0,0,0
1680679482722432199,0,0,0,0
1680679482724346680,0,0,0,0
1680679482726234907,0,0,0,0
1680679482728145810,0,0,0,0
1680679482730054934,0,0,0,0
1680679482731962608,0,0,0,0
1680679482733793584,0,0,0,0
1680679482735534919,0,0,0,0
1680679482737225280,0,0,0,0
1680679482738907930,0,0,0,0
1680679482740592363,0,0,0,0
1680679482742438707,0,0,0,0
1680679482744241737,0,0,0,0
1680679482746377284,0,0,0,0
1680679482748607883,0,0,0,0
1680679482750360693,0,0,0,0
1680679482752237327,0,0,0,0
1680679482754117749,0,0,0,0
1680679482756120107,0,0,0,0
1680679482757978609,0,0,0,0
1680679482759830235,0,0,0,0
1680679482761900502,0,0,0,0
1680679482763633047,0,0,0,0
1680679482765534833,0,0,0,0
1680679482767428525,0,0,0,0
1680679482769353799,0,0,0,0
1680679482771260735,0,0,0,0
1680679482773061661,0,0,0,0
1680679482774871257,0,0,0,0
1680679482776572361,0,0,0,0
1680679482778427879,0,0,0,0
1680679482780114337,0,0,0,0
1680679482781816239,0,0,0,0
1680679482783533573,0,0,0,0
1680679482785257137,0,0,0,0
1680679482786965269,0,0,0,0
1680679482788694314,0,0,0,0
1680679482790444672,0,0,0,0
1680679482792156802,0,0,0,0
1680679482793886412,0,0,0,0
1680679482795763145,0,0,0,0
1680679482797512792,0,0,0,0
1680679482799259661,0,0,0,0
1680679482801015196,0,0,0,0
1680679482802764076,0,0,0,0
1680679482804536823,0,0,0,0
1680679482806340152,0,0,0,0
1680679482808081690,0,0,0,0
1680679482809854927,0,0,0,0
1680679482811640398,0,0,0,0
1680679482813373786,0,0,0,0
1680679482815112901,0,0,0,0
1680679482816853715,0,0,0,0
1680679482818621058,0,0,0,0
1680679482820669033,0,0,0,0
1680679482822891936,0,0,0,0
1680679482825388318,0,0,0,0
1680679482829038960,0,0,0,0
1680679482831471747,0,0,0,0
1680679482833649374,0,0,0,0
1680679482835823572,0,0,0,0
1680679482838234490,0,0,0,0
1680679482840961670,0,0,0,0
1680679482843016958,0,0,0,0
1680679482846027901,0,0,0,0
1680679482849653905,0,0,0,0
1680679482852263116,0,0,0,0
1680679482854785298,0,0,0,0
1680679482857005011,0,0,0,0
1680679482861164790,0,0,0,0
1680679482865524601,0,0,0,0
1680679482869505778,0,0,0,0
1680679482872833830,0,0,0,0
1680679482877117062,0,0,0,0
1680679482880761505,0,0,0,0
1680679482885190992,0,0,0,0
1680679482889286881,0,0,0,0
1680679482893330827,0,0,0,0
1680679482898343177,0,0,0,0
1680679482903094491,0,0,0,0
1680679482907767305,0,0,0,0
1680679482911862852,0,0,0,0
1680679482916547631,0,0,0,0
1680679482920478118,0,0,0,0
1680679482925060808,0,0,0,0
1680679482929668929,0,0,0,0
1680679482934861004,0,0,0,0
1680679482939189319,0,0,0,0
1680679482944679014,0,0,0,0
1680679482949311650,0,0,0,0
1680679482954080136,0,0,0,0
1680679482958489937,0,0,0,0
1680679482962333566,0,0,0,0
1680679482967431290,0,0,0,0
1680679482971592555,0,0,0,0
1680679482976083306,0,0,0,0
1680679482980433246,0,0,0,0
1680679482984893329,0,0,0,0
1680679482989675406,0,0,0,0
1680679482994088223,0,0,0,0
1680679482998699932,0,0,0,0
1680679483002869957,0,0,0,0
1680679483008124641,0,0,0,0
1680679483012860827,0,0,0,0
1680679483017760715,0,0,0,0
1680679483022686062,0,0,0,0
1680679483026761744,0,0,0,0
1680679483032000820,0,0,0,0
1680679483036308957,0,0,0,0
1680679483041104162,0,0,0,0
1680679483045475255,0,0,0,0
1680679483049803461,0,0,0,0
1680679483054562880,0,0,0,0
1680679483058672198,0,0,0,0
1680679483064395384,0,0,0,0
1680679483069530755,0,0,0,0
1680679483074138255,0,0,0,0
1680679483079444719,0,0,0,0
1680679483083908254,0,0,0,0
1680679483088571991,0,0,0,0
1680679483093901234,0,0,0,0
1680679483098260467,0,0,0,0
1680679483104820063,0,0,0,0
1680679483109650637,0,0,0,0
1680679483116592715,0,0,0,0
1680679483124399566,0,0,0,0
1680679483130383698,0,0,0,0
1680679483135617256,0,0,0,0
1680679483138527758,0,0,0,0
1680679483143257139,0,0,0,0
1680679483147129631,0,0,0,0
1680679483151436100,0,0,0,0
1680679483156195115,0,0,0,0
1680679483158538811,0,0,0,0
1680679483161065778,0,0,0,0
1680679483163903096,0,0,0,0
1680679483166153778,0,0,0,0
1680679483168992702,0,0,0,0
1680679483171897652,0,0,0,0
1680679483174400842,0,0,0,0
1680679483177133145,0,0,0,0
1680679483179512353,0,0,0,0
1680679483182037077,0,0,0,0
1680679483185747037,0,0,0,0
1680679483188894501,0,0,0,0
1680679483192000718,0,0,0,0
1680679483194396493,0,0,0,0
1680679483197032138,0,0,0,0
1680679483199214112,0,0,0,0
1680679483201499928,0,0,0,0
1680679483203747017,0,0,0,0
1680679483206420204,0,0,0,0
1680679483208541260,0,0,0,0
1680679483210876476,0,0,0,0
1680679483213043582,0,0,0,0
1680679483215697840,0,0,0,0
1680679483217817757,0,0,0,0
1680679483220024314,0,0,0,0
1680679483222178900,0,0,0,0
1680679483224798245,0,0,0,0
1680679483226941230,0,0,0,0
1680679483229267624,0,0,0,0
1680679483233537208,0,0,0,0
1680679483235761544,0,0,0,0
1680679483240373372,0,0,0,0
1680679483243643436,0,0,0,0
1680679483247114628,0,0,0,0
1680679483249896970,0,0,0,0
1680679483291503549,0,0,0,0
1680679483365347732,0,0,0,0
1680679483404421366,0,0,0,0
1680679483410269115,0,0,0,0
1680679483412916606,0,0,0,0
1680679483416992706,0,0,0,0
1680679483419659940,0,0,0,0
1680679483424871806,0,0,0,0
1680679483427312835,0,0,0,0
1680679483432465439,0,0,0,0
1680679483434679600,0,0,0,0
1680679483438443610,0,0,0,0
1680679483440434983,0,0,0,0
1680679483443751867,0,0,0,0
1680679483447343288,0,0,0,0
1680679483450596215,0,0,0,0
1680679483453233740,0,0,0,0
1680679483458645795,0,0,0,0
1680679483461205391,0,0,0,0
1680679483468105693,0,0,0,0
1680679483471160753,0,0,0,0
1680679483480711530,0,0,0,0
1680679483485239872,0,0,0,0
1680679483490024214,0,0,0,0
1680679483497985542,0,0,0,0
1680679483501045619,0,0,0,0
1680679483534965921,0,0,0,0
1680679483541571805,0,0,0,0
1680679483548696822,0,0,0,0
1680679483556314551,0,0,0,0
1680679483561112240,0,0,0,0
1680679483566458206,0,0,0,0
1680679483625820906,0,0,0,0
1680679483632744776,0,0,0,0
1680679483640855990,0,0,0,0
1680679483695364816,0,0,0,0
1680679483727682015,0,0,0,0
1680679483733575431,0,0,0,0
1680679483741751704,0,0,0,0
1680679483774108075,0,0,0,0
1680679483781036112,0,0,0,0
1680679483789809035,0,0,0,0
1680679483820590523,0,0,0,0
1680679483829998437,0,0,0,0
1680679483835466628,0,0,0,0
1680679483843283049,0,0,0,0
1680679483850760701,0,0,0,0
1680679483857282162,0,0,0,0
1680679483888350342,0,0,0,0
1680679483896508675,0,0,0,0
1680679483901905609,0,0,0,0
1680679483933092942,0,0,0,0
1680679483939345190,0,0,0,0
1680679483945424392,0,0,0,0
1680679483951956457,0,0,0,0
1680679483960035101,0,0,0,0
1680679483967000954,0,0,0,0
1680679483974366871,0,0,0,0
1680679483982120465,0,0,0,0
1680679483989057618,0,0,0,0
1680679483994931147,0,0,0,0
1680679484001597577,0,0,0,0
1680679484009833697,0,0,0,0
1680679484016236392,0,0,0,0
1680679484022533090,0,0,0,0
1680679484030336623,0,0,0,0
1680679484036929724,0,0,0,0
1680679484042312855,0,0,0,0
1680679484049166869,0,0,0,0
1680679484056655585,0,0,0,0
1680679484063112838,0,0,0,0
1680679484068526898,0,0,0,0
1680679484076367829,0,0,0,0
1680679484084284341,0,0,0,0
1680679484090902554,0,0,0,0
1680679484097494448,0,0,0,0
1680679484104732733,0,0,0,0
1680679484111459006,0,0,0,0
1680679484118290385,0,0,0,0
1680679484125569011,0,0,0,0
1680679484132103950,0,0,0,0
1680679484139215439,0,0,0,0
1680679484145292058,0,0,0,0
1680679484153125053,0,0,0,0
1680679484160217827,0,0,0,0
1680679484167600370,0,0,0,0
1680679484174902263,0,0,0,0
1680679484182830159,0,0,0,0
1680679484188617852,0,0,0,0
1680679484196860969,0,0,0,0
1680679484204431717,0,0,0,0
1680679484211812149,0,0,0,0
1680679484242649833,0,0,0,0
1680679484250720648,0,0,0,0
1680679484259348355,0,0,0,0
1680679484265562595,0,0,0,0
1680679484273785015,0,0,0,0
1680679484280829176,0,0,0,0
1680679484292248550,0,0,0,0
1680679484347455651,0,0,0,0
1680679484356617447,0,0,0,0
1680679484365099696,0,0,0,0
1680679484421093398,0,0,0,0
1680679484454511936,0,0,0,0
1680679484463467546,0,0,0,0
1680679484470090437,0,0,0,0
1680679484508517675,0,0,0,0
1680679484517913302,0,0,0,0
1680679484524365497,0,0,0,0
1680679484569045106,0,0,0,0
1680679484581711089,0,0,0,0
1680679484592378672,0,0,0,0
1680679484602243938,0,0,0,0
1680679484611785456,0,0,0,0
1680679484622237431,0,0,0,0
1680679484630981104,0,0,0,0
1680679484670344248,0,0,0,0
1680679484679763572,0,0,0,0
1680679484687342835,0,0,0,0
1680679484721226424,0,0,0,0
1680679484731259670,0,0,0,0
1680679484741446168,0,0,0,0
1680679484750325035,0,0,0,0
1680679484762071416,0,0,0,0
1680679484771353307,0,0,0,0
1680679484779874112,0,0,0,0
1680679484786679645,0,0,0,0
1680679484792854400,0,0,0,0
1680679484800412852,0,0,0,0
1680679484805554715,0,0,0,0
1680679484810544339,0,0,0,0
1680679484816152168,0,0,0,0
1680679484821857109,0,0,0,0
1680679484825440075,0,0,0,0
1680679484830632942,0,0,0,0
1680679484835925967,0,0,0,0
1680679484841035201,0,0,0,0
1680679484846831175,0,0,0,0
1680679484851648953,0,0,0,0
1680679484855769338,0,0,0,0
1680679484864107029,0,0,0,0
1680679484870074143,0,0,0,0
1680679484874006314,0,0,0,0
1680679484888740304,0,0,0,0
1680679484892198142,0,0,0,0
1680679484895739197,0,0,0,0
1680679484899028307,0,0,0,0
1680679484902599492,0,0,0,0
1680679484906450646,0,0,0,0
1680679484909861075,0,0,0,0
1680679484917325666,0,0,0,0
1680679484921051773,0,0,0,0
1680679484924828646,0,0,0,0
1680679484928367457,0,0,0,0
1680679484932388588,0,0,0,0
1680679484937253651,0,0,0,0
1680679484940947060,0,0,0,0
1680679484944249068,0,0,0,0
1680679484948236824,0,0,0,0
1680679484951578655,0,0,0,0
1680679484954996287,0,0,0,0
1680679484958313943,0,0,0,0
1680679484962008602,0,0,0,0
1680679484978205147,0,0,0,0
1680679484983905733,0,0,0,0
1680679485014319877,0,0,0,0
1680679485025753336,0,0,0,0
1680679485032115410,0,0,0,0
1680679485053238831,0,0,0,0
1680679485063095613,0,0,0,0
1680679485070252166,0,0,0,0
1680679485079624809,0,0,0,0
1680679485094674059,0,0,0,0
1680679485103443129,0,0,0,0
1680679485110771054,0,0,0,0
1680679485114844463,0,0,2,0
1680679485117132407,0,0,2,0
1680679485120787699,0,0,2,0
1680679485123090576,5,0,2,0
1680679485126498377,5,0,2,0
1680679485128779728,5,0,2,0
1680679485132165261,5,0,2,0
1680679485134964729,5,0,2,0
1680679485137571335,5,0,2,0
1680679485140799924,5,0,2,0
1680679485142747779,5,0,2,0
1680679485145289568,5,0,2,0
1680679485148851046,5,0,2,0
1680679485152345740,5,0,2,0
1680679485154785525,5,0,2,0
1680679485159632149,5,0,2,0
1680679485161931749,5,0,2,0
1680679485168317397,5,0,2,0
1680679485171025103,5,0,2,7
1680679485182079539,5,0,2,7
1680679485185095691,5,0,2,7
1680679485193026110,5,0,2,7
1680679485196105215,5,0,2,7
1680679485204525362,5,12,2,7
1680679485207605014,5,12,2,7
1680679485214245830,5,12,2,7
1680679485216956037,5,12,2,7
1680679485222320993,5,12,2,7
1680679485226399067,5,12,2,7
1680679485233362238,5,12,2,7
1680679485237703422,5,12,2,7
1680679485240902668,5,12,2,7
1680679485245528500,5,12,2,7
1680679485250807285,5,12,2,7
1680679485259051188,5,12,5,7
1680679485297913781,9,12,5,7
1680679485307792691,9,12,5,7
1680679485317626027,9,12,5,7
1680679485328657383,9,12,5,7
1680679485338160693,9,12,5,0
1680679485442240469,0,3,0,1
1680679485598890465,0,0,0,1
1680679485654629703,0,0,0,1
1680679485680999849,0,0,0,3
1680679485699980777,0,0,0,3
1680679485721793500,0,0,0,3
1680679485742751612,0,0,0,3
1680679485757997121,0,0,0,3
1680679485773469887,0,0,4,3
1680679485790135462,5,0,4,3
1680679485804441248,5,0,4,3
1680679485817597043,5,0,4,3
1680679485831702483,5,0,4,3
1680679485839311174,5,0,4,26
1680679485858631891,5,0,4,26
1680679485918525511,5,10,10,26
1680679485958368255,6,10,11,26
1680679485983359988,6,10,11,26
1680679485993057126,6,10,11,26
1680679485999284886,6,10,11,26
1680679486004931812,6,10,11,26
1680679486012181900,6,10,11,3
1680679486036204673,6,22,11,3
1680679486043202459,6,22,11,3
1680679486050123576,6,22,11,3
1680679486057997907,6,22,11,3
1680679486074205669,6,22,11,3
1680679486085789087,6,22,11,3
1680679486091604838,6,22,11,3
1680679486100295322,6,22,11,3
1680679486106987269,6,22,11,3
1680679486112629705,6,22,11,3
1680679486118747502,6,22,16,3
1680679486125234788,20,22,16,3
1680679486130977996,20,22,16,3
1680679486137873205,20,22,16,3
1680679486145234134,20,22,16,3
1680679486153600379,20,22,16,3
1680679486161015723,20,22,16,3
1680679486180039667,20,22,16,0
1680679486190838573,20,22,16,0
1680679486201010130,20,22,16,0
1680679486209201665,20,0,16,0
1680679486216114729,20,0,16,0
1680679486224252699,20,0,16,0
1680679486243947660,20,0,16,0
1680679486254786847,20,0,16,0
1680679486261433023,20,0,16,0
1680679486268765921,20,0,16,0
1680679486275241493,20,0,16,0
1680679486282910461,0,0,0,0
1680679486305001445,0,0,0,0
1680679486318352201,0,0,0,0
1680679486351287677,0,0,0,0
1680679486364652916,0,0,0,0
1680679486374896507,0,0,0,0
1680679486381822063,0,0,0,0
1680679486390211735,0,0,0,0
1680679486405511689,0,0,0,0
1680679486421583262,0,0,0,0
1680679486428304627,0,0,0,0
1680679486439415870,0,0,0,0
1680679486448624721,0,0,0,0
1680679486454672687,0,0,0,0
1680679486458626936,0,0,0,0
1680679486463189799,1,0,0,0
1680679486467351691,1,0,0,0
1680679486472698172,1,0,0,0
1680679486476341204,1,0,0,0
1680679486480273519,1,0,0,0
1680679486485032426,1,0,0,0
1680679486486906242,1,0,0,0
1680679486494481956,1,0,0,0
1680679486496728265,1,0,0,0
1680679486501530248,1,0,0,0
1680679486507010316,1,0,0,0
1680679486510181868,1,0,0,0
1680679486513874776,1,0,0,0
1680679486582731918,1,0,0,0
1680679486719987150,0,0,0,0
1680679486888089357,0,0,0,0
1680679486908726149,0,0,0,0
1680679486928262079,0,0,0,0
1680679486946503647,0,0,0,0
1680679486963272181,0,0,0,0
1680679486980166344,0,0,0,0
1680679486983807279,0,0,0,0
1680679486986908080,0,0,0,0
1680679486989774396,0,0,0,0
1680679486994517166,0,0,0,0
1680679486998441192,0,0,0,0
1680679487002195031,0,0,0,0
1680679487004672976,0,0,0,0
1680679487020163728,0,0,0,0
1680679487068626886,0,0,0,0
1680679487071114566,0,0,0,0
1680679487077050748,0,0,0,0
1680679487079297770,0,0,0,0
1680679487083869161,0,0,0,0
1680679487085854667,0,0,0,0
1680679487089804667,0,0,0,0
1680679487095938822,0,0,0,0
1680679487098078667,0,0,0,0
1680679487101855044,0,0,0,0
1680679487105254133,0,0,0,0
1680679487109242876,0,0,0,0
1680679487113303922,0,0,0,0
1680679487117283808,0,0,0,0
1680679487124284448,0,0,0,0
1680679487127845162,0,0,0,0
1680679487134361403,0,0,0,1
1680679487190522536,0,0,0,1
1680679487197321735,0,0,0,1
1680679487204065943,0,0,0,1
1680679487214223183,0,0,0,1
1680679487222457085,0,0,0,1
1680679487229294987,0,0,0,1
1680679487248370014,0,0,0,1
1680679487255895377,0,0,0,1
1680679487261729331,0,0,0,1
1680679487285327976,0,0,1,1
1680679487385498573,0,0,1,1
1680679487407822058,0,0,1,1
1680679487425704749,0,0,1,1
1680679487447601375,0,0,2,1
1680679487466726052,0,0,2,1
1680679487478445938,0,0,2,1
1680679487514978031,0,0,2,1
1680679487525663082,0,0,2,0
1680679487535257921,0,0,2,0
1680679487544193521,0,3,2,0
1680679487552927994,0,3,2,0
1680679487587353665,0,3,2,0
1680679487600232355,0,3,2,0
1680679487615580077,0,3,0,0
1680679487652580512,2,3,0,0
1680679487663996694,2,3,0,0
1680679487671621130,2,3,0,0
1680679487679332305,2,3,0,0
1680679487688182574,2,1,0,0
1680679487754725806,2,1,0,0
1680679487760109270,2,1,0,0
1680679487766897796,2,1,0,0
1680679487773064759,2,1,0,0
1680679487779664732,2,1,0,0
1680679487786196534,2,1,0,0
1680679487791613152,2,1,0,0
1680679487798696697,1,1,0,0
1680679487803364210,1,1,0,0
1680679487871516225,1,0,2,0
1680679487996211023,0,0,2,1
1680679488054048266,0,3,2,1
1680679488066337319,0,3,2,1
1680679488119104124,0,3,2,1
1680679488127299040,0,3,0,1
1680679488133598836,4,3,0,1
1680679488139242295,4,3,0,1
1680679488144466120,4,3,0,1
1680679488149463770,4,3,0,1
1680679488153183225,4,3,0,1
1680679488158581437,4,3,0,1
1680679488163015536,4,3,0,1
1680679488171041472,4,3,0,1
1680679488178312053,4,3,0,1
1680679488184732549,4,3,0,1
1680679488190516719,4,3,0,1
1680679488196055601,4,2,0,3
1680679488230118387,4,2,0,3
1680679488237951100,4,2,0,3
1680679488245074642,4,2,0,3
1680679488252858724,4,2,0,3
1680679488261698512,4,2,0,3
1680679488272833326,4,2,0,3
1680679488284858034,4,2,2,3
1680679488299720695,2,2,2,3
1680679488309398161,2,2,2,3
1680679488320699116,2,2,2,3
1680679488330089373,2,2,2,3
1680679488339975093,2,1,2,2
1680679488477437874,1,1,2,2
1680679488516100348,1,1,2,2
1680679488525439851,1,1,2,3
1680679488531186591,1,1,2,3
1680679488538861698,1,1,2,3
1680679488546510916,1,1,2,3
1680679488609410037,1,1,2,3
1680679488665845875,5,1,2,18
1680679488711321751,5,1,2,18
1680679488767165075,5,4,2,18
1680679488773103240,5,4,2,18
1680679488779922519,5,4,2,18
1680679488784956412,5,4,2,18
1680679488791097386,22,4,1,18
1680679488824406800,22,4,1,18
1680679488830291496,22,4,1,18
1680679488836294475,22,4,1,18
1680679488841158652,22,4,1,18
1680679488848447567,22,4,1,18
1680679488853343024,22,4,1,18
1680679488860407500,22,4,1,28
1680679488866681658,22,4,1,28
1680679488871539368,22,4,1,28
1680679488879791627,22,1,1,28
1680679488885548044,22,1,1,28
1680679488891793429,22,1,11,28
1680679489021528889,28,1,11,28
1680679489073100479,28,1,11,28
1680679489083835780,28,1,11,28
1680679489093683521,28,1,11,28
1680679489105129170,28,1,11,28
1680679489115072239,28,1,11,28
1680679489120960589,28,1,11,28
1680679489127867279,28,1,27,28
1680679489133930522,28,1,27,28
1680679489139486083,28,1,27,28
1680679489149079997,28,1,27,28
1680679489155596302,28,1,27,28
1680679489163574751,28,1,27,28
1680679489168735434,28,1,27,28
1680679489173897377,28,1,27,28
1680679489179374993,28,1,27,28
1680679489184646738,28,1,27,28
1680679489188953486,28,1,27,28
1680679489195732634,28,1,27,28
1680679489201841629,28,1,27,28
1680679489207869767,28,1,27,28
1680679489214278788,28,4,27,28
1680679489220666919,28,4,27,28
1680679489228749561,28,4,27,28
1680679489233774970,28,4,27,28
1680679489238737694,28,4,27,28
1680679489266037480,28,4,27,28
1680679489271484988,28,4,27,28
1680679489275972224,28,4,27,28
1680679489282019656,28,4,27,28
1680679489289043916,28,4,27,28
1680679489296150461,28,4,28,28
1680679489300422705,28,4,28,28
1680679489307621092,28,4,28,28
1680679489314351754,28,4,28,28
1680679489320939208,28,4,28,28
1680679489328630026,28,4,28,28
1680679489335746231,28,4,28,29
1680679489369327051,28,16,28,29
1680679489434616798,28,16,28,29
1680679489442365100,28,16,28,29
1680679489449222525,28,16,28,29
1680679489455751790,28,16,28,29
1680679489462235247,28,16,30,29
1680679489468285745,28,16,30,29
1680679489472826647,28,16,30,29
1680679489477480286,28,16,30,29
1680679489480791835,28,16,30,29
1680679489487502539,28,16,30,29
1680679489492013248,28,16,30,29
1680679489496238711,28,16,30,29
1680679489498659097,28,16,30,29
1680679489501605026,28,16,30,29
1680679489504035927,28,16,30,29
1680679489508223761,28,16,30,29
1680679489512054189,28,16,30,29
1680679489517783745,28,16,30,29
1680679489542098834,28,16,30,29
1680679489548215900,28,16,30,29
1680679489550195759,28,29,30,29
1680679489590769785,28,29,30,29
1680679489594844018,28,29,30,29
1680679489599428055,28,29,30,29
1680679489616361753,28,29,30,29
1680679489621960472,28,29,30,29
1680679489625181703,28,29,30,29
1680679489628240178,28,29,30,29
1680679489631344881,28,29,29,29
1680679489633385047,28,29,29,29
1680679489636594600,28,29,29,29
1680679489639851577,28,29,29,29
1680679489643935206,28,29,29,29
1680679489646938781,28,29,29,29
1680679489651012675,28,29,29,29
1680679489654528317,28,29,29,29
1680679489659372242,28,29,29,29
1680679489676774341,28,29,29,29
1680679489679969973,28,29,29,29
1680679489682023609,28,29,29,29
1680679489690307926,28,29,29,29
1680679489693701824,28,29,29,29
1680679489701420164,28,29,29,29
1680679489704748638,28,29,29,29
1680679489712012414,28,29,29,29
1680679489715137367,28,29,29,29
1680679489722001556,28,29,29,29
1680679489725173035,28,29,29,29
1680679489800239558,29,29,29,29
1680679489883734152,29,29,29,29
1680679489885837253,29,29,29,29
1680679489888678742,29,29,29,29
1680679489890476556,29,29,29,29
1680679489892191688,29,29,29,29
1680679489893928538,29,29,29,29
1680679489895641300,29,29,29,29
1680679489897370686,29,29,29,29
1680679489899232226,29,29,29,29
1680679489901188926,29,29,29,29
1680679489902917717,29,29,29,29
1680679489904643846,29,29,29,29
1680679489906381982,29,29,29,29
1680679489908238276,29,29,29,29
1680679489910043772,29,29,29,29
1680679489911780765,29,29,29,29
1680679489913592671,29,29,29,29
1680679489915392391,29,29,29,29
1680679489917199338,29,29,29,29
1680679489918944554,29,29,29,29
1680679489920815049,29,29,29,29
1680679489922651207,29,29,29,29
1680679489924389532,29,29,29,29
1680679489926128941,29,29,29,29
1680679489927951594,29,29,29,29
1680679489929834594,29,29,29,29
1680679489931575513,29,29,29,29
1680679489933330659,29,29,29,29
1680679489935066260,29,29,29,29
1680679489936794040,29,29,29,29
1680679489938604857,29,29,29,29
1680679489940404234,29,29,29,29
1680679489942233899,29,29,29,29
1680679489943994356,29,29,29,29
1680679489945748995,29,29,29,29
1680679489947543248,29,29,29,29
1680679489949320376,29,29,29,29
1680679489951131728,29,29,29,29
1680679489952810339,29,29,29,29
1680679489954482710,29,29,29,29
1680679489956161837,29,29,29,29
1680679489957840059,29,29,29,29
1680679489959589934,29,29,29,29
1680679489961264010,29,29,29,29
1680679489962943725,29,29,29,29
1680679489964614581,29,29,29,29
1680679489966336486,29,29,29,29
1680679489968068891,29,29,29,29
1680679489969756653,29,29,29,29
1680679489971421090,29,29,29,29
1680679489973100209,29,29,29,29
1680679489974756586,31,29,29,29
1680679489976452484,31,29,29,29
1680679489978149759,31,29,29,29
1680679489979830896,31,29,29,29
1680679489981522262,31,29,29,29
1680679489983206259,31,29,29,29
1680679489984876749,31,29,29,29
1680679489986544087,31,29,29,29
1680679489988306655,31,29,29,29
1680679489990010373,31,29,29,29
1680679489991695508,31,29,29,29
1680679489993358073,31,29,29,29
1680679489995031692,31,29,29,29
1680679489996708840,31,29,29,29
1680679489998394747,31,29,29,29
1680679490000173191,31,29,29,29
1680679490002160315,31,29,29,29
1680679490003866137,31,29,29,29
1680679490005520566,31,29,29,29
1680679490007252740,31,29,29,29
1680679490008927550,31,29,29,29
1680679490010660260,31,29,29,29
1680679490012332814,31,29,29,29
1680679490014004244,31,29,29,28
1680679490072472324,31,29,29,28
1680679490074171182,31,29,29,28
1680679490078121152,31,29,29,28
1680679490082632033,31,29,29,28
1680679490087016921,31,29,29,28
1680679490091573609,31,29,29,28
1680679490094081110,31,29,29,28
1680679490095774909,31,29,29,28
1680679490097440801,31,29,29,28
1680679490099114518,31,29,29,28
1680679490100801643,31,29,29,28
1680679490102501037,31,29,29,28
1680679490104175780,31,29,29,28
1680679490105843908,31,29,29,28
1680679490107548830,31,29,29,28
1680679490109239822,31,29,29,28
1680679490110987627,31,29,29,28
1680679490112657713,31,29,29,28
1680679490114326228,31,29,29,28
1680679490115999159,31,29,29,28
1680679490117660649,31,29,29,28
1680679490119334248,31,29,29,28
1680679490121042154,31,29,29,28
1680679490122797533,31,29,29,28
1680679490124462034,31,29,29,28
1680679490126136043,31,29,29,28
1680679490127844524,31,29,29,28
1680679490129563831,31,29,29,28
1680679490131299074,31,29,29,28
1680679490132963267,31,29,29,28
1680679490134640346,31,29,29,28
1680679490136321505,31,29,29,28
1680679490138010521,31,29,29,28
1680679490139674850,31,29,29,28
1680679490141331257,26,29,29,28
1680679490143004012,26,29,29,28
1680679490144705083,26,29,29,28
1680679490146377101,26,29,29,28
1680679490148137982,26,29,29,28
1680679490149815148,26,29,29,28
1680679490151517667,26,29,29,28
1680679490153180814,26,29,29,28
1680679490154960087,26,29,29,28
1680679490156622089,26,29,29,28
1680679490158313264,26,29,29,28
1680679490160068320,26,29,29,28
1680679490161725187,26,29,29,28
1680679490163409359,26,29,29,28
1680679490165069383,26,29,29,28
1680679490166729785,26,29,29,28
1680679490168431801,26,29,29,28
1680679490170117753,26,29,29,28
1680679490171848328,26,29,29,28
1680679490173640415,26,29,29,28
1680679490175308741,26,29,29,28
1680679490176975169,26,29,29,28
1680679490178647531,26,29,29,28
1680679490180351034,26,29,29,28
1680679490182049988,26,29,29,28
1680679490183717969,26,29,29,28
1680679490185387678,26,29,29,28
1680679490187054161,26,29,29,28
1680679490188774819,26,29,29,28
1680679490190494654,26,29,29,28
1680679490192240453,26,29,29,28
1680679490193936902,26,29,29,28
1680679490195645578,26,29,29,28
1680679490197334980,26,29,29,28
1680679490199029846,26,29,29,28
1680679490200734745,26,29,29,28
1680679490202440440,26,29,29,28
1680679490204134111,26,29,29,23
1680679490205860383,26,29,29,23
1680679490221217061,26,29,29,23
1680679490223006506,26,29,29,23
1680679490224682399,26,29,29,23
1680679490226421127,26,29,29,23
1680679490228119900,26,29,29,23
1680679490231702817,26,29,29,23
1680679490274902376,26,29,29,23
1680679490276858151,26,29,29,23
1680679490278997397,26,29,29,23
1680679490280967911,26,29,29,23
1680679490283284067,26,29,29,23
1680679490285234336,26,29,29,23
1680679490287333841,26,29,29,23
1680679490289335347,26,29,29,23
1680679490291260438,26,29,29,23
1680679490293401742,26,29,29,23
1680679490295267566,26,29,29,23
1680679490297119673,26,29,29,23
1680679490299379220,26,29,29,23
1680679490301496680,26,29,28,23
1680679490303592748,26,29,28,23
1680679490306422013,26,29,28,23
1680679490308213358,24,29,28,23
1680679490311706417,24,29,28,23
1680679490314694700,24,29,28,23
1680679490317597226,24,29,28,23
1680679490320538971,24,29,28,23
1680679490323563731,24,29,28,23
1680679490326403090,24,29,28,23
1680679490328939807,24,29,28,23
1680679490331647269,24,29,28,23
1680679490333762101,24,29,28,23
1680679490335573589,24,29,28,23
1680679490337339721,24,29,28,23
1680679490339055077,24,29,28,23
1680679490341001803,24,29,28,23
1680679490342957261,24,29,28,23
1680679490344788578,24,29,28,23
1680679490346633985,24,29,28,23
1680679490348507085,24,29,28,23
1680679490350334239,24,29,28,23
1680679490352008207,24,29,28,23
1680679490353653419,24,29,28,23
1680679490355309151,24,29,28,23
1680679490356953306,24,29,28,23
1680679490358680256,24,29,28,23
1680679490360430002,24,29,28,23
1680679490362082370,24,29,28,23
1680679490363773310,24,29,28,23
1680679490365417359,24,29,28,23
1680679490367063642,24,29,28,23
1680679490368728125,24,29,28,23
1680679490370382794,24,29,28,29
1680679490372047118,24,29,28,29
1680679490373683687,24,29,28,29
1680679490375325982,24,29,28,29
1680679490378434807,24,29,28,29
1680679490380244040,24,29,28,29
1680679490381965637,24,29,28,29
1680679490383912813,24,29,28,29
1680679490385643526,24,29,28,29
1680679490387376058,24,29,28,29
1680679490389344235,24,29,28,29
1680679490391159321,24,29,28,29
1680679490392984278,24,29,28,29
1680679490394939373,24,29,28,29
1680679490396726311,24,29,28,29
1680679490398698336,24,29,28,29
1680679490400694463,24,29,28,29
1680679490403631439,24,29,28,29
1680679490405271680,24,29,28,29
1680679490408487295,24,29,28,29
1680679490411110080,24,29,28,29
1680679490413611025,24,29,28,29
1680679490415992441,24,29,28,29
1680679490418831617,24,29,28,29
1680679490421128920,24,29,28,29
1680679490423436371,24,29,28,29
1680679490425717107,24,29,28,29
1680679490427605558,24,29,28,29
1680679490429298685,24,29,28,29
1680679490430934338,24,29,28,29
1680679490432564442,24,29,28,29
1680679490434198222,24,29,28,29
1680679490435827268,24,29,28,29
1680679490437464626,24,29,28,29
1680679490439085884,24,29,28,29
1680679490440727529,24,29,28,29
1680679490442360192,24,29,28,29
1680679490443992733,24,29,28,29
1680679490445620553,24,29,28,29
1680679490447241507,24,29,28,29
1680679490448898038,24,29,28,29
1680679490450535808,24,29,28,29
1680679490452176763,24,29,28,29
1680679490453823921,24,29,28,29
1680679490455456979,24,29,28,29
1680679490457078999,24,29,28,29
1680679490458713481,24,29,28,29
1680679490460351428,28,29,28,29
1680679490506127838,28,29,28,29
1680679490507753295,28,29,28,29
1680679490509444281,28,29,28,29
1680679490511157552,28,29,28,29
1680679490512866170,28,29,28,29
1680679490514517270,28,29,28,29
1680679490516168648,28,29,28,29
1680679490517839478,28,29,28,29
1680679490519492946,28,29,28,29
1680679490521188310,28,29,28,29
1680679490522925405,28,29,28,29
1680679490524607762,28,29,28,29
1680679490526286310,28,29,28,29
1680679490527965286,28,29,28,29
1680679490529674346,28,29,28,28
1680679490543365509,28,29,28,28
1680679490545030514,28,29,28,28
1680679490546707087,28,29,28,28
1680679490548370637,28,29,28,28
1680679490550190821,28,29,28,28
1680679490552486801,28,29,28,28
1680679490554203557,28,29,28,28
1680679490555945578,28,28,28,28
1680679490557821324,28,28,28,28
1680679490559574064,28,28,28,28
1680679490561493652,28,28,28,28
1680679490563270567,28,28,28,28
1680679490603571414,28,28,28,28
1680679490605684968,28,28,28,28
1680679490607689289,28,28,28,28
1680679490609556870,28,28,28,28
1680679490611351273,28,28,28,28
1680679490613303439,28,28,28,28
1680679490615129827,28,28,28,28
1680679490617863728,28,28,28,28
1680679490619662069,28,28,28,28
1680679490621917920,28,28,28,28
1680679490623826442,28,28,28,28
1680679490625665149,28,28,28,28
1680679490627494431,28,28,28,28
1680679490629479024,28,28,28,28
1680679490631313055,28,28,28,28
1680679490633132190,28,28,28,28
1680679490634952762,28,28,28,28
1680679490637848634,28,28,28,28
1680679490639636314,28,28,28,28
1680679490641552448,28,28,28,28
1680679490643393323,28,28,28,28
1680679490645468165,28,28,28,28
1680679490647297355,28,28,28,28
1680679490649106215,28,28,28,28
1680679490650923965,28,28,28,28
1680679490652722296,28,28,28,28
1680679490654592080,28,28,28,28
1680679490656384420,28,28,28,28
1680679490658945270,28,28,28,28
1680679490661164542,28,28,28,28
1680679490663225538,28,28,28,28
1680679490665104074,28,28,28,28
1680679490666954286,28,28,28,28
1680679490668724020,28,28,28,28
1680679490670607822,28,28,28,28
1680679490672441872,28,28,28,28
1680679490674293887,28,28,28,28
1680679490676125681,28,28,28,28
1680679490677802839,28,28,28,28
1680679490679474746,28,28,28,28
1680679490681190524,28,28,28,28
1680679490682845104,28,28,28,28
1680679490684524719,28,28,28,28
1680679490686195083,28,28,28,28
1680679490687842720,28,28,28,28
1680679490689507737,28,28,28,28
1680679490691154373,28,28,28,28
1680679490692882318,28,28,28,28
1680679490694536655,28,28,28,28
1680679490696195492,28,28,28,28
1680679490697848020,28,28,28,28
1680679490699492107,28,28,28,28
1680679490701150890,28,28,28,28
1680679490702798109,28,28,28,28
1680679490704481571,28,28,28,28
1680679490706202150,28,28,28,28
1680679490707917674,28,28,28,28
1680679490709608996,28,28,28,28
1680679490711291409,28,28,28,28
1680679490713685416,28,28,28,28
1680679490715517047,28,28,28,28
1680679490717403366,28,28,28,28
1680679490719405739,28,28,28,28
1680679490721221827,28,28,28,28
1680679490735729884,28,28,28,28
1680679490737911469,28,28,28,28
1680679490739965311,28,28,28,28
1680679490742104426,28,28,28,28
1680679490744396617,28,28,28,28
1680679490746214834,28,28,28,28
1680679490748206843,28,28,28,28
1680679490750200989,28,28,28,28
1680679490752124852,28,28,28,28
1680679490754350449,28,28,28,28
1680679490756279099,28,28,28,28
1680679490759035733,28,28,28,28
1680679490761552399,28,28,28,28
1680679490763962900,28,28,28,28
1680679490766251396,28,28,28,28
1680679490769190647,28,28,28,28
1680679490771603910,28,28,28,28
1680679490774016876,28,28,28,28
1680679490776312510,28,28,28,28
1680679490778366522,28,28,28,28
1680679490780271281,28,28,28,28
1680679490782164470,28,28,28,28
1680679490784171134,28,28,28,28
1680679490785999906,28,28,28,28
1680679490787855143,28,28,28,28
1680679490789734372,28,28,28,28
1680679490791602195,28,28,28,28
1680679490793484414,28,28,28,28
1680679490795338473,28,28,28,28
1680679490797149010,28,28,28,28
1680679490799100044,28,28,28,28
1680679490801000598,28,28,28,28
1680679490803495445,28,28,28,28
1680679490805417979,28,28,28,28
1680679490807946591,28,28,28,28
1680679490810188589,28,28,28,28
1680679490812250947,28,28,28,28
1680679490814251770,28,28,28,28
1680679490816911797,28,28,28,28
1680679490819142109,28,28,28,28
1680679490821297005,28,28,28,28
1680679490823463694,28,28,28,28
1680679490825318083,28,28,28,28
1680679490827022211,28,28,28,28
1680679490828731534,28,28,28,28
1680679490830550974,28,28,28,28
1680679490832411880,28,28,28,28
1680679490834149169,28,28,28,28
1680679490835877750,28,28,28,28
1680679490837628555,28,28,28,28
1680679490839361412,28,28,28,28
1680679490841081753,28,28,28,28
1680679490842812443,28,28,28,28
1680679490844530777,28,28,28,28
1680679490846263416,28,28,28,28
1680679490847932257,28,28,28,28
1680679490849682231,28,28,28,28
1680679490851360573,28,28,28,28
1680679490853069198,28,28,28,28
1680679490854765243,28,28,28,28
1680679490856501626,28,28,28,28
1680679490858211466,28,28,28,28
1680679490859899513,28,28,28,28
1680679490861659617,28,28,28,28
1680679490863357571,28,28,28,28
1680679490865085959,28,28,28,28
1680679490866772738,28,28,28,28
1680679490868460532,28,28,28,28
1680679490870172506,28,28,28,28
1680679490871863734,28,28,28,28
1680679490873601352,28,28,28,28
1680679490875287360,28,28,28,28
1680679490876974183,28,28,28,28
1680679490878658157,28,28,28,28
1680679490880347427,28,28,28,28
1680679490882070258,28,28,28,28
1680679490883820788,28,28,28,28
1680679490885520419,28,28,28,28
1680679490887366401,28,28,28,28
1680679490889665737,28,28,28,28
1680679490891491239,28,28,28,28
1680679490893303064,28,28,28,28
1680679490895137064,28,28,28,28
1680679490896837632,28,28,28,28
1680679490898559539,28,28,28,28
1680679490900606330,28,28,28,28
1680679490902431608,28,28,28,28
1680679490904302108,28,28,28,28
1680679490906243725,28,28,28,28
1680679490908208006,28,28,28,28
1680679490910532876,28,28,28,28
1680679490912782013,28,28,28,28
1680679490914611368,28,28,28,28
1680679490917532524,28,28,28,28
1680679490919445158,28,28,28,28
1680679490922886771,28,28,28,28
1680679490925326463,28,28,28,28
1680679490927738204,28,28,28,28
1680679490930995197,28,28,28,28
1680679490933075246,28,28,28,28
1680679490937155975,28,28,28,28
1680679490941594351,28,28,28,28
1680679490944374082,28,28,28,28
1680679490947542743,28,28,28,28
1680679490949739877,28,28,28,28
1680679490952282278,28,28,28,28
1680679490954753505,28,28,28,28
1680679490957168254,28,28,28,28
1680679490959465641,28,28,28,28
1680679490961557325,28,28,28,28
1680679490963653247,28,28,28,28
1680679490965972501,28,28,28,28
1680679490968286890,28,28,28,28
1680679490970424396,28,28,28,28
1680679490972545662,28,28,28,28
1680679490974513525,28,28,28,28
1680679490976841867,28,28,28,28
1680679490978982190,28,28,28,28
1680679490981269847,28,28,28,28
1680679490983501210,28,28,28,28
1680679490985599040,28,28,28,28
1680679490987771256,28,28,28,28
1680679490989690009,28,28,28,28
1680679490992016329,28,28,28,28
1680679490994325692,28,28,28,28
1680679490996462479,28,28,28,28
1680679490999674647,28,28,28,28
1680679491002464322,28,28,28,28
1680679491005806458,28,28,28,28
1680679491008981667,28,28,28,28
1680679491012826667,28,28,28,28
1680679491016076007,28,28,28,28
1680679491019618337,28,28,28,28
1680679491023094049,28,28,28,28
1680679491025328565,28,28,28,28
1680679491029340869,28,28,28,28
1680679491031712818,28,28,28,28
1680679491035577679,28,28,28,28
1680679491038092270,28,28,28,28
1680679491041408377,28,28,28,28
1680679491043907141,28,28,28,28
1680679491047224569,28,28,28,28
1680679491080614267,28,28,28,28
1680679491083331886,28,28,28,28
1680679491086263964,28,28,28,28
1680679491089037572,28,28,28,28
1680679491091038050,28,28,28,28
1680679491092892174,28,28,28,28
1680679491094723946,28,28,28,28
1680679491096585632,28,28,28,28
1680679491098420430,28,28,28,28
1680679491100227477,28,28,28,28
1680679491102078976,28,28,28,28
1680679491103890149,28,28,28,28
1680679491105882706,28,28,28,28
1680679491108100241,28,28,28,28
1680679491109945296,28,28,28,28
1680679491111895363,28,28,28,28
1680679491113920916,28,28,28,28
1680679491115757356,28,28,28,28
1680679491117605167,28,28,28,28
1680679491119436128,28,28,28,28
1680679491121261239,28,28,28,28
1680679491123140708,28,28,28,28
1680679491124983706,28,28,28,28
1680679491127086598,28,28,28,28
1680679491128949343,28,28,28,28
1680679491130980575,28,28,28,28
1680679491133452450,28,28,28,28
1680679491135356533,28,28,28,28
1680679491137355605,28,28,28,28
1680679491139355988,28,28,28,28
1680679491142770691,28,28,28,28
1680679491144996139,28,28,28,28
1680679491147164177,28,28,28,28
1680679491149491676,28,28,28,28
1680679491151928411,28,28,28,28
1680679491154314930,28,28,28,28
1680679491156503790,28,28,28,28
1680679491158642643,28,28,28,28
1680679491161059801,28,28,28,28
1680679491163617065,28,28,28,28
1680679491167819762,28,28,28,28
1680679491170054289,28,28,28,28
1680679491174940531,28,28,28,28
1680679491177982915,28,28,28,28
1680679491181321572,28,28,28,28
1680679491185452046,28,28,28,28
1680679491188877721,28,28,28,28
1680679491259432221,28,28,28,28
1680679491375081917,28,28,28,28
1680679491379547654,28,28,28,28
1680679491383738189,28,28,28,28
1680679491387576199,28,28,28,28
1680679491391306916,28,28,28,28
1680679491395265040,28,28,28,28
1680679491397620152,28,28,28,28
1680679491399888719,28,28,28,28
1680679491402432660,28,28,28,28
1680679491404800779,28,28,28,28
1680679491407054808,28,28,28,28
1680679491446762501,28,28,28,28
1680679491450380354,28,28,28,28
1680679491454009223,28,28,28,28
1680679491458919545,28,28,28,28
1680679491462484860,28,28,28,28
1680679491465744608,28,28,28,28
1680679491469679804,28,28,28,28
1680679491471663669,28,28,28,28
1680679491475142787,28,28,28,28
1680679491477451740,28,28,28,28
1680679491481505725,28,28,28,28
1680679491485072562,28,28,28,28
1680679491487096239,28,28,28,28
1680679491490990764,28,28,28,28
1680679491493145651,28,28,28,28
1680679491497120449,28,28,28,28
1680679491501575152,28,28,28,28
1680679491503855944,28,28,28,28
1680679491508058466,28,28,28,28
1680679491510529334,28,28,28,28
1680679491513518932,28,28,28,28
1680679491516003631,28,28,28,28
1680679491518169029,28,28,28,28
1680679491522610330,28,28,28,28
1680679491527201923,28,28,28,28
1680679491530555198,28,28,28,28
1680679491533822864,28,28,28,28
1680679491536536922,28,28,28,28
1680679491538704544,28,28,28,28
1680679491540852197,28,28,28,28
1680679491543019758,28,28,28,28
1680679491582718732,28,28,28,28
1680679491586294799,28,28,28,28
1680679491589673260,28,28,28,28
1680679491593071860,28,28,28,28
1680679491596243677,28,28,28,28
1680679491597989025,28,28,28,28
1680679491599721950,28,28,28,28
1680679491601451357,28,28,28,28
1680679491603186074,28,28,28,28
1680679491605025310,28,28,28,28
1680679491606798528,28,28,28,28
1680679491608530928,28,28,28,28
1680679491610291592,28,28,28,28
1680679491612019253,28,28,28,28
1680679491613817437,28,28,28,28
1680679491615586810,28,28,28,28
1680679491617365602,28,28,28,28
1680679491619091666,28,28,28,28
1680679491620846543,28,28,28,28
1680679491622561658,28,28,28,28
1680679491624415617,28,28,28,28
1680679491626199530,28,28,28,28
1680679491628361088,28,28,28,28
1680679491630723528,28,28,28,28
1680679491633053690,28,28,28,28
1680679491635401241,28,28,28,28
1680679491637733951,28,28,28,28
1680679491640067781,28,28,28,28
1680679491642399069,28,28,28,28
1680679491644725517,28,28,28,28
1680679491647134258,28,28,28,28
1680679491649591895,28,28,28,28
1680679491651933535,28,28,28,28
1680679491654312801,28,28,28,28
1680679491656696440,28,28,28,28
1680679491659022467,28,28,28,28
1680679491661347345,28,28,28,28
1680679491663698724,28,28,28,28
1680679491665695123,28,28,28,28
1680679491667663850,28,28,28,28
1680679491669517566,28,28,28,28
1680679491671397252,28,28,28,28
1680679491673310214,28,28,28,28
1680679491675213808,28,28,28,28
1680679491677116756,28,28,28,28
1680679491679026608,28,28,28,28
1680679491681004530,28,28,28,28
1680679491682842155,28,28,28,28
1680679491684725568,28,28,28,28
1680679491686659747,28,28,28,28
1680679491688540677,28,28,28,28
1680679491690447234,28,28,28,28
1680679491692346564,28,28,28,28
1680679491694314017,28,28,28,28
1680679491696268826,28,28,28,28
1680679491698119925,28,28,28,28
1680679491700004431,28,28,28,28
1680679491701873710,28,28,28,28
1680679491703763202,28,28,28,28
1680679491705685068,28,28,28,28
1680679491707732607,28,28,28,28
1680679491709646745,28,28,28,28
1680679491711544764,28,28,28,29
1680679491713396969,28,28,28,29
1680679491715253819,28,28,28,29
1680679491717167728,28,28,28,29
1680679491719022607,28,28,28,29
1680679491720865275,28,28,28,29
1680679491722718691,28,28,28,29
1680679491724659661,28,28,28,29
1680679491726646538,28,28,28,29
1680679491728573172,28,28,28,29
1680679491730532052,28,28,28,29
1680679491732338656,28,28,28,29
1680679491734021229,28,28,28,29
1680679491735692827,28,28,28,29
1680679491737340602,28,28,28,29
1680679491738988578,28,28,28,29
1680679491740662491,28,28,28,29
1680679491742320250,28,28,28,29
1680679491743987391,28,28,28,29
1680679491745647843,28,28,28,29
1680679491747356570,28,28,28,29
1680679491749072685,28,28,28,29
1680679491750742310,28,28,28,29
1680679491752394255,28,28,28,29
1680679491754072864,28,28,28,29
1680679491755801759,28,28,28,29
1680679491757464252,28,28,28,29
1680679491759125563,28,28,28,29
1680679491760797408,28,28,28,29
1680679491762491358,28,28,28,29
1680679491764250068,28,28,28,29
1680679491765977630,28,28,28,29
1680679491767733800,28,28,28,29
1680679491769444978,28,28,28,29
1680679491771192863,28,28,28,29
1680679491772901663,28,28,28,29
1680679491774660113,28,28,28,29
1680679491776384752,28,28,28,29
1680679491778116591,28,28,28,29
1680679491779821996,28,28,28,29
1680679491781562710,28,28,28,29
1680679491783294801,28,28,28,29
1680679491785079445,28,28,28,29
1680679491786828982,28,28,28,29
1680679491788662957,28,28,28,29
1680679491791197447,28,28,28,29
1680679491793058771,28,28,28,29
1680679491794838426,28,28,28,29
1680679491796671142,28,28,28,29
1680679491798395148,28,28,28,29
1680679491800141828,28,28,28,29
1680679491801852809,28,28,28,29
1680679491803603642,28,28,28,29
1680679491805363351,28,28,28,29
1680679491807177677,28,28,29,29
1680679491808889795,28,28,29,29
1680679491810630762,28,28,29,29
1680679491812344163,28,28,29,29
1680679491814122693,28,28,29,29
1680679491815961600,29,28,29,29
1680679491817698374,29,28,29,29
1680679491819420877,29,28,29,29
1680679491821161396,29,28,29,29
1680679491822880199,29,28,29,29
1680679491824659649,29,28,29,29
1680679491826405411,29,28,29,29
1680679491828120668,29,28,29,29
1680679491829854089,29,28,29,29
1680679491831600555,29,28,29,29
1680679491833313359,29,28,29,29
1680679491835079339,29,28,29,29
1680679491836833212,29,28,29,29
1680679491838560998,29,28,29,29
1680679491840281790,29,28,29,29
1680679491842025702,29,28,29,29
1680679491843752593,29,28,29,29
1680679491845536498,29,28,29,29
1680679491847320475,29,28,29,29
1680679491849221845,29,28,29,29
1680679491850883566,29,28,29,29
1680679491852532338,29,28,29,29
1680679491854226179,29,28,29,29
1680679491855972816,29,28,29,29
1680679491857631193,29,28,29,29
1680679491859284271,29,28,29,29
1680679491861150633,29,28,29,29
1680679491863406754,29,28,29,29
1680679491865207426,29,28,29,29
1680679491866873170,29,28,29,29
1680679491868531720,29,28,29,29
1680679491870244406,29,28,29,29
1680679491871899691,29,28,29,29
1680679491873546451,29,28,29,29
1680679491875216511,29,28,29,29
1680679491876968402,29,28,29,29
1680679491878615243,29,28,29,30
1680679491880260620,29,28,29,30
1680679491881913565,29,28,29,30
1680679491883570169,29,28,29,30
1680679491885271621,29,28,29,30
1680679491886994839,29,28,29,30
1680679491888654871,29,28,29,30
1680679491926551556,29,28,29,30
1680679491929045459,29,28,29,30
1680679491932218534,29,28,29,30
1680679491935420612,29,28,29,30
1680679491938602580,29,28,29,30
1680679491940348548,29,28,29,30
1680679491942096855,29,28,29,30
1680679491943820418,29,28,29,30
1680679491945593577,29,28,29,30
1680679491947339522,29,28,29,30
1680679491949063918,29,28,29,30
1680679491950799937,29,28,29,30
1680679491952535576,29,28,29,30
1680679491954307574,29,28,29,30
1680679491956039368,29,28,29,30
1680679491957754220,29,28,29,30
1680679491959487659,29,28,29,30
1680679491961221252,29,28,29,30
1680679491962963122,29,28,29,30
1680679491964688051,29,28,29,30
1680679491966414408,29,28,29,30
1680679491968139476,29,28,29,30
1680679491969877194,29,28,29,30
1680679491971613303,29,28,29,30
1680679491973330251,29,28,28,30
1680679491975065821,29,28,28,30
1680679491976822012,29,28,28,30
1680679491978550742,29,28,28,30
1680679491980281252,29,28,28,30
1680679491982009451,30,28,28,30
1680679491983735503,30,28,28,30
1680679491985475812,30,28,28,30
1680679491987230250,30,28,28,30
1680679491988956496,30,28,28,30
1680679491990686913,30,28,28,30
1680679491992408566,30,28,28,30
1680679491994272260,30,28,28,30
1680679491996004490,30,28,28,30
1680679491997761854,30,28,28,30
1680679491999495113,30,28,28,30
1680679492001220816,30,28,28,30
1680679492002941096,30,28,28,30
1680679492004836431,30,28,28,30
1680679492006591665,30,28,28,30
1680679492008319417,30,28,28,30
1680679492010041373,30,28,28,30
1680679492011755528,30,28,28,30
1680679492013479311,30,28,28,30
1680679492015250855,30,28,28,30
1680679492017023218,30,28,28,30
1680679492018757542,30,28,28,30
1680679492020486929,30,28,28,30
1680679492022207838,30,28,28,30
1680679492023918811,30,28,28,30
1680679492025684357,30,28,28,30
1680679492027442384,30,28,28,30
1680679492029164194,30,28,28,30
1680679492030899954,30,28,28,30
1680679492032620128,30,28,28,30
1680679492034358450,30,28,28,30
1680679492036093076,30,28,28,30
1680679492037838250,30,28,28,30
1680679492039564183,30,28,28,30
1680679492041284163,30,28,28,30
1680679492043001606,30,28,28,30
1680679492044727802,30,28,28,28
1680679492046458004,30,28,28,28
1680679492048180153,30,28,28,28
1680679492049961053,30,28,28,28
1680679492051689108,30,28,28,28
1680679492053408183,30,28,28,28
1680679492055149834,30,28,28,28
1680679492056974106,30,28,28,28
1680679492058697048,30,28,28,28
1680679492060426998,30,28,28,28
1680679492062158941,30,28,28,28
1680679492063894491,30,28,28,28
1680679492065646514,30,28,28,28
1680679492067431358,30,28,28,28
1680679492069175375,30,28,28,28
1680679492070904456,30,28,28,28
1680679492072636114,30,28,28,28
1680679492074380598,30,28,28,28
1680679492076115066,30,28,28,28
1680679492077936956,30,28,28,28
1680679492079664809,30,28,28,28
1680679492081382049,30,28,28,28
1680679492083108773,30,28,28,28
1680679492084846060,30,28,28,28
1680679492086566513,30,28,28,28
1680679492088305945,30,28,28,28
1680679492090036807,30,28,28,28
1680679492091763208,30,28,28,28
1680679492093481230,30,28,28,28
1680679492095221780,30,28,28,28
1680679492096973582,30,28,28,28
1680679492098701652,30,28,28,28
1680679492100425381,30,28,28,28
1680679492102153268,30,28,28,28
1680679492103847847,30,28,28,28
1680679492105666480,30,28,28,28
1680679492107519975,30,28,28,28
1680679492109323588,30,28,28,28
1680679492111137824,30,28,28,28
1680679492112930205,30,28,28,28
1680679492114833450,30,28,28,28
1680679492116693256,30,28,28,28
1680679492118508047,30,28,28,28
1680679492120317423,30,28,28,28
1680679492122162970,30,28,28,28
1680679492123971875,30,28,28,28
1680679492125829287,30,28,28,28
1680679492127652636,30,28,28,28
1680679492129466329,30,28,28,28
1680679492131269889,30,28,28,28
1680679492133070297,30,28,28,28
1680679492134908016,30,28,28,28
1680679492137020222,30,28,28,28
1680679492138835736,30,28,28,28
1680679492140631471,30,28,28,28
1680679492142433605,30,28,28,28
1680679492144232838,30,28,28,28
1680679492146090790,30,28,28,28
1680679492147903266,30,28,28,28
1680679492149745992,28,28,28,28
1680679492151544788,28,28,28,28
1680679492153338508,28,28,28,28
1680679492155246777,28,28,28,28
1680679492157059655,28,28,28,28
1680679492158868797,28,28,28,28
1680679492160724075,28,28,28,28
1680679492162529534,28,28,28,28
1680679492164330062,28,28,28,28
1680679492166190470,28,28,28,28
1680679492168049481,28,28,28,28
1680679492169854157,28,28,28,28
1680679492171661681,28,28,28,28
1680679492173461600,28,28,28,28
1680679492175317477,28,28,28,28
1680679492177153818,28,28,28,28
1680679492178967102,28,28,28,28
1680679492180725585,28,28,28,28
1680679492182604542,28,28,28,28
1680679492184410743,28,28,28,28
1680679492186108673,28,28,28,28
1680679492187830250,28,28,28,28
1680679492189604336,28,28,28,28
1680679492191297153,28,28,28,28
1680679492192977837,28,28,28,28
1680679492194721992,28,28,28,28
1680679492196400526,28,28,28,28
1680679492198136707,28,28,28,28
1680679492199818649,28,28,28,28
1680679492201496225,28,28,28,28
1680679492203175395,28,28,28,28
1680679492204841034,28,28,28,28
1680679492206517767,28,28,28,28
1680679492208246888,28,28,28,28
1680679492209930962,28,28,28,28
1680679492211604323,28,28,28,28
1680679492213286687,28,28,28,28
1680679492214982025,28,28,28,28
1680679492216660133,28,28,28,28
1680679492218340747,28,28,28,28
1680679492220016166,28,28,28,28
1680679492253859812,28,29,28,28
1680679492255619528,28,29,28,28
1680679492257310015,28,29,28,28
1680679492258980719,28,29,28,28
1680679492260727230,28,29,28,28
1680679492262406740,28,29,28,28
1680679492264081314,28,29,28,28
1680679492265832120,28,29,28,28
1680679492267536573,28,29,28,28
1680679492269214603,28,29,28,28
1680679492270893141,28,29,28,28
1680679492272572061,28,29,28,28
1680679492274251349,28,29,28,28
1680679492275944289,28,29,28,28
1680679492277650345,28,29,28,28
1680679492279328739,28,29,28,28
1680679492281003329,28,29,28,28
1680679492282679689,28,29,28,28
1680679492284358083,28,29,28,28
1680679492286095961,28,29,28,28
1680679492287836044,28,29,28,28
1680679492289524018,28,29,28,28
1680679492291194240,28,29,28,28
1680679492292890567,28,29,28,28
1680679492294561146,28,29,28,28
1680679492296232583,28,29,28,28
1680679492297975219,28,29,28,28
1680679492299653849,28,29,28,28
1680679492301317464,28,29,28,28
1680679492302989570,28,29,28,28
1680679492304668137,28,29,28,28
1680679492306375044,28,29,28,28
1680679492308310873,28,29,28,28
1680679492309995357,28,29,28,28
1680679492311669279,28,29,28,28
1680679492313348458,28,29,28,28
1680679492315076898,28,29,28,28
1680679492316728739,28,29,28,28
1680679492318466909,28,29,28,28
1680679492320140345,28,29,28,28
1680679492321813193,28,29,28,28
1680679492323490915,28,29,28,28
1680679492325164052,28,29,28,28
1680679492326843649,28,29,28,28
1680679492328575281,28,29,28,28
1680679492330255946,28,29,28,28
1680679492331937894,28,29,28,28
1680679492333616497,28,29,28,28
1680679492335399566,28,29,28,28
1680679492337205636,28,29,28,28
1680679492338872517,28,29,28,28
1680679492340550255,28,29,28,28
1680679492342235100,28,29,28,28
1680679492377022813,28,29,28,28
1680679492378724756,28,29,28,28
1680679492380397934,28,29,28,28
1680679492382084056,28,29,28,28
1680679492383759784,28,29,28,28
1680679492385457484,28,29,28,28
1680679492387134292,28,29,28,28
1680679492388796338,28,29,28,28
1680679492390472119,28,29,28,28
1680679492392150994,28,29,28,28
1680679492393833617,28,29,28,28
1680679492395557527,28,29,28,28
1680679492397226984,28,29,28,28
1680679492398900299,28,28,28,28
1680679492400577742,28,28,28,28
1680679492402253472,28,28,28,28
1680679492403928687,28,28,28,28
1680679492405619521,28,28,28,28
1680679492407300426,28,28,28,28
1680679492409023477,28,28,28,28
1680679492410789625,28,28,28,28
1680679492412471290,28,28,28,28
1680679492414158023,28,28,28,28
1680679492415888076,28,28,28,28
1680679492417751160,28,28,28,28
1680679492419435171,28,28,28,28
1680679492421101533,28,28,28,28
1680679492422785103,28,28,28,28
1680679492424461582,28,28,28,28
1680679492426167796,28,28,28,28
1680679492427948875,28,28,28,28
1680679492429845108,28,28,28,28
1680679492431522907,28,28,28,28
1680679492433203828,28,28,28,28
1680679492434873657,28,28,28,28
1680679492436547373,28,28,28,28
1680679492438313086,28,28,28,28
1680679492469970422,28,28,28,28
1680679492471646182,28,28,28,28
1680679492473326444,28,28,28,28
1680679492475006984,28,28,28,28
1680679492476687698,28,28,28,28
1680679492478452951,28,28,28,28
1680679492480135587,28,28,28,28
1680679492481821978,28,28,28,28
1680679492483493518,28,28,28,28
1680679492485170957,28,28,28,28
1680679492490899771,28,28,28,28
1680679492494950066,28,28,28,28
1680679492519961262,28,28,28,28
1680679492521824643,28,28,28,28
1680679492523712314,28,28,28,28
1680679492525588749,28,28,28,28
1680679492527478327,28,28,28,28
1680679492529363328,28,28,28,28
1680679492531234845,28,28,28,28
1680679492533118067,28,28,28,28
1680679492535865868,28,28,28,28
1680679492537850314,28,28,28,28
1680679492539759476,28,28,28,28
1680679492541638846,28,28,28,28
1680679492543506303,28,28,28,28
1680679492545384052,28,28,28,28
1680679492547241177,28,28,28,31
1680679492549144316,28,28,28,31
1680679492551034873,28,28,28,31
1680679492553492689,28,28,28,31
1680679492555410279,28,28,28,31
1680679492557328673,28,28,28,31
1680679492559222062,28,28,28,31
1680679492561117642,28,28,28,31
1680679492562999956,28,28,28,31
1680679492564898925,28,28,28,31
1680679492566827469,28,28,28,31
1680679492568727858,28,28,28,31
1680679492570918058,28,28,28,31
1680679492572784481,28,28,28,31
1680679492574611686,28,28,28,31
1680679492576495263,28,28,28,31
1680679492578365117,28,28,28,31
1680679492580200707,28,28,28,31
1680679492582041376,28,28,28,31
1680679492583889456,28,28,28,31
1680679492585731561,28,28,28,31
1680679492588260983,28,28,28,31
1680679492592569805,28,28,28,31
1680679492594935728,28,28,28,31
1680679492597499679,28,28,28,31
1680679492600600160,28,28,28,31
1680679492603859737,28,28,28,31
1680679492670193197,28,28,28,30
1680679492742141257,28,28,28,30
1680679492757426196,28,28,28,30
1680679492790390637,28,28,28,30
1680679492796327480,31,28,33,30
1680679492881084371,31,28,33,28
1680679492886207244,31,28,33,28
1680679492889016798,31,28,33,28
1680679492891499783,31,28,33,28
1680679492914951336,31,28,33,28
1680679492917868212,31,28,33,28
1680679492920267633,31,28,33,28
1680679492923132922,31,28,33,28
1680679492976053681,31,28,29,28
1680679492984443569,31,28,29,28
1680679492987383591,30,28,29,28
1680679492990836671,30,28,29,28
1680679492994045004,30,28,29,28
1680679493019314716,30,28,29,28
1680679493021634223,30,28,29,28
1680679493024545574,30,28,29,28
1680679493026956869,30,28,29,28
1680679493030155845,30,28,29,28
1680679493033590651,30,28,29,28
1680679493037807753,30,28,29,28
1680679493041271526,30,28,29,28
1680679493044084145,30,28,29,28
1680679493047685841,30,28,29,33
1680679493094834679,30,28,29,33
1680679493099272156,30,28,29,33
1680679493108919783,30,28,29,33
1680679493111991115,30,28,29,33
1680679493115035814,30,28,29,33
1680679493118293081,30,28,29,33
1680679493123969366,30,28,32,33
1680679493206503741,28,28,32,28
1680679493233760198,28,33,32,28
1680679493242240307,28,33,32,28
1680679493245561352,28,33,32,28
1680679493248710612,28,33,32,28
1680679493251015965,28,33,32,28
1680679493253635019,28,33,32,28
1680679493256953526,28,33,32,28
1680679493260113342,28,33,32,28
1680679493262233624,28,33,32,28
1680679493266442401,28,33,32,28
1680679493269413152,28,33,32,28
1680679493272326692,28,33,32,28
1680679493275302004,28,33,32,28
1680679493278639215,28,33,32,28
1680679493281256602,28,33,32,28
1680679493284523851,28,33,32,28
1680679493287979523,28,33,32,28
1680679493290890709,28,33,32,28
1680679493293763195,28,33,29,28
1680679493316060839,28,33,29,28
1680679493319245484,28,33,29,28
1680679493322041621,32,33,29,28
1680679493324877372,32,33,29,28
1680679493327641077,32,33,29,28
1680679493334818235,32,33,29,28
1680679493338310017,32,33,29,28
1680679493340399078,32,33,29,28
1680679493343860398,32,33,29,28
1680679493365320207,32,33,29,28
1680679493367125293,32,33,29,28
1680679493370057152,32,33,29,28
1680679493373233627,32,33,29,28
1680679493376349908,32,33,29,28
1680679493380787649,32,33,29,28
1680679493388580357,32,33,29,28
1680679493391638922,32,33,29,28
1680679493395721660,32,33,29,28
1680679493398881478,32,33,29,28
1680679493401743488,32,28,29,28
1680679493406236086,32,28,29,28
1680679493409660486,32,28,29,28
1680679493412481182,32,28,29,28
1680679493415981405,32,28,29,28
1680679493420045135,32,28,29,28
1680679493423062904,32,28,29,28
1680679493447892738,32,28,29,28
1680679493454434253,28,28,28,28
1680679493499551927,28,28,28,28
1680679493503505935,28,28,28,28
1680679493514291322,28,28,28,28
1680679493516917613,28,28,28,28
1680679493528363668,28,28,28,28
1680679493532779493,28,28,28,28
1680679493539220102,28,29,28,29
1680679493582408597,28,29,28,29
1680679493610695704,28,29,28,29
1680679493615432310,28,29,28,29
1680679493621866953,28,29,28,29
1680679493626881182,28,29,28,29
1680679493632233578,28,29,28,29
1680679493637201571,28,29,28,29
1680679493643007141,28,29,28,29
1680679493648520524,28,29,28,29
1680679493653617757,28,29,28,29
1680679493658737241,28,29,28,29
1680679493662316498,28,29,28,29
1680679493665642018,28,29,28,29
1680679493669903256,28,29,28,29
1680679493672061245,28,29,28,29
1680679493674258116,28,29,28,29
1680679493676453427,28,29,28,29
1680679493717324554,28,29,28,29
1680679493719876528,28,29,28,29
1680679493722379427,28,29,28,29
1680679493724722850,28,29,28,29
1680679493727003259,28,29,28,29
1680679493729152031,28,29,28,29
1680679493731100797,28,29,28,29
1680679493733116810,28,29,28,29
1680679493735387960,28,29,28,29
1680679493737165290,28,32,28,29
1680679493739239911,28,32,28,29
1680679493741258083,28,32,28,29
1680679493743070436,28,32,28,29
1680679493745723319,28,32,28,29
1680679493747496623,28,32,28,29
1680679493749565496,28,32,28,29
1680679493751537020,28,32,28,29
1680679493753537586,28,32,28,29
1680679493756179304,28,32,28,29
1680679493758269930,28,32,28,29
1680679493760332182,28,32,28,29
1680679493762836852,28,32,28,29
1680679493795045831,28,32,28,29
1680679493799773064,28,32,28,29
1680679493803972331,28,32,28,29
1680679493807549828,28,32,28,29
1680679493810891283,28,32,28,29
1680679493813459498,28,32,28,29
1680679493817568769,28,32,28,29
1680679493821050399,28,32,28,29
1680679493823356696,29,32,28,29
1680679493824992367,29,32,28,29
1680679493827742120,29,32,28,29
1680679493829815826,29,32,28,29
1680679493831649991,29,32,28,29
1680679493833289280,29,32,28,29
1680679493835721103,29,32,28,29
1680679493837358493,29,32,28,29
1680679493839044037,29,32,28,29
1680679493840683907,29,32,28,29
1680679493842344840,29,32,28,29
1680679493843986123,29,32,28,29
1680679493846407673,29,32,28,29
1680679493848042770,29,32,28,29
1680679493849733798,29,32,28,29
1680679493851398890,29,32,28,29
1680679493853036370,29,32,28,29
1680679493854670326,29,32,28,29
1680679493856298447,29,32,28,29
1680679493857939099,29,32,28,29
1680679493859630076,29,32,28,29
1680679493861281271,29,32,28,29
1680679493862913356,29,32,28,29
1680679493864553545,29,32,28,29
1680679493866188637,29,32,28,29
1680679493867817917,29,32,28,29
1680679493869500161,29,32,28,29
1680679493871136776,29,32,28,29
1680679493872725481,29,32,28,29
1680679493874393035,29,32,28,29
1680679493876026552,29,32,28,29
1680679493877663154,29,32,28,29
1680679493879362477,29,32,28,29
1680679493881025401,29,32,28,29
1680679493882757282,29,32,28,29
1680679493884965977,29,32,28,29
1680679493886671284,29,32,28,29
1680679493889059731,29,32,28,29
1680679493891336609,29,32,28,29
1680679493893556568,29,32,28,29
1680679493895784565,29,32,28,29
1680679493898015123,29,32,28,29
1680679493900242946,29,32,28,29
1680679493902469700,29,32,28,29
1680679493904121897,29,28,28,29
1680679493905776879,29,28,28,29
1680679493907426336,29,28,28,29
1680679493909098690,29,28,28,29
1680679493910738934,29,28,28,29
1680679493912724555,29,28,28,29
1680679493914504377,29,28,28,29
1680679493916144183,29,28,28,29
1680679493917787702,29,28,28,29
1680679493919567753,29,28,28,29
1680679493921236324,29,28,28,29
1680679493922887359,29,28,28,29
1680679493924531552,29,28,28,29
1680679493926346353,29,28,28,29
1680679493927992407,29,28,28,29
1680679493929691515,29,28,28,29
1680679493931378197,29,28,28,29
1680679493933151594,29,28,28,29
1680679493934808611,29,28,28,29
1680679493936443897,29,28,28,29
1680679493938082482,29,28,28,29
1680679493939781716,29,28,28,29
1680679493941538294,29,28,28,29
1680679493943181078,29,28,28,29
1680679493944838369,29,28,28,29
1680679493946472305,29,28,28,29
1680679493948115122,29,28,28,29
1680679493949791065,29,28,28,29
1680679493951447081,29,28,28,29
1680679493953081500,29,28,28,29
1680679493954737170,29,28,28,29
1680679493956382768,29,28,28,29
1680679493958019678,29,28,28,29
1680679493959709278,29,28,28,29
1680679493961364685,29,28,28,29
1680679493962998433,29,28,28,29
1680679493964638846,29,28,28,29
1680679493966279018,29,28,28,29
1680679493967913805,29,28,28,29
1680679493969610590,29,28,28,29
1680679493971323570,29,28,28,29
1680679493972959659,29,28,28,29
1680679493974615730,29,28,28,29
1680679493976259174,29,28,28,29
1680679493977905946,29,28,28,29
1680679493979585197,29,28,28,29
1680679493981293336,29,28,28,29
1680679493982932622,29,28,28,29
1680679493984578630,29,28,28,29
1680679493986231187,29,28,28,29
1680679493988007153,29,28,28,29
1680679493989863241,29,28,28,29
1680679493991830180,29,28,28,29
1680679493993661422,29,28,28,29
1680679493995527149,29,28,28,29
1680679493997359929,29,28,28,29
1680679493999300423,29,28,28,29
1680679494001814111,29,28,28,29
1680679494003650969,29,28,28,29
1680679494005482985,29,28,28,29
1680679494007320582,29,28,28,29
1680679494009179751,29,28,28,29
1680679494011022290,29,28,28,29
1680679494012844643,29,28,28,29
1680679494014674646,29,28,28,29
1680679494016530348,29,28,28,29
1680679494018378057,29,28,28,29
1680679494020188416,29,28,28,29
1680679494022103957,29,28,28,29
1680679494023936236,29,28,28,29
1680679494025789953,29,28,28,29
1680679494027629001,29,28,28,29
1680679494029540085,29,28,28,29
1680679494031425955,29,28,28,29
1680679494033244058,29,28,28,29
1680679494035101758,29,28,28,29
1680679494036944998,29,28,28,29
1680679494038818379,29,28,28,29
1680679494040722656,29,28,28,29
1680679494042581527,29,28,28,29
1680679494044419077,29,28,28,29
1680679494046349581,29,28,28,29
1680679494049839006,29,28,28,29
1680679494052348298,29,28,28,29
1680679494055065253,29,28,28,29
1680679494088370075,29,29,28,29
1680679494152854735,29,29,28,29
1680679494189898995,29,29,28,29
1680679494192320539,29,29,28,29
1680679494193970366,29,29,28,29
1680679494195624187,29,29,28,29
1680679494197249845,29,29,28,29
1680679494198891530,29,29,28,29
1680679494200624346,29,29,28,29
1680679494202274412,29,29,28,29
1680679494203938348,29,29,28,29
1680679494205584961,29,29,28,29
1680679494207212317,29,29,28,29
1680679494208849870,29,29,28,29
1680679494210540809,29,29,28,29
1680679494212204726,29,29,28,29
1680679494213847001,29,29,28,29
1680679494215502330,29,29,28,29
1680679494217139681,29,29,28,29
1680679494218795692,29,29,28,29
1680679494220442740,29,29,28,29
1680679494222096453,29,29,28,29
1680679494223775600,29,29,28,29
1680679494225423589,29,29,28,29
1680679494227132791,29,29,28,29
1680679494228781325,29,29,28,29
1680679494230458056,29,29,28,29
1680679494232130427,29,29,28,29
1680679494233761076,29,29,28,29
1680679494235405139,29,29,28,29
1680679494237038726,29,29,28,29
1680679494238671799,29,29,28,29
1680679494240376616,29,29,28,29
1680679494242019243,29,29,28,29
1680679494243692637,29,29,28,29
1680679494245339979,29,29,28,29
1680679494246998455,29,29,28,29
1680679494248631172,29,29,28,29
1680679494250309675,29,29,28,29
1680679494251989162,29,29,28,29
1680679494253623234,29,29,28,29
1680679494255262711,29,29,28,29
1680679494256909898,29,29,28,29
1680679494258550836,29,29,28,29
1680679494260252715,29,29,28,29
1680679494261910960,29,29,28,29
1680679494263550371,29,29,28,29
1680679494265187688,29,29,28,29
1680679494266840105,29,29,28,29
1680679494268479982,29,29,28,29
1680679494270143804,29,29,28,29
1680679494271773547,29,29,28,29
1680679494273422996,29,29,28,29
1680679494275062458,29,29,28,29
1680679494276711253,29,29,28,29
1680679494278353766,29,29,28,29
1680679494280047771,29,29,28,29
1680679494281715121,29,29,28,29
1680679494283347594,29,29,28,29
1680679494284983966,29,29,28,29
1680679494286624093,29,29,28,29
1680679494288267792,29,29,28,29
1680679494289901864,29,29,28,29
1680679494291644662,29,29,28,29
1680679494293320535,29,29,28,29
1680679494294971486,29,29,28,29
1680679494296617454,29,29,28,29
1680679494298272122,29,29,28,29
1680679494299992448,29,29,28,29
1680679494301627627,29,29,28,29
1680679494303273453,29,29,28,29
1680679494304910908,29,29,28,29
1680679494306544149,29,29,28,29
1680679494308179855,29,29,28,29
1680679494309822975,29,29,28,29
1680679494311483842,29,29,28,29
1680679494313223553,29,29,28,29
1680679494314865996,29,29,28,29
1680679494316507149,29,29,28,29
1680679494318146507,29,29,28,29
1680679494319850142,29,29,28,29
1680679494321481411,29,29,28,29
1680679494323272142,29,29,28,29
1680679494324979347,29,29,28,29
1680679494326624195,29,29,28,29
1680679494328278258,29,29,28,29
1680679494329945660,29,29,28,29
1680679494331579505,29,29,28,29
1680679494333268094,29,29,28,29
1680679494334914348,29,29,28,29
1680679494336561368,29,29,28,29
1680679494338215117,29,29,28,29
1680679494339884100,29,29,28,29
1680679494341541338,29,29,28,29
1680679494343169090,29,29,28,29
1680679494344860322,29,29,28,29
1680679494346495088,29,29,28,29
1680679494348127424,29,29,28,29
1680679494349766856,29,29,28,29
1680679494351460518,29,29,28,29
1680679494353161698,29,29,28,29
1680679494354801607,29,29,28,29
1680679494356536602,29,29,28,29
1680679494358188271,29,29,28,29
1680679494359883034,29,29,28,29
1680679494361529208,29,29,28,29
1680679494363179246,29,29,28,29
1680679494364835081,29,29,28,29
1680679494366614943,29,29,28,29
1680679494368262782,29,29,28,29
1680679494369911703,29,29,28,29
1680679494371569478,29,29,28,29
1680679494373263666,29,29,28,29
1680679494374903534,29,29,28,29
1680679494376548728,29,29,28,29
1680679494378198296,29,29,28,29
1680679494379911422,29,29,28,29
1680679494381549324,29,29,28,29
1680679494383184986,29,29,28,29
1680679494384836018,29,29,28,29
1680679494386481266,29,29,28,29
1680679494388109801,29,29,28,29
1680679494389744400,29,29,28,29
1680679494391411254,29,29,28,29
1680679494393200258,29,29,28,29
1680679494394837745,29,29,28,29
1680679494396482335,29,29,28,29
1680679494398166229,29,29,28,29
1680679494399843255,29,29,28,29
1680679494401485893,29,29,28,29
1680679494403143368,29,29,28,29
1680679494404842638,29,29,28,29
1680679494406470299,29,29,28,29
1680679494408116028,29,29,28,29
1680679494409759391,29,29,28,29
1680679494411479580,29,29,28,29
1680679494413147125,29,29,28,29
1680679494414782523,29,29,28,29
1680679494416425811,29,29,28,29
1680679494418068389,29,29,28,29
1680679494419789325,29,29,28,29
1680679494421448210,29,29,28,29
1680679494423097509,29,29,28,29
1680679494424725608,29,29,28,29
1680679494426362830,29,29,28,29
1680679494428011708,29,29,28,29
1680679494429659772,29,29,28,29
1680679494431343260,29,29,28,29
1680679494433049091,29,29,28,29
1680679494434696680,29,29,28,29
1680679494436345432,29,29,28,29
1680679494437996398,29,29,28,29
1680679494439664711,29,29,28,29
1680679494441328253,29,29,28,29
1680679494442992580,29,29,28,29
1680679494444680520,29,29,28,29
1680679494446328792,29,29,28,29
1680679494447980238,29,29,28,29
1680679494449716821,29,29,28,29
1680679494451397249,29,29,28,29
1680679494453088225,29,29,28,29
1680679494454818417,29,29,28,29
1680679494456460617,29,29,28,29
1680679494458132071,29,29,28,29
1680679494459792428,29,29,28,29
1680679494461426432,29,29,28,29
1680679494463073379,29,29,28,29
1680679494464723695,29,29,28,29
1680679494466371750,29,29,28,29
1680679494468004351,29,29,28,29
1680679494469646949,29,29,28,29
1680679494471332983,29,29,28,29
1680679494473018304,29,29,28,29
1680679494474666891,29,29,28,29
1680679494476313233,29,29,28,29
1680679494477950774,29,29,28,29
1680679494479724990,29,29,28,29
1680679494481366329,29,29,28,29
1680679494483026645,29,29,28,29
1680679494484723367,29,29,28,29
1680679494486370429,29,29,28,29
1680679494488027715,29,29,28,29
1680679494489666849,29,29,28,29
1680679494491379114,29,29,28,29
1680679494493224601,29,29,28,29
1680679494494881297,29,29,28,29
1680679494496543733,29,29,28,29
1680679494498284580,29,29,28,29
1680679494499982911,29,29,28,29
1680679494501628043,29,29,28,29
1680679494503282199,29,29,28,29
1680679494505008765,29,29,28,29
1680679494506662709,29,29,28,29
1680679494508298773,29,29,28,29
1680679494509948421,29,29,28,29
1680679494511657443,29,29,28,29
1680679494513437913,29,29,28,29
1680679494515074901,29,29,28,29
1680679494516724090,29,29,28,29
1680679494518364271,29,29,28,29
1680679494520036998,29,29,28,29
1680679494521683083,29,29,28,29
1680679494523336417,29,29,28,29
1680679494525005321,29,29,28,29
1680679494526648489,29,29,28,29
1680679494528292653,29,29,28,29
1680679494529926139,29,29,28,29
1680679494531659064,29,29,28,29
1680679494533321547,29,29,28,29
1680679494535006959,29,29,28,29
1680679494536660360,29,29,28,29
1680679494538306757,29,29,28,29
1680679494540018102,29,29,28,29
1680679494541683533,29,29,28,29
1680679494543330601,29,29,28,29
1680679494545029518,29,29,28,29
1680679494546673678,29,29,28,29
1680679494548320250,29,29,28,29
1680679494549977105,29,29,28,29
1680679494551661310,29,29,28,29
1680679494553308331,29,29,28,29
1680679494555027207,29,29,28,29
1680679494556657781,29,29,28,29
1680679494558300796,29,29,28,29
1680679494560004645,29,29,28,29
1680679494561644827,29,29,28,29
1680679494563292232,29,29,28,29
1680679494564982729,29,29,28,29
1680679494566616314,29,29,28,29
1680679494568275648,29,29,28,29
1680679494569912207,29,29,28,29
1680679494571559074,29,29,28,29
1680679494573218894,29,29,28,29
1680679494574865685,29,29,28,29
1680679494576512234,29,29,28,29
1680679494578150231,29,29,28,29
1680679494579799456,29,29,28,29
1680679494581440978,29,29,28,29
1680679494583066531,29,29,28,29
1680679494584725649,29,29,28,29
1680679494586371660,29,29,28,29
1680679494588012308,29,29,28,29
1680679494589654063,29,29,28,29
1680679494591300195,29,29,28,29
1680679494593090105,29,29,28,29
1680679494594760223,29,29,28,29
1680679494596395560,29,29,28,29
1680679494598043004,29,29,28,29
1680679494599686280,29,29,28,29
1680679494601383880,29,29,28,29
1680679494603033861,29,29,28,29
1680679494604725574,29,29,28,29
1680679494606392666,29,29,28,29
1680679494608026087,29,29,28,29
1680679494609666037,29,29,28,29
1680679494611303755,29,29,28,29
1680679494613002632,29,29,28,29
1680679494614649879,29,29,28,29
1680679494616306841,29,29,28,29
1680679494617948306,29,29,28,29
1680679494619590843,29,29,28,29
1680679494621289958,29,29,28,29
1680679494622921812,29,29,28,29
1680679494624572866,29,29,28,29
1680679494626212693,29,29,28,29
1680679494627868910,29,29,28,29
1680679494629495823,29,29,28,29
1680679494631137648,29,29,28,29
1680679494632881764,29,29,28,29
1680679494634526582,29,29,28,29
1680679494636161677,29,29,28,29
1680679494637809525,29,29,28,29
1680679494639462169,29,29,28,29
1680679494641148633,29,29,28,29
1680679494642793261,29,29,28,29
1680679494644465026,29,29,28,29
1680679494646116367,29,29,28,29
1680679494647759326,29,29,28,29
1680679494649405299,29,29,28,29
1680679494651051754,29,29,28,29
1680679494652817378,29,29,28,29
1680679494654468696,29,29,28,29
1680679494656121705,29,29,28,29
1680679494657754688,29,29,28,29
1680679494659398415,29,29,28,29
1680679494661094273,29,29,28,29
1680679494662730466,29,29,28,29
1680679494664387876,29,29,28,29
1680679494666039264,29,29,28,29
1680679494667692720,29,29,28,29
1680679494669333921,29,29,28,29
1680679494670985295,29,29,28,29
1680679494672660295,29,29,28,29
1680679494674323960,29,29,28,29
1680679494675952253,29,29,28,29
1680679494677573982,29,29,28,29
1680679494679215691,29,29,28,29
1680679494680886404,29,29,28,29
1680679494682533388,29,29,28,29
1680679494684173766,29,29,28,29
1680679494685832317,29,29,28,29
1680679494687477635,29,29,28,29
1680679494689120386,29,29,28,29
1680679494690748308,29,29,28,29
1680679494692387174,29,29,28,29
1680679494694218633,29,29,28,29
1680679494695866253,29,29,28,29
1680679494697508285,29,29,28,29
1680679494699144056,29,29,28,29
1680679494700829872,29,29,28,29
1680679494702480478,29,29,28,29
1680679494704135147,29,29,28,29
1680679494705768765,29,29,28,29
1680679494707419186,29,29,28,29
1680679494709058185,29,29,28,29
1680679494710696264,29,29,28,29
1680679494712347164,29,29,28,29
1680679494714046596,29,29,28,29
1680679494715681750,29,29,28,29
1680679494717320610,29,29,28,29
1680679494718958958,29,29,28,29
1680679494720597964,29,29,28,29
1680679494722255028,29,29,28,29
1680679494723954739,29,29,28,29
1680679494725613547,29,29,28,29
1680679494727248608,29,29,28,29
1680679494728881308,29,29,28,29
1680679494730521999,29,29,28,29
1680679494732174991,29,29,28,29
1680679494733903659,29,29,28,29
1680679494735552430,29,29,28,29
1680679494737190718,29,29,28,29
1680679494738832822,29,29,28,29
1680679494740588807,29,29,28,29
1680679494742238775,29,29,28,29
1680679494743888613,29,29,28,29
1680679494745580120,29,29,28,29
1680679494747211906,29,29,28,29
1680679494748843997,29,29,28,29
1680679494750476799,29,29,28,29
1680679494752119328,29,29,28,29
1680679494753853817,29,29,28,29
1680679494755555589,29,29,28,29
1680679494757205218,29,29,28,29
1680679494758831928,29,29,28,29
1680679494760562706,29,29,28,29
1680679494762216126,29,29,28,29
1680679494763861276,29,29,28,29
1680679494765517013,29,29,28,29
1680679494767158991,29,29,28,29
1680679494768798482,29,29,28,29
1680679494770439851,29,29,28,29
1680679494772079868,29,29,28,29
1680679494773839354,29,29,28,29
1680679494775478092,29,29,28,29
1680679494777107044,29,29,28,29
1680679494778749096,29,29,28,29
1680679494780447062,29,29,28,29
1680679494782088775,29,29,28,29
1680679494783718231,29,29,28,29
1680679494785427588,29,29,28,29
1680679494787050757,29,29,28,29
1680679494788676889,29,29,28,29
1680679494790310136,29,29,28,29
1680679494791942754,29,29,28,29
1680679494793629104,29,29,28,29
1680679494795416405,29,29,28,29
1680679494797059272,29,29,28,29
1680679494798688749,29,29,28,29
1680679494800322241,29,29,28,29
1680679494801954079,29,29,28,29
1680679494803577170,29,29,28,29
1680679494805284533,29,29,28,29
1680679494806911343,29,29,28,29
1680679494808555273,29,29,28,29
1680679494810189148,29,29,28,29
1680679494811825351,29,29,28,29
1680679494813528889,29,29,28,29
1680679494815156899,29,29,28,29
1680679494816793920,29,29,28,29
1680679494818441423,29,29,28,29
1680679494820073463,29,29,28,29
1680679494821729941,29,29,28,29
1680679494823372835,29,29,28,29
1680679494825059202,29,29,28,29
1680679494826686820,29,29,28,29
1680679494828317368,29,29,28,29
1680679494829954846,29,29,28,29
1680679494831597428,29,29,28,29
1680679494833285403,29,29,28,29
1680679494834913662,29,29,28,29
1680679494836550627,29,29,28,29
1680679494838198447,29,29,28,29
1680679494839841805,29,29,28,29
1680679494841520120,29,29,28,29
1680679494843167976,29,29,28,29
1680679494844832240,29,29,28,29
1680679494846472961,29,29,28,29
1680679494848094514,29,29,28,29
1680679494849731058,29,29,28,29
1680679494851446414,29,29,28,29
1680679494853255321,29,29,28,29
1680679494855001766,29,29,28,29
1680679494856732320,29,29,28,29
1680679494858475529,29,29,28,29
1680679494860205123,29,29,28,29
1680679494862008062,29,29,28,29
1680679494863738947,29,29,28,29
1680679494865535065,29,29,28,29
1680679494867308298,29,29,28,29
1680679494869028163,29,29,28,29
1680679494870762302,29,29,28,29
1680679494872493138,29,29,28,29
1680679494874340416,29,29,28,29
1680679494876069504,29,29,28,29
1680679494877802784,29,29,28,29
1680679494879548086,29,29,28,29
1680679494881310784,29,29,28,29
1680679494883051470,29,29,28,29
1680679494884805212,29,29,28,29
1680679494886534683,29,29,28,29
1680679494888258458,29,29,28,29
1680679494889991701,29,29,28,29
1680679494891703934,29,29,28,29
1680679494893450661,29,29,28,29
1680679494895312509,29,29,28,29
1680679494897037509,29,29,28,29
1680679494898755759,29,29,28,29
1680679494900481994,29,29,28,29
1680679494902202929,29,29,28,29
1680679494903927491,29,29,28,29
1680679494905695553,29,29,28,29
1680679494907417215,29,29,28,29
1680679494909147676,29,29,28,29
1680679494910866699,29,29,28,29
1680679494912602488,29,29,28,29
1680679494914440420,29,29,28,29
1680679494916170557,29,29,28,29
1680679494917893010,29,29,28,29
1680679494919613625,29,29,28,29
1680679494921456989,29,29,28,29
1680679494923192500,29,29,28,29
1680679494924979715,29,29,28,29
1680679494926715586,29,29,28,29
1680679494928456367,29,29,28,29
1680679494930183885,29,29,28,29
1680679494931907271,29,29,28,29
1680679494933638200,29,29,28,29
1680679494935380762,29,29,28,29
1680679494937104032,29,29,28,29
1680679494938827877,29,29,28,29
1680679494940566485,29,29,28,29
1680679494942415798,29,29,28,29
1680679494944137383,29,29,28,29
1680679494945971390,29,29,28,29
1680679494947699200,29,29,28,29
1680679494949424790,29,29,28,29
1680679494951150735,29,29,28,29
1680679494952884077,29,29,28,29
1680679494954682866,29,29,28,29
1680679494956418404,29,29,28,29
1680679494958145921,29,29,28,29
1680679494959865990,29,29,28,29
1680679494961617424,29,29,28,29
1680679494963345821,29,29,28,29
1680679494965109931,29,29,28,29
1680679494966830014,29,29,28,29
1680679494968563104,29,29,28,29
1680679494970300418,29,29,28,29
1680679494972021271,29,29,28,29
1680679494973768345,29,29,28,29
1680679494975545614,29,29,28,29
1680679494977250480,29,29,28,29
1680679494978958655,29,29,28,29
1680679494980678750,29,29,28,29
1680679494982411495,29,29,28,29
1680679494984147784,29,29,28,29
1680679494985955218,29,29,28,29
1680679494987669804,29,29,28,29
1680679494989408420,29,29,28,29
1680679494991141520,29,29,28,29
1680679494992854201,29,29,28,29
1680679494994635985,29,29,28,29
1680679494996404230,29,29,28,29
1680679494998141362,29,29,28,29
1680679494999870800,29,29,28,29
1680679495001611222,29,29,28,29
1680679495003321853,29,29,28,29
1680679495005154363,29,29,28,29
1680679495006879438,29,29,28,29
1680679495008602207,29,29,28,29
1680679495010340696,29,29,28,29
1680679495012059201,29,29,28,29
1680679495013816752,29,29,28,29
1680679495015599664,29,29,28,29
1680679495017329128,29,29,28,29
1680679495019042470,29,29,28,29
1680679495020731720,29,29,28,29
1680679495022468968,29,29,28,29
1680679495024180383,29,29,28,29
1680679495025947649,29,29,28,29
1680679495027679693,29,29,28,29
1680679495029395832,29,29,28,29
1680679495031120112,29,29,28,29
1680679495032852478,29,29,28,29
1680679495034762158,29,29,28,29
1680679495036474584,29,29,28,29
1680679495038207647,29,29,28,29
1680679495039924888,29,29,28,29
1680679495041664981,29,29,28,29
1680679495043408753,29,29,28,29
1680679495045154652,29,29,28,29
1680679495046980033,29,29,28,29
1680679495048723163,29,29,28,29
1680679495050468498,29,29,28,29
1680679495052200892,29,29,28,29
1680679495053981992,29,29,28,29
1680679495055826812,29,29,28,29
1680679495057558276,29,29,28,29
1680679495059281191,29,29,28,29
1680679495061009625,29,29,28,29
1680679495062735044,29,29,28,29
1680679495064469319,29,29,28,29
1680679495066214204,29,29,28,29
1680679495068032111,29,29,28,29
1680679495069745036,29,29,28,29
1680679495071467248,29,29,28,29
1680679495073181343,29,29,28,29
1680679495074940191,29,29,28,29
1680679495076671627,29,29,28,29
1680679495078392753,29,29,28,29
1680679495080128993,29,29,28,29
1680679495081873369,29,29,28,29
1680679495083602135,29,29,28,29
1680679495085328283,29,29,28,29
1680679495087053483,29,29,28,29
1680679495088730997,29,29,28,29
1680679495090450266,29,29,28,29
1680679495092180730,29,29,28,29
1680679495093936990,29,29,28,29
1680679495095686345,29,29,28,29
1680679495097530414,29,29,28,29
1680679495099272988,29,29,28,29
1680679495100997773,29,29,28,29
1680679495102710707,29,29,28,29
1680679495104434919,29,29,28,29
1680679495106247322,29,29,28,29
1680679495107982485,29,29,28,29
1680679495109719325,29,29,28,29
1680679495111441826,29,29,28,29
1680679495113152746,29,29,28,29
1680679495114930302,29,29,28,29
1680679495116696767,29,29,28,29
1680679495118424852,29,29,28,29
1680679495120154045,29,29,28,29
1680679495121921350,29,29,28,29
1680679495123652127,29,29,28,29
1680679495125436609,29,29,28,29
1680679495127155654,29,29,28,29
1680679495128871906,29,29,28,29
1680679495130590685,29,29,28,29
1680679495132307573,29,29,28,29
1680679495134043589,29,29,28,29
1680679495135937752,29,29,28,29
1680679495137668287,29,29,28,29
1680679495139842748,29,29,28,29
1680679495142100842,29,29,28,29
1680679495143744214,29,29,28,29
1680679495145433464,29,29,28,29
1680679495147137486,29,29,28,29
1680679495148774378,29,29,28,29
1680679495150401200,29,29,28,29
1680679495152018006,29,29,28,29
1680679495153642734,29,29,29,29
1680679495155329870,29,29,29,29
1680679495156959123,29,29,29,29
1680679495158580688,29,29,29,29
1680679495160220839,29,29,29,29
1680679495161867456,29,29,29,29
1680679495163493910,29,29,29,29
1680679495165136627,29,29,29,29
1680679495166789553,29,29,29,29
1680679495168516875,29,29,29,29
1680679495170147412,29,29,29,29
1680679495171784817,29,29,29,29
1680679495173410938,29,29,29,29
1680679495175081210,29,29,29,29
1680679495176726274,29,29,29,29
1680679495178361310,29,29,29,29
1680679495179980589,29,29,29,29
1680679495181734189,29,29,29,29
1680679495183370911,29,29,29,29
1680679495184990920,29,29,29,29
1680679495186674202,29,29,29,29
1680679495188290426,29,29,29,29
1680679495189921367,29,29,29,29
1680679495191557524,29,29,29,29
1680679495193184220,29,29,29,29
1680679495194842930,29,29,29,29
1680679495196557116,29,29,29,29
1680679495198247589,29,29,29,29
1680679495199907061,29,29,29,29
1680679495201563815,29,29,29,29
1680679495203211963,29,29,29,29
1680679495204838889,29,29,29,29
1680679495206526638,29,29,29,29
1680679495208157969,29,29,29,29
1680679495209918918,29,29,29,29
1680679495211952326,29,29,29,29
1680679495213588647,29,29,29,29
1680679495215242767,29,29,29,29
1680679495216906555,29,29,29,29
1680679495218725248,29,29,29,29
1680679495220370580,29,29,29,29
1680679495222099032,29,29,29,29
1680679495223716432,29,29,29,29
1680679495225601447,29,29,29,29
1680679495227249068,29,29,29,29
1680679495228868440,29,29,29,29
1680679495230488291,29,29,29,29
1680679495232254399,29,29,29,29
1680679495233878874,29,29,29,29
1680679495235502682,29,29,29,29
1680679495237148493,29,29,29,29
1680679495238783872,29,29,29,29
1680679495240500101,29,29,29,29
1680679495242144742,29,29,29,29
1680679495243799985,29,29,29,29
1680679495245428651,29,29,29,29
1680679495247059032,29,29,29,29
1680679495248679950,29,29,29,29
1680679495250307764,29,29,29,29
1680679495251931328,29,29,29,29
1680679495253553377,29,29,29,29
1680679495255198197,29,29,29,29
1680679495256884336,29,29,29,29
1680679495258506395,29,29,29,29
1680679495260131794,29,29,29,29
1680679495261765548,29,29,29,29
1680679495263383501,29,29,29,29
1680679495265015684,29,29,29,29
1680679495266662835,29,29,29,29
1680679495268355265,29,29,29,29
1680679495269986428,29,29,29,29
1680679495271631829,29,29,29,29
1680679495273258872,29,29,29,29
1680679495274964723,29,29,29,29
1680679495276594837,29,29,29,29
1680679495278226745,29,29,29,29
1680679495279860256,29,29,29,29
1680679495281495146,29,29,29,29
1680679495283209547,29,29,29,29
1680679495284845438,29,29,29,29
1680679495286494568,29,29,29,29
1680679495288125621,29,29,29,29
1680679495289745541,29,29,29,29
1680679495291380667,29,29,29,29
1680679495293012073,29,29,29,29
1680679495294748465,29,29,29,29
1680679495296428261,29,29,29,29
1680679495298200036,29,29,29,29
1680679495299830803,29,29,29,29
1680679495301453420,29,29,29,29
1680679495303106124,29,29,29,29
1680679495304724765,29,29,29,29
1680679495306457480,29,29,29,29
1680679495308090829,29,29,29,29
1680679495309712585,29,29,29,29
1680679495311331676,29,29,29,29
1680679495312952735,29,29,29,29
1680679495314650519,29,29,29,29
1680679495316268338,29,29,29,29
1680679495317902514,29,29,29,29
1680679495319528806,29,29,29,29
1680679495321155076,29,29,29,29
1680679495322865750,29,29,29,29
1680679495324699448,29,29,29,29
1680679495326589329,29,29,29,29
1680679495328388112,29,29,29,29
1680679495330240077,29,29,29,29
1680679495332068385,29,29,29,29
1680679495333848944,29,29,29,29
1680679495335688808,29,29,29,29
1680679495338864339,29,29,29,29
1680679495340698244,29,29,29,29
1680679495342549514,29,29,29,29
1680679495344406542,29,29,29,29
1680679495346335764,29,29,29,29
1680679495348169323,29,29,29,29
1680679495350019715,29,29,29,29
1680679495351941917,29,29,29,29
1680679495354380490,29,29,29,29
1680679495356277793,29,29,29,29
1680679495358100193,29,29,29,29
1680679495359932702,29,29,29,29
1680679495361786954,29,29,29,29
1680679495363647845,29,29,29,29
1680679495365479672,29,29,29,29
1680679495367299984,29,29,29,29
1680679495369862862,29,29,29,29
1680679495371693031,29,29,29,29
1680679495373516527,29,29,29,29
1680679495375387226,29,29,29,29
1680679495377262183,29,29,29,29
1680679495379119926,29,29,29,29
1680679495380954921,29,29,29,29
1680679495382844081,29,29,29,29
1680679495384672531,29,29,29,29
1680679495386964468,29,29,29,29
1680679495390980847,29,29,29,29
1680679495394034101,29,29,29,29
1680679495396853685,29,29,29,29
1680679495399751288,29,29,29,29
1680679495468383867,29,29,28,29
1680679495536543257,29,29,28,29
1680679495539076211,29,29,28,29
1680679495540702085,29,29,28,29
1680679495542601661,29,29,28,29
1680679495544247201,29,29,28,29
1680679495546113209,29,29,28,29
1680679495547749139,29,29,28,29
1680679495549381907,29,29,28,29
1680679495551011569,29,29,28,29
1680679495552651503,29,29,28,29
1680679495554283510,29,29,28,29
1680679495555966539,29,29,28,29
1680679495557614161,29,29,28,29
1680679495559244628,29,29,28,29
1680679495560867732,29,29,28,29
1680679495562487648,29,29,28,29
1680679495564109159,29,29,28,29
1680679495565834780,29,29,28,29
1680679495567510693,29,29,28,29
1680679495569199393,29,29,28,29
1680679495570816929,29,29,28,29
1680679495572449996,29,29,28,29
1680679495574073672,29,29,28,29
1680679495575750285,29,29,28,29
1680679495577405666,29,29,28,29
1680679495579050157,29,29,28,29
1680679495580678040,29,29,28,29
1680679495582315687,29,29,28,29
1680679495583951297,29,29,28,29
1680679495585632332,29,29,28,29
1680679495587295739,29,29,28,29
1680679495588916555,29,29,28,29
1680679495590540540,29,29,28,29
1680679495592169311,29,29,28,29
1680679495593798213,29,29,28,29
1680679495595426028,29,29,28,29
1680679495597041871,29,29,28,29
1680679495598739335,29,29,28,29
1680679495600414730,29,29,28,29
1680679495602064731,29,29,28,29
1680679495603690234,29,29,28,29
1680679495605408246,29,29,28,29
1680679495607090467,29,29,28,29
1680679495608721240,29,29,28,29
1680679495610343579,29,29,28,29
1680679495611967970,29,29,28,29
1680679495613595282,29,29,28,29
1680679495615240681,29,29,28,29
1680679495616857571,29,29,28,29
1680679495618545999,29,29,28,29
1680679495620172993,29,29,28,29
1680679495621800628,29,29,28,29
1680679495623439930,29,29,28,29
1680679495625099778,29,29,28,29
1680679495626758752,29,29,28,29
1680679495628381944,29,29,28,29
1680679495630009442,29,29,28,29
1680679495631632353,29,29,28,29
1680679495633248864,29,29,28,29
1680679495634882120,29,29,28,29
1680679495636525524,29,29,28,29
1680679495638153237,29,29,28,29
1680679495639786759,29,29,28,29
1680679495641410515,29,29,28,29
1680679495643031096,29,29,28,29
1680679495644795761,29,29,28,29
1680679495646526402,29,29,28,29
1680679495648272492,29,29,28,29
1680679495649913700,29,29,28,29
1680679495651546041,29,29,28,29
1680679495653169763,29,29,28,29
1680679495654792726,29,29,28,29
1680679495656480292,29,29,28,29
1680679495658120800,29,29,28,29
1680679495659885364,29,29,28,29
1680679495661507541,29,29,28,29
1680679495663129074,29,29,28,29
1680679495664724614,29,29,28,29
1680679495666376199,29,29,28,29
1680679495667988262,29,29,28,29
1680679495669610629,29,29,28,29
1680679495671249048,29,29,28,29
1680679495672866151,29,29,28,29
1680679495674497349,29,29,28,29
1680679495676178822,29,29,28,29
1680679495677801261,29,29,28,29
1680679495679480513,29,29,28,29
1680679495681097889,29,29,28,29
1680679495682721722,29,29,28,29
1680679495684346152,29,29,28,29
1680679495685989135,29,29,28,29
1680679495687668725,29,29,28,29
1680679495689290971,29,29,28,29
1680679495690922522,29,29,28,29
1680679495692560874,29,29,28,29
1680679495694193096,29,29,28,29
1680679495695876320,29,29,28,29
1680679495697506870,29,29,28,29
1680679495699186816,29,29,28,29
1680679495701017750,29,29,28,29
1680679495702649882,29,29,28,29
1680679495704287096,29,29,28,29
1680679495705973656,29,29,28,29
1680679495707703283,29,29,28,29
1680679495709336957,29,29,28,29
1680679495710955590,29,29,28,29
1680679495712581620,29,29,28,29
1680679495714213067,29,29,28,29
1680679495715891577,29,29,28,29
1680679495717515490,29,29,28,29
1680679495719157621,29,29,28,29
1680679495720787875,29,29,28,29
1680679495722412837,29,29,28,29
1680679495724069151,29,29,28,29
1680679495725780986,29,29,28,29
1680679495727510507,29,29,28,29
1680679495729135346,29,29,28,29
1680679495730766992,29,29,28,29
1680679495732407603,29,29,28,29
1680679495734047441,29,29,28,29
1680679495735692670,29,29,28,29
1680679495737316863,29,29,28,29
1680679495739013341,29,29,28,29
1680679495740637281,29,29,28,29
1680679495742268332,29,29,28,29
1680679495743892995,29,29,28,29
1680679495745549287,29,29,28,29
1680679495747320495,29,29,28,29
1680679495748953654,29,29,28,29
1680679495750576701,29,29,28,29
1680679495752198546,29,29,28,29
1680679495753822552,29,29,28,29
1680679495755485806,29,29,28,29
1680679495757162806,29,29,28,29
1680679495758789971,29,29,28,29
1680679495760410667,29,29,28,29
1680679495762040643,29,29,28,29
1680679495763692692,29,29,28,29
1680679495765314776,29,29,28,29
1680679495766973353,29,29,28,29
1680679495768609822,29,29,28,29
1680679495770228850,29,29,28,29
1680679495771847371,29,29,28,29
1680679495773464569,29,29,28,29
1680679495775088909,29,29,28,29
1680679495776725754,29,29,28,29
1680679495778353607,29,29,28,29
1680679495780004984,29,29,28,29
1680679495781629266,29,29,28,29
1680679495783261838,29,29,28,29
1680679495784893296,29,29,28,29
1680679495786561517,29,29,28,29
1680679495788237197,29,29,28,29
1680679495789856315,29,29,28,29
1680679495791477005,29,29,28,29
1680679495793107721,29,29,28,29
1680679495794736819,29,29,28,29
1680679495796413014,29,29,28,29
1680679495798043477,29,29,28,29
1680679495799676971,29,29,28,29
1680679495801384628,29,29,28,29
1680679495803014758,29,29,28,29
1680679495804654118,29,29,28,29
1680679495806373623,29,29,28,29
1680679495808053878,29,29,28,29
1680679495809679005,29,29,28,29
1680679495811302085,29,29,28,29
1680679495812919821,29,29,28,29
1680679495814539914,29,29,28,29
1680679495816240378,29,29,28,29
1680679495817867072,29,29,28,29
1680679495819531625,29,29,28,29
1680679495821157867,29,29,28,29
1680679495822783379,29,29,28,29
1680679495824405141,29,29,28,29
1680679495826036825,29,29,28,29
1680679495827715883,29,29,28,29
1680679495829356802,29,29,28,29
1680679495830983461,29,29,28,29
1680679495832681631,29,29,28,29
1680679495834315018,29,29,28,29
1680679495835999701,29,29,28,29
1680679495837624493,29,29,28,29
1680679495839257778,29,29,28,29
1680679495840891893,29,29,28,29
1680679495842527450,29,29,28,29
1680679495844146445,29,29,28,29
1680679495845765777,29,29,28,29
1680679495847462495,29,29,28,29
1680679495849219797,29,29,28,29
1680679495850865793,29,29,28,29
1680679495852498604,29,29,28,29
1680679495854132531,29,29,28,29
1680679495855772351,29,29,28,29
1680679495857469143,29,29,28,29
1680679495859117425,29,29,28,29
1680679495860812498,29,29,28,29
1680679495862506970,29,29,28,29
1680679495864155081,29,29,28,29
1680679495865789636,29,29,28,29
1680679495867537438,29,29,28,29
1680679495869173157,29,29,28,29
1680679495870816612,29,29,28,29
1680679495872440926,29,29,28,29
1680679495874058787,29,29,28,29
1680679495875719017,29,29,28,29
1680679495877336895,29,29,28,29
1680679495878969759,29,29,28,29
1680679495880684196,29,29,28,29
1680679495882324824,29,29,28,29
1680679495883953442,29,29,28,29
1680679495885576188,29,29,28,29
1680679495887236849,29,29,28,29
1680679495888862495,29,29,28,29
1680679495890487942,29,29,28,29
1680679495892119451,29,29,28,29
1680679495893738186,29,29,28,29
1680679495895356632,29,29,28,29
1680679495897035282,29,29,28,29
1680679495898664364,29,29,28,29
1680679495900295728,29,29,28,29
1680679495902008101,29,29,28,29
1680679495903641925,29,29,28,29
1680679495905269037,29,29,28,29
1680679495907103103,29,29,28,29
1680679495908725334,29,29,28,29
1680679495910357851,29,29,28,29
1680679495911976270,29,29,28,29
1680679495913608763,29,29,28,29
1680679495915231670,29,29,28,29
1680679495916881029,29,29,28,29
1680679495918517384,29,29,28,29
1680679495920203784,29,29,28,29
1680679495921846395,29,29,28,29
1680679495923477140,29,29,28,29
1680679495925102580,29,29,28,29
1680679495926735110,29,29,28,29
1680679495928442037,29,29,28,29
1680679495930074239,29,29,28,29
1680679495931693446,29,29,28,29
1680679495933308302,29,29,28,29
1680679495934924660,29,29,28,29
1680679495936596728,29,29,28,29
1680679495938235178,29,29,28,29
1680679495939862663,29,29,28,29
1680679495941509753,29,29,28,29
1680679495943142147,29,29,28,29
1680679495944777432,29,29,28,29
1680679495946397645,29,29,28,29
1680679495948267720,29,29,28,29
1680679495950016231,29,29,28,29
1680679495951639261,29,29,28,29
1680679495953276844,29,29,28,29
1680679495954910645,29,29,28,29
1680679495956582845,29,29,28,29
1680679495958215852,29,29,28,29
1680679495959840377,29,29,28,29
1680679495961485517,29,29,28,29
1680679495963121872,29,29,28,29
1680679495964726293,29,29,28,29
1680679495966432001,29,29,28,29
1680679495968144260,29,29,28,29
1680679495969853526,29,29,28,29
1680679495971479114,29,29,28,29
1680679495973099243,29,29,28,29
1680679495974722950,29,29,28,29
1680679495976438324,29,29,28,29
1680679495978068451,29,29,28,29
1680679495979690707,29,29,28,29
1680679495981395281,29,29,28,29
1680679495983030982,29,29,28,29
1680679495984647765,29,29,28,29
1680679495986280917,29,29,28,29
1680679495988018324,29,29,28,29
1680679495989646882,29,29,28,29
1680679495991264559,29,29,28,29
1680679495992888059,29,29,28,29
1680679495994505287,29,29,28,29
1680679495996146695,29,29,28,29
1680679495997784048,29,29,28,29
1680679495999402827,29,29,28,29
1680679496001056394,29,29,28,29
1680679496002743256,29,29,28,29
1680679496004377456,29,29,28,29
1680679496006002271,29,29,28,29
1680679496007688979,29,29,28,29
1680679496009331926,29,29,28,29
1680679496010970595,29,29,28,29
1680679496012599201,29,29,28,29
1680679496014227904,29,29,28,29
1680679496015945608,29,29,28,29
1680679496017576572,29,29,28,29
1680679496019199249,29,29,28,29
1680679496020924109,29,29,28,29
1680679496022559831,29,29,28,29
1680679496024185252,29,29,28,29
1680679496025818866,29,29,28,29
1680679496027506649,29,29,28,29
1680679496029128289,29,29,28,29
1680679496030746241,29,29,28,29
1680679496032376829,29,29,28,29
1680679496034016105,29,29,28,29
1680679496035634956,29,29,28,29
1680679496037317629,29,29,28,29
1680679496038939189,29,29,28,29
1680679496040560560,29,29,28,29
1680679496042301063,29,29,28,29
1680679496043927462,29,29,28,29
1680679496045569253,29,29,28,29
1680679496047186330,29,29,28,29
1680679496048866273,29,29,28,29
1680679496050547770,29,29,28,29
1680679496052165244,29,29,28,29
1680679496053790597,29,29,28,29
1680679496055413913,29,29,28,29
1680679496057071665,29,29,28,29
1680679496058706103,29,29,28,29
1680679496060329967,29,29,28,29
1680679496062010480,29,29,28,29
1680679496063667543,29,29,28,29
1680679496065299922,29,29,28,29
1680679496066940062,29,29,28,29
1680679496068706830,29,29,28,29
1680679496070354032,29,29,28,29
1680679496071974968,29,29,28,29
1680679496073595852,29,29,28,29
1680679496075228042,29,29,28,29
1680679496076946058,29,29,28,29
1680679496078584455,29,29,28,29
1680679496080218052,29,29,28,29
1680679496081907077,29,29,28,29
1680679496083529035,29,29,28,29
1680679496085165224,29,29,28,29
1680679496086784310,29,29,28,29
1680679496088517997,29,29,28,29
1680679496090147143,29,29,28,29
1680679496091786743,29,29,28,29
1680679496093420976,29,29,28,29
1680679496095041485,29,29,28,29
1680679496096725559,29,29,28,29
1680679496098349565,29,29,28,29
1680679496099977722,29,29,28,29
1680679496101628100,29,29,28,29
1680679496103307923,29,29,28,29
1680679496104944756,29,29,28,29
1680679496106564156,29,29,28,29
1680679496108276275,29,29,28,29
1680679496109903801,29,29,28,29
1680679496111529543,29,29,28,29
1680679496113159750,29,29,28,29
1680679496114785784,29,29,28,29
1680679496116469284,29,29,28,29
1680679496118105864,29,29,28,29
1680679496119737208,29,29,28,29
1680679496121451366,29,29,28,29
1680679496123080749,29,29,28,29
1680679496124706540,29,29,28,29
1680679496126329727,29,29,28,29
1680679496128077578,29,29,28,29
1680679496129707040,29,29,28,29
1680679496131368636,29,29,28,29
1680679496132992894,29,29,28,29
1680679496134617270,29,29,28,29
1680679496136267211,29,29,28,29
1680679496137896353,29,29,28,29
1680679496139525435,29,29,28,29
1680679496141147332,29,29,28,29
1680679496142829347,29,29,28,29
1680679496144454644,29,29,28,29
1680679496146095349,29,29,28,29
1680679496147775258,29,29,28,29
1680679496149520636,29,29,28,29
1680679496151206277,29,29,28,29
1680679496152831926,29,29,28,29
1680679496154473573,29,29,28,29
1680679496156120334,29,29,28,29
1680679496157736061,29,29,28,29
1680679496159356076,29,29,28,29
1680679496160977408,29,29,28,29
1680679496162690278,29,29,28,29
1680679496164324106,29,29,28,29
1680679496165987385,29,29,28,29
1680679496167605810,29,29,28,29
1680679496169256172,29,29,28,29
1680679496170884018,29,29,28,29
1680679496172507009,29,29,28,29
1680679496174144804,29,29,28,29
1680679496175767557,29,29,28,29
1680679496177447013,29,29,28,29
1680679496179067340,29,29,28,29
1680679496180718714,29,29,28,29
1680679496182404232,29,29,28,29
1680679496184025864,29,29,28,29
1680679496185665507,29,29,28,29
1680679496187294425,29,29,28,29
1680679496189085764,29,29,28,29
1680679496190708858,29,29,28,29
1680679496192342811,29,29,28,29
1680679496193972583,29,29,28,29
1680679496195602307,29,29,28,29
1680679496197274315,29,29,28,29
1680679496198900227,29,29,28,29
1680679496200552409,29,29,28,29
1680679496202185239,29,29,28,29
1680679496203936621,29,29,28,29
1680679496205577377,29,29,28,29
1680679496207210205,29,29,28,29
1680679496208904615,29,29,28,29
1680679496210538068,29,29,28,29
1680679496212171660,29,29,28,29
1680679496213800793,29,29,28,29
1680679496215427360,29,29,28,29
1680679496217148344,29,29,28,29
1680679496218780221,29,29,28,29
1680679496220422468,29,29,28,29
1680679496222063474,29,29,28,29
1680679496223702391,29,29,28,29
1680679496225330224,29,29,28,29
1680679496226958448,29,29,28,29
1680679496228711208,29,29,28,29
1680679496230348598,29,29,28,29
1680679496231981190,29,29,28,29
1680679496233646199,29,29,28,29
1680679496235279478,29,29,28,29
1680679496236916940,29,29,28,29
1680679496238556535,29,29,28,29
1680679496240186844,29,29,28,29
1680679496241828771,29,29,28,29
1680679496243521401,29,29,28,29
1680679496245150743,29,29,28,29
1680679496246776370,29,29,28,29
1680679496248413153,29,29,28,29
1680679496250119331,29,29,28,29
1680679496251814295,29,29,28,29
1680679496253440978,29,29,28,29
1680679496255073528,29,29,28,29
1680679496256725684,29,29,28,29
1680679496258428330,29,29,28,29
1680679496260060381,29,29,28,29
1680679496261688189,29,29,28,29
1680679496263368355,29,29,28,29
1680679496264993682,29,29,28,29
1680679496266610663,29,29,28,29
1680679496268268144,29,29,28,29
1680679496269963859,29,29,28,29
1680679496271590768,29,29,28,29
1680679496273210050,29,29,28,29
1680679496274826405,29,29,28,29
1680679496276534414,29,29,28,29
1680679496278159793,29,29,28,29
1680679496279787713,29,29,28,29
1680679496281413470,29,29,28,29
1680679496283076337,29,29,28,29
1680679496284694769,29,29,28,29
1680679496286318093,29,29,28,29
1680679496287992229,29,29,28,29
1680679496289658987,29,29,28,29
1680679496291296132,29,29,28,29
1680679496292933804,29,29,28,29
1680679496294564984,29,29,28,29
1680679496296196044,29,29,28,29
1680679496297847408,29,29,28,29
1680679496299496525,29,29,28,29
1680679496301123658,29,29,28,29
1680679496302771149,29,29,28,29
1680679496304464168,29,29,28,29
1680679496306115256,29,29,28,29
1680679496307754979,29,29,28,29
1680679496309479834,29,29,28,29
1680679496311102902,29,29,28,29
1680679496312726597,29,29,28,29
1680679496314342993,29,29,28,29
1680679496315966171,29,29,28,29
1680679496317642135,29,29,28,29
1680679496319273719,29,29,28,29
1680679496320906796,29,29,28,29
1680679496322533629,29,29,28,29
1680679496324213832,29,29,28,29
1680679496325848109,29,29,28,29
1680679496327484772,29,29,28,29
1680679496329184273,29,29,28,29
1680679496330805222,29,29,28,29
1680679496332439428,29,29,28,29
1680679496334087138,29,29,28,29
1680679496335723007,29,29,28,29
1680679496337439899,29,29,28,29
1680679496339059510,29,29,28,29
1680679496340682002,29,29,28,29
1680679496342324337,29,29,28,29
1680679496344018358,29,29,28,29
1680679496345660075,29,29,28,29
1680679496347287891,29,29,28,29
1680679496348934041,29,29,28,29
1680679496350772255,29,29,28,29
1680679496352434731,29,29,28,29
1680679496354055695,29,29,28,29
1680679496355676885,29,29,28,29
1680679496357336388,29,29,28,29
1680679496358978581,29,29,28,29
1680679496360606939,29,29,28,29
1680679496362240175,29,29,28,29
1680679496363927947,29,29,28,29
1680679496365547398,29,29,28,29
1680679496367176535,29,29,28,29
1680679496368861433,29,29,28,29
1680679496370631121,29,29,28,29
1680679496372256624,29,29,28,29
1680679496373894925,29,29,28,29
1680679496375511964,29,29,28,29
1680679496377165777,29,29,28,29
1680679496378809118,29,29,28,29
1680679496380431430,29,29,28,29
1680679496382060015,29,29,28,29
1680679496383745125,29,29,28,29
1680679496385375397,29,29,28,29
1680679496386994166,29,29,28,29
1680679496388658799,29,29,28,29
1680679496390307798,29,29,28,29
1680679496391932721,29,29,28,29
1680679496393559749,29,29,28,29
1680679496395186924,29,29,28,29
1680679496396825874,29,29,28,29
1680679496398454837,29,29,28,29
1680679496400100598,29,29,28,29
1680679496401729603,29,29,28,29
1680679496403384001,29,29,28,29
1680679496405076239,29,29,28,29
1680679496406719874,29,29,28,29
1680679496408375566,29,29,28,29
1680679496410006590,29,29,28,29
1680679496411632291,29,29,28,29
1680679496413259329,29,29,28,29
1680679496414899953,29,29,28,29
1680679496416517907,29,29,28,29
1680679496418144852,29,29,28,29
1680679496419764816,29,29,28,29
1680679496421383228,29,29,28,29
1680679496423009641,29,29,28,29
1680679496425341752,29,29,28,29
1680679496427594513,29,29,28,29
1680679496429286310,29,29,28,29
1680679496430963637,29,29,28,29
1680679496432590796,29,29,28,29
1680679496434216922,29,29,28,29
1680679496435839647,29,29,28,29
1680679496437470718,29,29,28,29
1680679496439117443,29,29,28,29
1680679496440725451,29,29,28,29
1680679496442345434,29,29,28,29
1680679496443996270,29,29,28,29
1680679496445613730,29,29,28,29
1680679496447236247,29,29,28,29
1680679496448867854,29,29,28,29
1680679496450555266,29,29,28,29
1680679496452304019,29,29,28,29
1680679496453956589,29,29,28,29
1680679496455575247,29,29,28,29
1680679496457206936,29,29,28,29
1680679496458858394,29,29,28,29
1680679496460477482,29,29,28,29
1680679496462111397,29,29,28,29
1680679496463741907,29,29,28,29
1680679496465367389,29,29,28,29
1680679496466990939,29,29,28,29
1680679496468638193,29,29,28,29
1680679496470367177,29,29,28,29
1680679496471984462,29,29,28,29
1680679496473604856,29,29,28,29
1680679496475223780,29,29,28,29
1680679496476843194,29,29,28,29
1680679496478465949,29,29,28,29
1680679496480086055,29,29,28,29
1680679496481707042,29,29,28,29
1680679496483333292,29,29,28,29
1680679496485034933,29,29,28,29
1680679496486656197,29,29,28,29
1680679496488271762,29,29,28,29
1680679496489898746,29,29,28,29
1680679496491545313,29,29,28,29
1680679496493168460,29,29,28,29
1680679496494784331,29,29,28,29
1680679496496404252,29,29,28,29
1680679496498078268,29,29,28,29
1680679496499698682,29,29,28,29
1680679496501320099,29,29,28,29
1680679496502942612,29,29,28,29
1680679496504575322,29,29,28,29
1680679496506270419,29,29,28,29
1680679496507895148,29,29,28,29
1680679496509532607,30,29,28,29
1680679496511207602,30,29,28,29
1680679496512828160,30,29,28,29
1680679496514450058,30,29,28,29
1680679496516149210,30,29,28,29
1680679496517855155,30,29,28,29
1680679496519475231,30,29,28,29
1680679496521105650,30,29,28,29
1680679496522726932,30,29,28,29
1680679496524349950,30,29,28,29
1680679496526002542,30,29,28,29
1680679496527626165,30,29,28,29
1680679496529311148,30,29,28,29
1680679496530965969,30,29,28,29
1680679496532587869,30,29,28,29
1680679496534215628,30,29,28,29
1680679496535841680,30,29,28,29
1680679496537491771,30,29,28,29
1680679496539133756,30,29,28,29
1680679496540724295,30,29,28,29
1680679496542345615,30,29,28,29
1680679496543967880,30,29,28,29
1680679496545613458,30,29,28,29
1680679496547239959,30,29,28,29
1680679496548887392,30,29,28,29
1680679496550532702,30,29,28,29
1680679496552266286,30,29,28,29
1680679496553906513,30,29,28,29
1680679496555583892,30,29,28,29
1680679496557301514,30,29,28,29
1680679496559078924,30,29,28,29
1680679496560703839,30,29,28,29
1680679496562531976,30,29,28,29
1680679496564154914,30,29,28,28
1680679496565908104,30,29,28,28
1680679496567534922,30,29,28,28
1680679496569453274,30,29,28,28
1680679496571172580,30,29,28,28
1680679496572793235,30,29,28,28
1680679496574415615,30,29,28,28
1680679496576238613,30,29,28,28
1680679496577903360,30,29,28,28
1680679496579535480,30,29,28,28
1680679496581154805,30,29,28,28
1680679496582773930,30,29,28,28
1680679496584396549,30,29,28,28
1680679496586078068,30,29,28,28
1680679496587697585,30,28,28,28
1680679496589331476,30,28,28,28
1680679496591026368,30,28,28,28
1680679496592644369,30,28,28,28
1680679496594623202,30,28,28,28
1680679496596544234,30,28,28,28
1680679496598499613,30,28,28,28
1680679496600400288,30,28,28,28
1680679496602327282,30,28,28,28
1680679496604225773,30,28,28,28
1680679496606411345,30,28,28,28
1680679496608094646,30,28,28,28
1680679496609758532,30,28,28,28
1680679496611459742,30,28,28,28
1680679496613100598,30,28,28,28
1680679496614741334,30,28,28,28
1680679496616387207,30,28,28,28
1680679496618097743,30,28,28,28
1680679496619794109,30,28,28,28
1680679496621483778,30,28,28,28
1680679496623178529,30,28,28,28
1680679496624873826,30,28,28,28
1680679496626575633,30,28,28,28
1680679496628264613,30,28,28,28
1680679496629986041,30,28,28,28
1680679496631688026,30,28,28,28
1680679496633384684,30,28,28,28
1680679496635169575,30,28,28,28
1680679496637045004,30,28,28,28
1680679496638977955,30,28,28,28
1680679496640875957,30,28,28,28
1680679496642772376,30,28,28,28
1680679496644675718,30,28,28,28
1680679496646664527,30,28,28,28
1680679496648556381,30,28,28,28
1680679496650459347,30,28,28,28
1680679496652726007,30,28,28,28
1680679496654912493,30,28,28,28
1680679496656977183,30,28,28,28
1680679496659041847,30,28,28,28
1680679496661100298,30,28,28,28
1680679496663184971,30,28,28,28
1680679496665228557,30,28,28,28
1680679496667118092,30,28,28,28
1680679496669024881,30,28,28,28
1680679496671051019,30,28,28,28
1680679496673016386,30,28,28,28
1680679496674993733,30,28,28,28
1680679496676927132,30,28,28,28
1680679496678883812,29,28,28,28
1680679496680794144,29,28,28,28
1680679496682673493,29,28,28,28
1680679496684560542,29,28,28,28
1680679496686440037,29,28,28,28
1680679496688325923,29,28,28,28
1680679496690885759,29,28,28,28
1680679496692859332,29,28,28,28
1680679496694789579,29,28,28,28
1680679496696721204,29,28,28,28
1680679496698656966,29,28,28,28
1680679496700581557,29,28,28,28
1680679496702453081,29,28,28,28
1680679496704262881,29,28,28,28
1680679496707361414,29,28,28,28
1680679496710860390,29,28,28,28
1680679496713668734,29,28,28,28
1680679496716701054,29,28,28,28
1680679496719232572,29,28,28,28
1680679496787773169,29,28,28,28
1680679496852257187,28,28,28,28
1680679496855280751,28,28,28,28
1680679496857242016,28,28,28,28
1680679496859171382,28,28,28,28
1680679496861127755,28,28,28,28
1680679496862770563,28,28,28,28
1680679496864421145,28,28,28,28
1680679496866084257,28,28,28,28
1680679496867760211,28,28,28,28
1680679496869446720,28,28,28,28
1680679496871094242,28,28,28,28
1680679496872788266,28,28,28,28
1680679496874538203,28,28,28,28
1680679496876229048,28,28,28,28
1680679496877936348,28,28,28,28
1680679496879684943,28,28,28,28
1680679496881377140,28,28,28,28
1680679496883065031,28,28,28,28
1680679496884727624,28,28,28,28
1680679496886419081,28,28,28,28
1680679496888125544,28,28,28,28
1680679496889861524,28,28,28,28
1680679496891556020,28,28,28,28
1680679496893266115,28,28,28,28
1680679496895007955,28,28,28,28
1680679496896700747,28,28,28,28
1680679496898412375,28,28,28,28
1680679496900141562,28,28,28,28
1680679496901855354,28,28,28,28
1680679496903546880,28,28,28,28
1680679496905235747,28,28,28,28
1680679496906920325,28,28,28,28
1680679496908729348,28,28,28,28
1680679496910537561,28,28,28,28
1680679496912229321,28,28,28,28
1680679496913929396,28,28,28,28
1680679496915700625,28,28,28,28
1680679496917423756,28,28,28,28
1680679496919147283,28,28,28,28
1680679496920838247,28,28,28,28
1680679496922535140,28,28,28,28
1680679496924225737,28,28,28,28
1680679496925928411,28,28,28,28
1680679496927624828,28,28,28,28
1680679496929458175,28,28,28,28
1680679496931144002,28,28,28,28
1680679496932868903,28,28,28,28
1680679496934660334,28,28,28,28
1680679496936349754,28,28,28,28
1680679496938051048,28,28,28,28
1680679496939786936,28,28,28,28
1680679496941492710,28,28,28,28
1680679496943176740,28,28,28,28
1680679496944867424,28,28,28,28
1680679496946567561,28,28,28,28
1680679496948261414,28,28,28,28
1680679496950449604,28,28,28,28
1680679496952505511,28,28,28,28
1680679496954234528,28,28,28,28
1680679496956230796,28,28,28,28
1680679496958118175,28,28,28,28
1680679496993950029,28,28,29,28
1680679496996739042,28,28,29,28
1680679497000077535,28,28,29,28
1680679497001888586,28,28,29,28
1680679497003694492,28,28,29,28
1680679497005402200,28,28,29,28
1680679497007096850,28,28,29,28
1680679497008941521,28,28,29,28
1680679497010810283,28,28,29,28
1680679497012655804,28,28,29,28
1680679497014370346,28,28,29,28
1680679497016125176,28,28,29,28
1680679497017842090,28,28,29,28
1680679497019556932,28,28,29,28
1680679497021266101,28,28,29,28
1680679497022974063,28,28,29,28
1680679497024686328,28,28,29,28
1680679497026379594,28,28,29,28
1680679497028073296,28,28,29,28
1680679497029858884,28,28,29,28
1680679497031551562,28,28,29,28
1680679497033242495,28,28,29,28
1680679497034929376,28,28,29,28
1680679497036619647,28,28,29,28
1680679497038317313,28,28,29,28
1680679497040084592,28,28,29,28
1680679497041766623,28,28,29,28
1680679497043458139,28,28,29,28
1680679497045141199,28,28,29,28
1680679497046832925,28,28,29,28
1680679497048514985,28,28,29,28
1680679497050398323,28,28,29,28
1680679497052097815,28,28,29,28
1680679497053873384,28,28,29,28
1680679497055593993,28,28,29,28
1680679497057484993,28,28,29,28
1680679497059185698,28,28,29,28
1680679497061013756,28,28,29,28
1680679497062699015,28,28,29,28
1680679497064387924,28,28,29,28
1680679497066083040,28,28,29,28
1680679497067745749,28,28,29,28
1680679497069415571,28,28,29,28
1680679497071096383,28,28,29,28
1680679497072776061,28,28,29,28
1680679497074439963,28,28,29,28
1680679497076151060,28,28,29,28
1680679497077860908,28,28,29,28
1680679497079619160,28,28,29,28
1680679497081326954,28,28,29,28
1680679497083027297,28,28,29,28
1680679497084730710,28,28,29,28
1680679497086434941,28,28,29,28
1680679497088117663,28,28,29,28
1680679497089924629,28,28,29,28
1680679497091613217,28,28,29,28
1680679497093305559,28,30,29,28
1680679497095015523,28,30,29,28
1680679497096729245,28,30,29,28
1680679497098419401,28,30,29,28
1680679497100196290,28,30,29,28
1680679497101886581,28,30,29,28
1680679497103571487,28,30,29,28
1680679497105248065,28,30,29,28
1680679497106929398,28,30,29,28
1680679497108692950,28,30,29,28
1680679497110468136,28,30,29,28
1680679497112287644,28,30,29,28
1680679497113980144,28,30,29,28
1680679497115645925,28,30,29,28
1680679497117330015,28,30,29,28
1680679497119023170,28,30,29,28
1680679497120727911,28,30,29,28
1680679497122425919,28,30,29,28
1680679497124117408,28,30,29,28
1680679497125815845,28,30,29,28
1680679497127603155,28,30,29,28
1680679497129389765,28,30,29,28
1680679497131211652,28,30,29,28
1680679497133001676,28,30,29,28
1680679497134774592,28,30,29,28
1680679497136589233,28,30,29,28
1680679497138372999,28,30,29,28
1680679497140206711,28,30,29,28
1680679497141996674,28,30,29,28
1680679497143645326,28,30,29,28
1680679497145311063,28,30,29,28
1680679497146962505,28,30,29,28
1680679497148612261,28,30,29,28
1680679497150365012,28,30,29,28
1680679497152068484,28,30,29,28
1680679497153720386,28,30,29,28
1680679497155403286,28,30,29,28
1680679497157116034,28,30,29,28
1680679497159184537,28,30,29,28
1680679497161022652,28,30,29,28
1680679497162692295,28,30,28,28
1680679497164347906,28,30,28,28
1680679497166008135,28,30,28,28
1680679497167669880,28,30,28,28
1680679497169356022,28,30,28,28
1680679497171085973,28,30,28,28
1680679497172724054,28,30,28,28
1680679497174384733,28,30,28,28
1680679497176029233,28,30,28,28
1680679497177727552,28,30,28,28
1680679497179392364,28,30,28,28
1680679497181097517,28,30,28,28
1680679497182751736,28,30,28,28
1680679497184401819,28,30,28,28
1680679497186061544,28,30,28,28
1680679497187717900,28,30,28,28
1680679497189372066,28,30,28,28
1680679497191096977,28,30,28,28
1680679497192723677,28,30,28,28
1680679497194382838,28,30,28,28
1680679497196030887,28,30,28,28
1680679497197760884,28,30,28,28
1680679497199417363,28,30,28,28
1680679497201090491,28,30,28,28
1680679497202746216,28,30,28,28
1680679497204397337,28,30,28,28
1680679497206061164,28,30,28,28
1680679497207709208,28,30,28,28
1680679497209361574,28,30,28,28
1680679497211097521,28,30,28,28
1680679497212903175,28,30,28,28
1680679497214632026,28,30,28,28
1680679497216290128,28,30,28,28
1680679497217967149,28,30,28,28
1680679497219617590,28,30,28,28
1680679497221287432,28,30,28,28
1680679497223053634,28,30,28,28
1680679497224707572,28,30,28,28
1680679497226372373,28,30,28,28
1680679497228023696,28,30,28,28
1680679497229674663,28,30,28,28
1680679497231338277,28,30,28,28
1680679497233033624,28,30,28,28
1680679497234696394,28,30,28,28
1680679497236357957,28,30,28,28
1680679497238027131,28,30,28,28
1680679497239688992,28,30,28,28
1680679497241396690,28,30,28,28
1680679497243051979,28,30,28,28
1680679497244702424,28,30,28,28
1680679497246366083,28,30,28,28
1680679497248026924,28,30,28,28
1680679497249682852,28,30,28,28
1680679497251377300,28,30,28,28
1680679497253072952,28,30,28,28
1680679497254720188,28,30,28,28
1680679497256372876,28,30,28,28
1680679497258222311,28,30,28,28
1680679497259979165,28,30,28,28
1680679497261848152,28,30,28,28
1680679497263509540,28,28,28,28
1680679497265165131,28,28,28,28
1680679497266858815,28,28,28,28
1680679497268520735,28,28,28,28
1680679497270184259,28,28,28,28
1680679497271853424,28,28,28,28
1680679497273511361,28,28,28,28
1680679497275172378,28,28,28,28
1680679497276827579,28,28,28,28
1680679497278555292,28,28,28,28
1680679497280216757,28,28,28,28
1680679497281897045,28,28,28,28
1680679497283552425,28,28,28,28
1680679497285201263,28,28,28,28
1680679497286848374,28,28,28,28
1680679497288497680,28,28,28,28
1680679497290206579,28,28,28,28
1680679497291864967,28,28,28,28
1680679497293515544,28,28,28,28
1680679497295158566,28,28,28,28
1680679497296779011,28,28,28,28
1680679497298410441,28,28,28,28
1680679497300044599,28,28,28,28
1680679497301725530,28,28,28,28
1680679497303349783,28,28,28,28
1680679497304974029,28,28,28,28
1680679497306600497,28,28,28,28
1680679497308225878,28,28,28,28
1680679497309855700,28,28,28,28
1680679497311574751,28,28,28,28
1680679497313411892,28,28,28,28
1680679497315111875,28,28,28,28
1680679497316722641,28,28,28,28
1680679497318348025,28,28,28,28
1680679497319965665,28,28,28,28
1680679497321660513,28,28,28,28
1680679497323286191,28,28,28,28
1680679497324917653,28,28,28,28
1680679497326540166,28,28,28,28
1680679497328163416,28,28,28,28
1680679497329783715,28,28,28,28
1680679497331456088,28,28,28,28
1680679497333078539,28,28,28,28
1680679497334705615,28,28,28,28
1680679497336326016,28,28,28,28
1680679497337954428,28,28,28,28
1680679497339606831,28,28,28,28
1680679497341249836,28,28,28,28
1680679497342875899,28,28,28,28
1680679497344504087,28,28,28,28
1680679497346133804,28,28,28,28
1680679497347763802,28,28,28,28
1680679497349389863,28,28,28,28
1680679497351071750,28,28,28,28
1680679497352699362,28,28,28,28
1680679497354351259,28,28,28,28
1680679497355976250,28,28,28,28
1680679497357609697,28,28,28,28
1680679497359624028,28,28,28,28
1680679497361895744,28,28,28,28
1680679497363598216,28,28,28,28
1680679497365232862,28,28,28,28
1680679497366852282,28,28,28,28
1680679497368470086,28,28,28,28
1680679497370100799,28,28,28,28
1680679497371729551,28,28,28,28
1680679497373376784,28,28,28,28
1680679497374998122,28,28,28,28
1680679497376614669,28,28,28,28
1680679497378238995,28,28,28,28
1680679497379965181,28,28,28,28
1680679497381722706,28,28,28,28
1680679497383347622,28,28,28,28
1680679497384978768,28,28,28,28
1680679497386601430,28,28,28,28
1680679497388220248,28,28,28,28
1680679497389855871,28,28,28,28
1680679497391499224,28,28,28,28
1680679497393132620,28,28,28,28
1680679497394755977,28,28,28,28
1680679497396381294,28,28,28,28
1680679497398009818,28,28,28,28
1680679497399631759,28,28,28,28
1680679497401340345,28,28,28,28
1680679497402983053,28,28,28,28
1680679497404625925,28,28,28,28
1680679497406251806,28,28,28,28
1680679497407873397,28,28,28,28
1680679497409501804,28,28,28,28
1680679497411145482,28,28,28,28
1680679497412783590,28,28,28,28
1680679497414646462,28,28,28,28
1680679497417180060,28,28,28,28
1680679497418814263,28,28,28,28
1680679497420463543,28,28,28,28
1680679497422214553,28,28,28,28
1680679497423835955,28,28,28,28
1680679497425453942,28,28,28,28
1680679497427075874,28,28,28,28
1680679497428696553,28,28,28,28
1680679497430412843,28,28,28,28
1680679497432044693,28,28,28,28
1680679497433674369,28,28,28,28
1680679497435303590,28,28,28,28
1680679497436955184,28,28,28,28
1680679497438585084,28,28,28,28
1680679497440234955,28,28,28,28
1680679497441866524,28,28,28,28
1680679497443486809,28,28,28,28
1680679497445108654,28,28,28,28
1680679497446729389,28,28,28,28
1680679497448350034,28,28,28,28
1680679497449982704,28,28,28,28
1680679497451656969,28,28,28,28
1680679497453281300,28,28,28,28
1680679497454907087,28,28,28,28
1680679497456586511,28,28,28,28
1680679497458215449,28,28,28,28
1680679497459842031,28,28,28,28
1680679497461799158,28,28,28,28
1680679497464007188,28,28,28,28
1680679497465648156,28,28,28,28
1680679497467275645,28,28,28,28
1680679497468898056,28,28,28,28
1680679497470546356,28,28,28,28
1680679497472223381,28,28,28,28
1680679497473850590,28,28,28,28
1680679497475484703,28,28,28,28
1680679497477100272,28,28,28,28
1680679497478722998,28,28,28,28
1680679497480348129,28,28,28,28
1680679497482087792,28,28,28,28
1680679497483709812,28,28,28,28
1680679497485331943,28,28,28,28
1680679497486956772,28,28,28,28
1680679497488579808,28,28,28,28
1680679497490214496,28,28,28,28
1680679497491854638,28,28,28,28
1680679497493485794,28,28,28,28
1680679497495103103,28,28,28,28
1680679497496808632,28,28,28,28
1680679497498430364,28,28,28,28
1680679497500053175,28,28,28,28
1680679497501704463,28,28,28,28
1680679497503383591,28,28,28,28
1680679497505011066,28,28,28,28
1680679497506634569,28,28,28,28
1680679497508263277,28,28,28,28
1680679497509898854,28,28,28,28
1680679497511573477,28,28,28,28
1680679497513194972,28,28,28,28
1680679497514825467,28,28,28,28
1680679497516723361,28,28,28,28
1680679497519058175,28,28,28,28
1680679497520794679,28,28,28,28
1680679497522617011,28,28,28,28
1680679497524248051,28,28,28,28
1680679497525900103,28,28,28,28
1680679497527527003,28,28,28,28
1680679497529151459,28,28,28,28
1680679497530787136,28,28,28,28
1680679497532408379,28,28,28,28
1680679497534036648,28,28,28,28
1680679497535660937,28,28,28,28
1680679497537281414,28,28,28,28
1680679497538949399,28,28,28,28
1680679497540578577,28,28,28,28
1680679497542264853,28,28,28,28
1680679497543904914,28,28,28,28
1680679497545552512,28,28,28,28
1680679497547190222,28,28,28,28
1680679497548817407,28,28,28,28
1680679497550434629,28,28,28,28
1680679497552054811,28,28,28,28
1680679497553686000,28,28,28,28
1680679497555314317,28,28,28,28
1680679497556935525,28,28,28,28
1680679497558611063,28,28,28,28
1680679497560233747,28,28,28,28
1680679497561897273,28,28,28,28
1680679497563846546,28,28,28,28
1680679497565610473,28,28,28,28
1680679497567255231,28,28,28,28
1680679497568876097,28,28,28,28
1680679497570502147,28,28,28,28
1680679497572128802,28,28,28,28
1680679497573749446,28,28,28,28
1680679497575377538,28,28,28,28
1680679497577005022,28,28,28,28
1680679497578681830,28,28,28,28
1680679497580302358,28,28,28,28
1680679497581926875,28,28,28,28
1680679497583667233,28,28,28,28
1680679497585286084,28,28,28,28
1680679497586912680,28,28,28,28
1680679497588533377,28,28,28,28
1680679497590174109,28,28,28,28
1680679497591866081,28,28,28,28
1680679497593490474,28,28,28,28
1680679497595124919,28,28,28,28
1680679497596725025,28,28,28,28
1680679497598373524,28,28,28,28
1680679497600001533,28,28,28,28
1680679497601625557,28,28,28,28
1680679497603300277,28,28,28,28
1680679497604921205,28,28,28,28
1680679497606554863,28,28,28,28
1680679497608177726,28,28,28,28
1680679497609808658,28,28,28,28
1680679497611531192,28,28,28,28
1680679497613159090,28,28,28,28
1680679497614788262,28,28,28,28
1680679497616419244,28,28,28,28
1680679497618068147,28,28,28,28
1680679497619968566,28,28,28,28
1680679497621740056,28,28,28,28
1680679497623568977,28,28,28,28
1680679497625193400,28,28,28,28
1680679497626826597,28,28,28,28
1680679497628451554,28,28,28,28
1680679497630080695,28,28,28,28
1680679497631735328,28,28,28,28
1680679497633362454,28,28,28,28
1680679497634991140,28,28,28,28
1680679497636612835,28,28,28,28
1680679497638237718,28,28,28,28
1680679497639869802,28,28,28,28
1680679497641495360,28,28,28,28
1680679497643164217,28,28,28,28
1680679497644783116,28,28,28,28
1680679497646417911,28,28,28,28
1680679497648042819,28,28,28,28
1680679497649666081,28,28,28,28
1680679497651330752,28,28,28,28
1680679497652964188,28,28,28,28
1680679497654588239,28,28,28,28
1680679497656207812,28,28,28,28
1680679497657836057,28,28,28,28
1680679497659502755,28,28,28,28
1680679497661125545,28,28,28,28
1680679497662772958,28,28,28,28
1680679497664615149,28,28,28,28
1680679497666328913,28,28,28,28
1680679497667973227,28,28,28,28
1680679497669602467,28,28,28,28
1680679497671342983,28,28,28,28
1680679497673102571,28,28,28,28
1680679497674726629,28,28,28,28
1680679497676349340,28,28,28,28
1680679497677987509,28,28,28,28
1680679497679626407,28,28,28,28
1680679497681260342,28,28,28,28
1680679497682889460,28,28,28,28
1680679497684605022,28,28,28,28
1680679497686244972,28,28,28,28
1680679497687882142,28,28,28,28
1680679497689505674,28,28,28,28
1680679497691140377,28,28,28,28
1680679497692777599,29,28,28,28
1680679497694400961,29,28,28,28
1680679497696024420,29,28,28,28
1680679497697663353,29,28,28,28
1680679497699290685,29,28,28,28
1680679497700920009,29,28,28,28
1680679497702545653,29,28,28,28
1680679497704295359,29,28,28,28
1680679497705935835,29,28,28,28
1680679497707557945,29,28,28,28
1680679497709181082,29,28,28,28
1680679497710806502,29,28,28,28
1680679497712427743,29,28,28,28
1680679497714073655,29,28,28,28
1680679497715701766,29,28,28,28
1680679497717334639,29,28,28,28
1680679497718964226,29,28,28,28
1680679497721140266,29,28,28,28
1680679497722881165,29,28,28,28
1680679497724612669,29,28,28,28
1680679497726240920,29,28,28,28
1680679497727873843,29,28,28,28
1680679497729509320,29,28,28,28
1680679497731157250,29,28,28,28
1680679497732776857,29,28,28,28
1680679497734414783,29,28,28,28
1680679497736039616,29,28,28,28
1680679497737669593,29,28,28,28
1680679497739297778,29,28,28,28
1680679497740923303,29,28,28,28
1680679497742634623,29,28,28,28
1680679497744294256,29,28,28,28
1680679497745919528,29,28,28,28
1680679497747551029,29,28,28,28
1680679497749178273,29,28,28,28
1680679497750809435,29,28,28,28
1680679497752447160,29,28,28,28
1680679497754090206,29,28,28,28
1680679497755716133,29,28,28,28
1680679497757351777,29,28,28,28
1680679497758980978,29,28,28,28
1680679497760609715,29,28,28,28
1680679497762273529,29,28,28,28
1680679497764015822,29,28,28,28
1680679497765855143,29,28,28,28
1680679497767567000,29,28,28,28
1680679497769191799,29,28,28,28
1680679497770820420,29,28,28,28
1680679497772453398,29,28,28,28
1680679497774081850,29,28,28,28
1680679497775712745,29,28,28,28
1680679497777345716,29,28,28,28
1680679497778978127,29,28,28,28
1680679497780602005,29,28,28,28
1680679497782253987,29,28,28,28
1680679497783881527,29,28,28,28
1680679497785594302,29,28,28,28
1680679497787230502,29,28,28,28
1680679497788864122,29,28,28,28
1680679497790496782,29,28,28,28
1680679497792148289,29,28,28,28
1680679497793790617,29,28,28,28
1680679497795437564,29,28,28,28
1680679497797079693,29,28,28,28
1680679497798706483,29,28,28,28
1680679497800331883,29,28,28,28
1680679497802017837,29,28,28,28
1680679497803636785,29,28,28,28
1680679497805433375,29,28,28,28
1680679497807087107,29,28,28,28
1680679497808723581,29,28,28,28
1680679497810363596,29,28,28,28
1680679497812044407,29,28,28,28
1680679497813677348,29,28,28,28
1680679497815331579,29,28,28,28
1680679497816963147,29,28,28,28
1680679497818596762,29,28,28,28
1680679497820251329,29,28,28,28
1680679497822305999,29,28,28,28
1680679497824029454,29,28,28,28
1680679497825832918,29,28,28,28
1680679497827456072,29,28,28,28
1680679497829077650,29,28,28,28
1680679497830712814,29,28,28,28
1680679497832374401,29,28,28,28
1680679497834001084,29,28,28,28
1680679497835635269,29,28,29,28
1680679497837273318,29,28,29,28
1680679497838904476,29,28,29,28
1680679497840529987,29,28,29,28
1680679497842159073,29,28,29,28
1680679497843806668,29,28,29,28
1680679497845574075,29,28,29,28
1680679497847212115,29,28,29,28
1680679497848839855,29,28,29,28
1680679497850471214,29,28,29,28
1680679497852161747,29,28,29,28
1680679497853792691,29,28,29,28
1680679497855419014,29,28,29,28
1680679497857057887,29,28,29,28
1680679497858692370,29,28,29,28
1680679497860316184,29,28,29,28
1680679497861944659,29,28,29,28
1680679497863621280,30,28,29,28
1680679497865434833,30,28,29,28
1680679497867266452,30,28,29,28
1680679497868904014,30,28,29,28
1680679497870533370,30,28,29,28
1680679497872290641,30,28,29,28
1680679497873930820,30,28,29,28
1680679497875673548,30,28,29,28
1680679497877427143,30,28,29,28
1680679497879062723,30,28,29,28
1680679497880687967,30,28,29,28
1680679497882405510,30,28,29,28
1680679497884093564,30,28,29,28
1680679497885750892,30,28,29,28
1680679497887383741,30,28,29,28
1680679497889209627,30,28,29,28
1680679497891446833,30,28,29,28
1680679497893081591,30,28,29,28
1680679497894711638,30,28,29,28
1680679497896560002,30,28,29,28
1680679497898203337,30,28,29,28
1680679497899829956,30,28,29,28
1680679497901457807,30,28,29,28
1680679497903120912,30,28,29,28
1680679497904722569,30,28,29,28
1680679497906430700,30,28,29,28
1680679497908056225,30,28,29,28
1680679497909687238,30,28,29,28
1680679497911335867,30,28,29,28
1680679497912977471,30,28,29,28
1680679497914614312,30,28,29,28
1680679497916248068,30,28,29,28
1680679497919886613,30,28,29,28
1680679497922157761,30,28,29,28
1680679497924136138,30,28,29,28
1680679497926476676,30,28,29,28
1680679497928263666,30,28,29,28
1680679497929909112,30,28,29,28
1680679497931565513,30,28,29,28
1680679497933191535,30,28,29,28
1680679497934817782,30,28,29,28
1680679497936446341,30,28,29,28
1680679497938077530,30,28,29,28
1680679497939708722,30,28,29,28
1680679497941324709,30,28,29,28
1680679497942945940,30,28,29,28
1680679497944573275,30,28,29,28
1680679497946382300,30,28,29,28
1680679497948014899,30,28,29,28
1680679497949643598,30,28,29,28
1680679497951267344,30,28,29,28
1680679497952947526,30,28,29,28
1680679497954570978,30,28,29,28
1680679497956353356,30,28,29,28
1680679497958217761,30,28,29,28
1680679497960043797,30,28,29,28
1680679497961874487,30,28,29,28
1680679497963706153,30,28,29,28
1680679497965674463,30,28,29,28
1680679497967849040,30,28,29,28
1680679497969711863,30,28,29,28
1680679497971646808,30,28,29,28
1680679497973555051,30,28,29,28
1680679497975379007,30,28,29,28
1680679497977221911,30,28,29,28
1680679497979065085,30,28,29,28
1680679497980901829,30,28,29,28
1680679497982911831,30,28,29,28
1680679497984923486,30,28,29,28
1680679497986952375,30,28,29,28
1680679497988964824,30,28,29,28
1680679497990987086,30,28,29,28
1680679497993607475,30,28,29,28
1680679497995847075,30,28,29,28
1680679497998057733,30,28,29,28
1680679498000428394,30,28,29,28
1680679498004554833,30,28,29,28
1680679498006940889,30,28,29,28
1680679498009592668,30,28,29,28
1680679498031196588,30,28,29,28
1680679498034168562,31,28,29,28
1680679498072982869,31,28,29,28
1680679498075237203,31,28,29,28
1680679498077499613,31,28,29,28
1680679498079760909,31,28,29,28
1680679498081941449,31,28,29,28
1680679498084227800,31,28,29,28
1680679498087477431,31,28,29,28
1680679498089689447,31,28,29,28
1680679498091691546,31,28,29,28
1680679498093878210,31,28,29,28
1680679498096352551,31,28,29,28
1680679498098661385,31,28,29,28
1680679498100898515,31,28,29,28
1680679498102940115,31,28,29,28
1680679498104998369,31,28,29,28
1680679498107101504,31,28,29,28
1680679498109457371,31,28,29,28
1680679498111608822,31,28,29,28
1680679498113639451,31,28,29,28
1680679498115899478,31,28,29,28
1680679498117996027,31,28,29,28
1680679498120459212,31,28,29,28
1680679498122715905,31,28,29,28
1680679498124779798,31,28,29,28
1680679498126818095,31,28,29,28
1680679498129648999,31,28,29,28
1680679498131894413,31,28,29,28
1680679498134106146,31,28,29,28
1680679498136207723,31,28,29,28
1680679498156669949,31,28,29,28
1680679498159798721,31,28,29,28
1680679498162418664,31,28,29,28
1680679498165742741,31,28,29,28
1680679498169649339,31,28,29,28
1680679498173166356,31,28,29,28
1680679498176254403,30,28,29,28
1680679498240421244,30,28,29,28
1680679498308262304,30,28,29,28
1680679498311024581,30,28,29,28
1680679498313514604,30,28,29,28
1680679498315862303,30,28,29,28
1680679498317495245,30,28,29,28
1680679498319118094,30,28,29,28
1680679498320873891,30,28,29,28
1680679498323049409,30,28,29,28
1680679498324667110,30,28,29,28
1680679498326294247,30,28,29,28
1680679498327933118,30,28,29,28
1680679498329580663,30,28,29,28
1680679498331685374,30,28,29,28
1680679498333803854,30,28,29,28
1680679498335442072,30,28,29,28
1680679498337077148,30,28,29,28
1680679498338706647,30,28,29,28
1680679498340324603,30,28,29,28
1680679498341952605,30,28,29,28
1680679498343576933,30,28,29,28
1680679498345201700,30,28,29,28
1680679498346831023,30,28,29,28
1680679498348456312,30,28,29,28
1680679498350145684,30,28,29,28
1680679498351775887,30,28,29,28
1680679498353519625,30,28,29,28
1680679498355146124,30,28,29,28
1680679498356774126,30,28,29,28
1680679498358395170,30,28,29,28
1680679498360011278,30,28,29,28
1680679498361628868,30,28,29,28
1680679498363255532,30,28,29,28
1680679498364881591,30,28,29,28
1680679498366511262,30,28,29,28
1680679498368134041,30,28,29,28
1680679498370278195,30,28,29,28
1680679498372263295,30,28,29,28
1680679498373917985,30,28,29,28
1680679498376914643,30,28,29,28
1680679498379200418,30,28,29,28
1680679498381460164,30,28,29,28
1680679498383725822,30,28,29,28
1680679498385987176,30,28,29,28
1680679498387622850,30,28,29,28
1680679498389247720,30,28,29,28
1680679498390906846,30,28,29,28
1680679498392636158,30,28,29,28
1680679498394273404,30,28,29,28
1680679498395899507,30,28,29,28
1680679498397534542,30,28,29,28
1680679498399157697,30,28,29,28
1680679498400777988,30,28,29,28
1680679498402398378,30,28,29,28
1680679498404020823,30,28,29,28
1680679498405651198,30,28,29,28
1680679498407284341,30,28,29,28
1680679498408907698,30,28,29,28
1680679498410629008,30,28,29,28
1680679498412280136,30,28,29,28
1680679498413919184,30,28,29,28
1680679498415548365,30,28,29,28
1680679498417182723,30,28,29,28
1680679498418809351,30,28,29,28
1680679498420437296,30,28,29,28
1680679498422067152,30,28,29,28
1680679498423691556,30,28,29,28
1680679498425317395,30,28,29,28
1680679498426948810,30,28,29,28
1680679498428582944,30,28,29,28
1680679498430217265,30,28,29,28
1680679498431850785,30,28,29,28
1680679498433868654,30,28,29,28
1680679498435634404,30,28,29,28
1680679498437266856,30,28,29,28
1680679498438942472,30,28,29,28
1680679498440563343,30,28,29,28
1680679498442191693,30,28,29,28
1680679498443819962,30,28,29,28
1680679498445460985,30,28,29,28
1680679498447093721,30,28,29,28
1680679498448720700,30,28,29,28
1680679498450433656,30,28,29,28
1680679498452051670,30,28,29,28
1680679498453788312,30,28,29,28
1680679498455407795,30,28,29,28
1680679498457032967,30,28,29,28
1680679498458696120,30,28,29,28
1680679498460324950,30,28,29,28
1680679498461980233,30,28,29,28
1680679498463629241,30,28,29,28
1680679498465258231,30,28,29,28
1680679498466887049,30,28,29,28
1680679498468521130,30,28,29,28
1680679498470163307,30,28,29,28
1680679498472094655,30,28,29,28
1680679498473881673,30,28,29,28
1680679498475604323,30,28,29,28
1680679498477228007,30,28,29,28
1680679498478864985,30,28,29,28
1680679498480497228,30,28,29,28
1680679498482125143,30,28,29,28
1680679498483746237,30,28,29,28
1680679498485367203,30,28,29,28
1680679498486998852,30,28,29,28
1680679498488617421,30,28,29,28
1680679498490253628,30,28,29,28
1680679498491962605,30,28,29,28
1680679498493723205,30,28,29,28
1680679498495354977,30,28,29,28
1680679498496992839,30,28,29,28
1680679498498616026,30,28,29,28
1680679498500240744,30,28,29,28
1680679498501869732,30,28,29,28
1680679498503494827,30,28,29,28
1680679498505119293,30,28,29,28
1680679498506740569,30,28,29,28
1680679498508354848,30,28,29,28
1680679498509985665,30,28,29,28
1680679498511705654,30,28,29,28
1680679498513351163,30,28,29,28
1680679498515021193,30,28,29,28
1680679498516648153,30,28,29,28
1680679498518273106,30,28,29,28
1680679498519895688,30,28,29,28
1680679498521525021,30,28,29,28
1680679498523150599,30,28,29,28
1680679498524772331,30,28,29,28
1680679498526395011,30,28,29,28
1680679498528022292,30,28,29,28
1680679498529654195,30,28,29,28
1680679498531316552,30,28,29,28
1680679498532969156,30,28,29,28
1680679498534846170,30,28,29,28
1680679498536881893,30,28,29,28
1680679498538529537,30,28,29,28
1680679498540217257,30,28,29,28
1680679498541843286,30,28,29,28
1680679498543466611,30,28,29,28
1680679498545085761,30,28,29,28
1680679498546712049,30,28,29,28
1680679498548349039,30,28,29,28
1680679498549978458,30,28,29,28
1680679498551676704,30,28,29,28
1680679498553310475,30,28,29,28
1680679498554958365,30,28,29,28
1680679498556589548,30,28,29,28
1680679498558215329,30,28,29,28
1680679498559834526,30,28,29,28
1680679498561453777,30,28,29,28
1680679498563078245,30,28,29,28
1680679498564794608,30,28,29,28
1680679498566426083,30,28,29,28
1680679498568048181,30,28,29,28
1680679498569675040,30,28,29,28
1680679498571429306,30,28,29,28
1680679498573260815,30,28,29,28
1680679498575047520,30,28,29,28
1680679498576667941,30,28,29,28
1680679498578292425,30,28,29,28
1680679498579911119,30,28,29,28
1680679498581538342,30,28,29,28
1680679498583168280,30,28,29,28
1680679498584801706,30,28,29,28
1680679498586433777,30,28,29,28
1680679498588063509,30,28,29,28
1680679498589690197,30,28,29,28
1680679498591314881,30,28,29,28
1680679498593101965,30,28,29,28
1680679498594877976,30,28,29,28
1680679498596963749,30,28,29,28
1680679498599458324,30,28,29,28
1680679498601318096,30,28,29,28
1680679498603199847,30,28,29,28
1680679498639944461,30,28,29,28
1680679498641615743,30,28,29,28
1680679498643250178,30,28,29,28
1680679498644886032,30,28,29,28
1680679498646515062,30,28,29,28
1680679498648139207,30,28,29,28
1680679498649779629,30,28,29,28
1680679498651399573,30,28,29,28
1680679498653120197,30,28,29,28
1680679498654757988,30,28,29,28
1680679498656408900,30,28,29,28
1680679498658039246,30,28,29,28
1680679498659672281,30,28,29,28
1680679498661296058,30,28,29,28
1680679498662929893,30,28,29,28
1680679498664553090,30,28,29,28
1680679498666188707,30,28,29,28
1680679498667812352,30,28,29,28
1680679498669442460,30,28,29,28
1680679498671070873,30,28,29,28
1680679498672792946,30,28,29,28
1680679498674796184,30,28,29,28
1680679498676530294,30,28,29,28
1680679498678157150,30,28,29,28
1680679498679785958,30,28,29,28
1680679498681421913,30,28,29,28
1680679498683048566,30,28,29,28
1680679498684669155,30,28,29,28
1680679498686287444,30,28,29,28
1680679498687910433,30,28,29,28
1680679498689535709,30,28,29,28
1680679498691158424,30,28,29,28
1680679498692823051,30,28,29,28
1680679498694551463,30,28,29,28
1680679498696192274,30,28,29,28
1680679498697818591,30,28,29,28
1680679498699446504,30,28,29,28
1680679498701068224,30,28,29,28
1680679498702694784,30,28,29,28
1680679498704319895,30,28,29,28
1680679498705943971,30,28,29,28
1680679498707563595,30,28,29,28
1680679498709192962,30,28,29,28
1680679498710827520,30,28,29,28
1680679498712487283,30,28,29,28
1680679498714203101,30,28,29,28
1680679498715898110,30,28,29,28
1680679498717517755,30,28,29,28
1680679498719140622,30,28,29,28
1680679498720722729,30,28,29,28
1680679498722348508,30,28,29,28
1680679498723975571,30,28,29,28
1680679498725603313,30,28,29,28
1680679498727232710,30,28,29,28
1680679498728856656,30,28,29,28
1680679498730483404,30,28,29,28
1680679498732116795,30,28,29,28
1680679498733853064,30,28,29,28
1680679498735484049,30,28,29,28
1680679498737483342,30,28,29,28
1680679498739169806,30,28,29,28
1680679498740795044,30,28,29,28
1680679498742424937,30,28,29,28
1680679498744057306,30,28,29,28
1680679498745684640,30,28,29,28
1680679498747309835,30,28,29,28
1680679498748934876,30,28,29,28
1680679498750557998,30,28,29,28
1680679498752194635,30,28,29,28
1680679498753861024,30,28,29,28
1680679498755495463,30,28,29,28
1680679498757179659,30,28,29,28
1680679498758797145,30,28,29,28
1680679498760420781,30,28,29,28
1680679498762051748,30,28,29,28
1680679498763682575,30,28,29,28
1680679498765307096,30,28,29,28
1680679498766928019,30,28,29,28
1680679498768546637,30,28,29,28
1680679498770180066,30,28,29,28
1680679498771808964,30,28,29,28
1680679498773718220,30,28,29,28
1680679498775565470,30,28,29,28
1680679498777295495,30,28,29,28
1680679498778921171,30,28,29,28
1680679498780546227,30,28,29,28
1680679498782173898,30,29,29,28
1680679498783813429,30,29,29,28
1680679498785448517,30,29,29,28
1680679498787078228,30,29,29,28
1680679498788703653,30,29,29,28
1680679498790325694,30,29,29,28
1680679498791947139,30,29,29,28
1680679498793689483,30,29,29,28
1680679498795376184,30,29,29,28
1680679498797047838,30,29,29,28
1680679498798670870,30,29,29,28
1680679498800301228,30,29,29,28
1680679498801934934,30,29,29,28
1680679498803558930,30,29,29,28
1680679498805175704,30,29,29,28
1680679498806806951,30,29,29,28
1680679498808433975,30,29,29,28
1680679498810067499,30,29,29,28
1680679498811697365,30,29,29,28
1680679498813487223,30,29,29,28
1680679498815124712,30,29,29,28
1680679498816725833,30,29,29,28
1680679498818354931,30,29,29,28
1680679498819988739,30,29,29,28
1680679498821616319,30,29,29,28
1680679498823236653,30,29,29,28
1680679498824859403,30,29,29,28
1680679498826477456,30,29,29,28
1680679498828100258,30,29,29,28
1680679498829726377,30,29,29,28
1680679498831350642,30,29,29,28
1680679498832988132,30,29,29,28
1680679498834720920,30,29,29,28
1680679498836345888,30,29,29,28
1680679498838047716,30,29,29,28
1680679498839898778,30,29,29,28
1680679498841535882,30,29,29,28
1680679498843167920,30,29,29,28
1680679498844798470,30,29,29,28
1680679498846424748,30,29,29,28
1680679498848049912,30,29,29,28
1680679498849673166,30,29,29,28
1680679498851308347,30,29,29,28
1680679498852976298,30,29,29,28
1680679498854653875,30,29,29,28
1680679498856279602,30,29,29,28
1680679498857916560,30,29,29,28
1680679498859564859,30,29,29,28
1680679498861184091,30,29,29,28
1680679498862806552,30,29,29,28
1680679498864433604,30,29,29,28
1680679498866059490,30,29,29,28
1680679498867684786,30,29,29,28
1680679498869304174,30,29,29,28
1680679498870938743,30,29,29,28
1680679498872567654,30,29,29,28
1680679498874353998,30,29,29,28
1680679498876605787,30,29,29,28
1680679498878416595,30,29,29,28
1680679498880040293,30,29,29,28
1680679498881672526,30,29,29,28
1680679498883300384,30,29,29,28
1680679498884926635,30,29,29,28
1680679498886559112,30,29,29,28
1680679498888184347,30,29,29,28
1680679498889812271,30,29,29,28
1680679498891438590,30,29,29,28
1680679498893058551,30,29,29,28
1680679498894781291,30,29,29,28
1680679498896430270,30,29,29,28
1680679498898072649,30,29,29,28
1680679498899746161,30,29,29,28
1680679498901371149,30,29,29,28
1680679498903007946,30,29,29,28
1680679498904630996,30,29,29,28
1680679498906261041,30,29,29,28
1680679498907886430,30,29,29,28
1680679498909515384,30,29,29,28
1680679498911148193,30,29,29,28
1680679498912779709,30,29,29,28
1680679498914449908,30,29,29,28
1680679498916162657,30,29,29,28
1680679498917790219,30,29,29,28
1680679498919466731,30,29,29,28
1680679498921089663,30,29,29,28
1680679498922714525,30,29,29,28
1680679498924345674,30,29,29,28
1680679498925984999,30,29,29,28
1680679498927606201,30,29,29,28
1680679498929226567,30,29,29,28
1680679498930848158,30,29,29,28
1680679498932468228,30,29,29,28
1680679498934151793,30,29,29,28
1680679498935886044,30,29,29,28
1680679498937518688,30,29,29,28
1680679498939542950,30,29,29,28
1680679498941393454,30,29,29,28
1680679498943084479,30,29,29,28
1680679498944703572,30,29,29,28
1680679498946336781,30,29,29,28
1680679498947960095,30,29,29,28
1680679498949585286,30,28,29,28
1680679498951233847,30,28,29,28
1680679498952861109,30,28,29,28
1680679498954576217,30,28,29,28
1680679498956219506,30,28,29,28
1680679498957854480,30,28,29,28
1680679498959480644,30,28,29,28
1680679498961166019,30,28,29,28
1680679498962796203,30,28,29,28
1680679498964413679,30,28,29,28
1680679498966038961,30,28,29,28
1680679498967663747,30,28,29,28
1680679498969291298,30,28,29,28
1680679498970925416,30,28,29,28
1680679498972549155,30,28,29,28
1680679498974271547,30,28,29,28
1680679498975980997,30,28,29,28
1680679498977760869,30,28,29,28
1680679498979520474,30,28,29,28
1680679498981173829,30,28,29,28
1680679498982796324,30,28,29,28
1680679498984416366,30,28,29,28
1680679498986053095,30,28,29,28
1680679498987685181,30,28,29,28
1680679498989309762,30,28,29,28
1680679498990937490,30,28,29,28
1680679498992566350,30,28,29,28
1680679498994218155,30,28,29,28
1680679498995858128,30,28,29,28
1680679498997499976,30,28,29,28
1680679498999125968,30,28,29,28
1680679499000809718,30,28,29,28
1680679499002426057,30,28,29,28
1680679499004049546,30,28,29,28
1680679499005678079,30,28,29,28
1680679499007315015,30,28,29,28
1680679499008937420,30,28,29,28
1680679499010561245,30,28,29,28
1680679499012186180,30,28,29,28
1680679499013882530,30,28,29,28
1680679499015532458,30,28,29,28
1680679499017167060,30,28,29,28
1680679499018820275,30,28,29,28
1680679499020471379,30,28,29,28
1680679499022101712,30,28,29,28
1680679499023725647,30,28,29,28
1680679499025345642,30,28,29,28
1680679499026974663,30,28,29,28
1680679499028604516,30,28,29,28
1680679499030236695,30,28,29,28
1680679499031857678,30,28,29,28
1680679499033476172,30,28,29,28
1680679499035142236,30,28,29,28
1680679499036772326,30,28,29,28
1680679499038451716,30,28,29,28
1680679499040077185,30,28,29,28
1680679499041953006,30,28,29,28
1680679499043723639,30,28,29,28
1680679499045366329,30,28,29,28
1680679499046998680,30,28,29,28
1680679499048626237,30,28,29,28
1680679499050259462,30,28,29,28
1680679499051906751,30,28,29,28
1680679499053539685,30,28,29,28
1680679499055296926,30,28,29,28
1680679499056925716,30,28,29,28
1680679499058646549,30,28,29,28
1680679499060302324,30,28,29,28
1680679499061961279,30,28,29,28
1680679499063589809,30,28,29,28
1680679499065220999,30,28,29,28
1680679499066857231,30,28,29,28
1680679499068496555,30,28,29,28
1680679499070126544,30,28,29,28
1680679499071758575,30,28,29,28
1680679499073373846,30,28,29,28
1680679499075076626,30,28,29,28
1680679499077023285,30,28,29,28
1680679499078856594,30,28,29,28
1680679499080533126,30,28,29,28
1680679499082195854,30,28,29,28
1680679499083818973,30,28,29,28
1680679499085444791,30,28,29,28
1680679499087086957,30,28,29,28
1680679499088720338,30,28,29,28
1680679499090380737,30,28,29,28
1680679499092006528,30,28,29,28
1680679499093631374,30,28,29,28
1680679499095298230,30,28,29,28
1680679499096926220,30,28,29,28
1680679499098658371,30,28,29,28
1680679499100287491,30,28,29,28
1680679499101994257,30,28,29,28
1680679499103630071,30,28,29,28
1680679499105256766,30,28,29,28
1680679499106896027,30,28,29,28
1680679499108536325,30,28,29,28
1680679499110158055,30,28,29,28
1680679499111800716,30,28,29,28
1680679499113428570,30,28,29,28
1680679499115092025,30,28,29,28
1680679499116720079,30,28,29,28
1680679499118366930,30,28,29,28
1680679499120061378,30,28,29,28
1680679499121691549,30,28,29,28
1680679499123326427,30,28,29,28
1680679499124944687,30,28,29,28
1680679499126578128,30,28,29,28
1680679499128215828,30,28,29,28
1680679499129844467,30,28,29,28
1680679499131469986,30,28,29,28
1680679499133233649,30,28,29,28
1680679499134884590,30,28,29,28
1680679499136563926,30,28,29,28
1680679499138199634,30,28,29,28
1680679499139881868,30,28,29,28
1680679499141519569,30,28,29,28
1680679499143241603,30,28,29,28
1680679499145018123,30,28,29,28
1680679499146667269,30,28,29,28
1680679499148288959,30,28,29,28
1680679499149926454,30,28,29,28
1680679499151555663,30,28,29,28
1680679499153181133,30,28,29,28
1680679499154840055,30,28,29,28
1680679499156543194,30,28,29,28
1680679499158185596,30,28,29,28
1680679499159873615,30,28,29,28
1680679499161505382,30,28,29,28
1680679499163240480,30,28,29,28
1680679499164876642,30,28,29,28
1680679499166499578,30,28,29,28
1680679499168123930,30,28,29,28
1680679499169769609,30,28,29,28
1680679499171401023,30,28,29,28
1680679499173032833,30,28,29,28
1680679499174679888,30,28,29,28
1680679499176458738,30,28,29,28
1680679499178223583,30,28,29,28
1680679499179929851,30,28,29,28
1680679499181704769,30,28,29,28
1680679499183379926,30,28,29,28
1680679499185005694,30,28,29,28
1680679499186648523,30,28,29,28
1680679499188274973,30,28,29,28
1680679499189905510,30,28,29,28
1680679499191532132,30,28,29,28
1680679499193155177,30,28,29,28
1680679499194805627,30,28,29,28
1680679499196467483,30,28,29,28
1680679499198107136,30,28,29,28
1680679499199736057,30,28,29,28
1680679499201415824,30,28,29,28
1680679499203064156,30,28,29,28
1680679499204693414,30,28,29,28
1680679499206339124,30,28,29,28
1680679499207972251,30,28,29,28
1680679499209610670,30,28,29,28
1680679499211238169,30,28,29,28
1680679499212863400,30,28,29,28
1680679499214642791,30,28,29,28
1680679499216308182,30,28,29,28
1680679499217940490,30,28,29,28
1680679499219573472,30,28,29,28
1680679499221246159,30,28,29,28
1680679499222872488,30,28,29,28
1680679499224527247,30,28,29,28
1680679499226150219,30,28,29,28
1680679499227786215,30,28,29,28
1680679499229413501,30,28,29,28
1680679499231038321,30,28,29,28
1680679499232667856,30,28,29,28
1680679499234296647,30,28,29,28
1680679499236001662,30,28,29,28
1680679499237635433,30,28,29,28
1680679499239267610,30,28,29,28
1680679499240972082,30,28,29,30
1680679499242600017,30,28,29,30
1680679499244391530,30,28,29,30
1680679499246250943,30,28,29,30
1680679499247900560,30,28,29,30
1680679499249530885,30,28,29,30
1680679499251157154,30,28,29,30
1680679499252777389,30,28,29,30
1680679499254398625,30,28,29,30
1680679499256089768,30,28,29,30
1680679499257719577,30,28,29,30
1680679499259352480,30,28,29,30
1680679499261018659,30,28,29,30
1680679499262647448,30,28,29,30
1680679499264285071,30,28,29,30
1680679499265917353,30,28,29,30
1680679499267544685,30,28,29,30
1680679499269170278,30,28,29,30
1680679499270856859,30,28,29,30
1680679499272488534,30,28,29,30
1680679499274128824,30,28,29,30
1680679499275826286,30,28,29,30
1680679499277534375,30,28,29,30
1680679499279227519,30,28,29,30
1680679499281049596,30,28,29,30
1680679499282733592,30,28,29,30
1680679499284499930,30,28,29,30
1680679499286132569,30,28,29,30
1680679499287775359,30,28,29,30
1680679499289403120,30,28,29,30
1680679499291036225,30,28,29,30
1680679499292660509,30,28,29,30
1680679499294295536,30,28,29,30
1680679499295983693,30,28,29,30
1680679499297666470,30,28,29,30
1680679499299314963,30,28,29,30
1680679499300955723,30,28,29,30
1680679499302622009,30,28,29,30
1680679499304262779,30,28,29,30
1680679499305919168,30,28,29,30
1680679499307552851,30,28,29,30
1680679499309178523,30,28,29,30
1680679499310815272,30,28,29,30
1680679499312478674,30,28,29,30
1680679499314119940,30,28,29,30
1680679499316372901,30,28,29,30
1680679499318613246,30,28,29,30
1680679499320291349,30,28,29,30
1680679499321956934,30,28,29,30
1680679499323582187,30,28,29,30
1680679499325223880,30,28,29,30
1680679499326851103,30,28,29,30
1680679499328476459,30,28,29,30
1680679499330110753,30,28,29,30
1680679499331735449,30,28,29,30
1680679499333353467,30,28,29,30
1680679499335082590,30,28,29,30
1680679499336938248,30,28,29,30
1680679499338642129,30,28,29,30
1680679499340424270,30,28,29,30
1680679499342160802,30,28,29,30
1680679499343793700,30,28,29,30
1680679499346183655,30,28,29,30
1680679499348203275,30,28,29,30
1680679499350119080,30,28,29,30
1680679499352025438,30,28,29,30
1680679499354163216,30,28,29,30
1680679499356089879,30,28,29,30
1680679499357886301,30,28,29,30
1680679499359884261,30,28,29,30
1680679499361727902,30,28,29,30
1680679499363398050,30,28,29,30
1680679499365069921,30,28,29,30
1680679499367055113,30,28,29,30
1680679499368725502,30,28,29,30
1680679499370417297,30,28,29,30
1680679499372111387,30,28,29,30
1680679499373823494,30,28,29,30
1680679499375529211,30,28,29,30
1680679499377378168,30,28,29,30
1680679499379131661,30,28,29,30
1680679499380788592,30,28,29,30
1680679499382495034,30,28,29,30
1680679499384328038,30,28,29,30
1680679499386010513,30,28,29,30
1680679499387675283,30,28,29,30
1680679499389318206,30,28,29,30
1680679499391003579,30,28,29,30
1680679499392700494,30,28,29,30
1680679499394393930,30,28,29,30
1680679499396216231,30,28,29,30
1680679499398059320,30,28,29,30
1680679499399755802,30,28,29,30
1680679499401439778,30,28,29,30
1680679499403138496,30,28,29,30
1680679499404861668,30,28,29,30
1680679499406602893,30,28,29,30
1680679499408286421,30,28,29,30
1680679499410011241,30,28,29,32
1680679499411720684,30,28,29,32
1680679499413433919,30,28,29,32
1680679499415148819,30,28,29,32
1680679499416863050,30,28,29,32
1680679499418591930,30,28,29,32
1680679499420438094,30,28,29,32
1680679499422363154,30,28,29,32
1680679499424293886,30,28,29,32
1680679499426266458,30,28,29,32
1680679499428144102,30,28,29,32
1680679499430047773,30,28,29,32
1680679499431940840,30,28,29,32
1680679499434313516,30,28,29,32
1680679499436233228,30,28,29,32
1680679499438145335,30,28,29,32
1680679499440035686,30,28,29,32
1680679499441943869,30,28,29,32
1680679499443844314,30,28,29,32
1680679499445757260,30,28,29,32
1680679499447695840,30,28,29,32
1680679499450244590,30,28,29,32
1680679499452151668,30,28,29,32
1680679499454068509,30,28,29,32
1680679499455963271,30,28,29,32
1680679499457863784,30,28,29,32
1680679499459745738,30,28,29,32
1680679499461679357,30,28,29,32
1680679499463716363,30,28,29,32
1680679499466225526,30,28,29,32
1680679499468161803,30,28,29,32
1680679499470037001,30,28,29,32
1680679499471875558,30,28,29,32
1680679499473715260,30,28,29,32
1680679499475678587,30,28,29,32
1680679499477742165,30,28,29,32
1680679499479694362,30,28,29,32
1680679499482378833,30,28,29,32
1680679499485709259,30,28,29,32
1680679499488604277,30,28,29,32
1680679499490823265,30,28,29,32
1680679499524538408,30,28,29,30
1680679499596477454,30,28,29,30
1680679499631714412,30,28,29,30
1680679499634419987,30,28,29,30
1680679499638451433,30,28,29,30
1680679499642186326,30,28,29,30
1680679499646267758,30,28,29,30
1680679499648012440,30,28,29,30
1680679499650316662,30,28,29,30
1680679499652306768,30,28,29,30
1680679499688508314,30,28,31,30
1680679499690588493,30,28,31,30
1680679499692490675,30,28,31,30
1680679499694416441,30,28,31,30
1680679499696346355,30,28,31,30
1680679499698322302,30,28,31,30
1680679499700059520,30,28,31,30
1680679499701714871,30,28,31,30
1680679499703438261,30,28,31,30
1680679499705100668,30,28,31,30
1680679499706761259,30,28,31,30
1680679499708416686,30,28,31,30
1680679499710135614,30,28,31,30
1680679499711832278,30,28,31,30
1680679499713519070,30,28,31,30
1680679499715215244,30,28,31,30
1680679499716912410,30,28,31,30
1680679499718596169,30,28,31,30
1680679499720302132,30,28,31,30
1680679499722008418,30,28,31,30
1680679499723753129,30,28,31,30
1680679499725446091,30,28,31,30
1680679499727206291,30,28,31,30
1680679499728901517,30,28,31,30
1680679499730606028,30,28,31,30
1680679499732305641,30,28,31,30
1680679499734011047,30,28,31,30
1680679499735699605,30,28,31,30
1680679499737413876,30,28,31,30
1680679499739117627,30,28,31,30
1680679499740803271,30,28,31,30
1680679499742497883,30,28,31,30
1680679499744255389,30,28,31,29
1680679499745958268,30,28,31,29
1680679499747717768,30,28,31,29
1680679499749466594,30,28,31,29
1680679499751473405,30,28,31,29
1680679499753174435,30,28,31,29
1680679499754868375,30,28,31,29
1680679499756583654,30,28,31,29
1680679499758351497,30,28,31,29
1680679499760059062,30,28,31,29
1680679499761822012,30,28,31,29
1680679499763544387,30,28,31,29
1680679499765222663,30,28,31,29
1680679499767016252,30,28,31,29
1680679499768692203,30,28,31,29
1680679499770385635,30,28,31,29
1680679499772093447,30,28,31,29
1680679499773804577,30,28,31,29
1680679499775505940,30,28,31,29
1680679499777189808,30,28,31,29
1680679499778938166,30,28,31,29
1680679499780641332,30,28,31,29
1680679499782335791,30,28,31,29
1680679499784236628,30,28,31,29
1680679499786004861,30,28,31,29
1680679499787825486,30,28,31,29
1680679499789797149,30,28,31,29
1680679499791524067,30,28,31,29
1680679499793195697,30,28,31,29
1680679499794874656,30,28,31,29
1680679499796540574,30,29,31,29
1680679499798312092,30,29,31,29
1680679499799978958,30,29,31,29
1680679499801659256,30,29,31,29
1680679499803350356,30,29,31,29
1680679499805069756,30,29,31,29
1680679499806807899,30,29,31,29
1680679499808603072,30,29,31,29
1680679499810305773,30,29,31,29
1680679499812063063,30,29,31,29
1680679499813757706,30,29,31,29
1680679499815443343,30,29,31,29
1680679499817141169,30,29,31,29
1680679499818878632,30,29,31,29
1680679499820564240,30,29,31,29
1680679499822276142,30,29,31,29
1680679499824013810,30,29,31,29
1680679499825697721,30,29,31,29
1680679499827398656,30,29,31,29
1680679499829142736,30,29,31,29
1680679499830831901,30,29,31,29
1680679499832535289,30,29,31,29
1680679499834239143,30,29,31,29
1680679499835925120,30,29,31,29
1680679499837626429,30,29,31,29
1680679499839314910,30,29,31,29
1680679499840992173,30,29,31,29
1680679499842685325,30,29,31,29
1680679499844424444,30,29,31,29
1680679499846122828,30,29,31,29
1680679499847817164,30,29,31,29
1680679499849528519,30,29,31,29
1680679499851263639,30,29,31,29
1680679499853108751,30,29,31,29
1680679499854789713,30,29,31,29
1680679499856454531,30,29,28,29
1680679499858199697,30,29,28,29
1680679499859885762,30,29,28,29
1680679499861562629,30,29,28,29
1680679499863249862,30,29,28,29
1680679499865002277,30,29,28,29
1680679499866710905,30,29,28,29
1680679499868483467,30,29,28,29
1680679499870192671,30,29,28,29
1680679499871938079,30,29,28,29
1680679499873654859,30,29,28,29
1680679499875360450,30,29,28,29
1680679499877054184,30,29,28,29
1680679499878820922,30,29,28,29
1680679499880582447,30,29,28,29
1680679499882360426,30,29,28,29
1680679499884067453,30,29,28,29
1680679499885832741,30,29,28,29
1680679499887582897,30,29,28,29
1680679499889324444,30,29,28,29
1680679499891100829,30,29,28,29
1680679499892863726,30,29,28,29
1680679499894541532,30,29,28,29
1680679499896223302,30,29,28,29
1680679499897944253,30,29,28,29
1680679499899656651,30,29,28,29
1680679499901337150,30,29,28,29
1680679499903038827,30,29,28,29
1680679499904728304,30,29,28,29
1680679499906419441,30,29,28,29
1680679499908165069,30,29,28,29
1680679499909922979,30,29,28,29
1680679499911621824,30,29,28,29
1680679499913455197,30,29,28,29
1680679499915155412,30,29,28,29
1680679499916847231,30,29,28,29
1680679499918659966,30,29,28,29
1680679499920353514,30,29,28,29
1680679499922053073,30,29,28,29
1680679499923747331,30,29,28,29
1680679499925458691,30,29,28,29
1680679499927150836,30,29,28,29
1680679499928838427,30,29,28,29
1680679499930579952,30,29,28,29
1680679499932296899,30,29,28,29
1680679499933993669,30,29,28,29
1680679499935682620,30,29,28,29
1680679499937362441,30,29,28,29
1680679499939074851,30,29,28,29
1680679499940783694,30,29,28,29
1680679499942467160,30,29,28,29
1680679499944161777,30,29,28,29
1680679499945915208,30,29,28,29
1680679499947614556,30,29,28,29
1680679499949307511,30,29,28,29
1680679499951072993,30,29,28,29
1680679499953788838,30,29,28,29
1680679499956091851,30,29,28,29
1680679499957811078,30,29,28,29
1680679499959539901,30,29,28,29
1680679499961248126,30,29,28,29
1680679499962951486,30,29,28,29
1680679499964661832,30,31,28,29
1680679499966390134,30,31,28,29
1680679499968091556,30,31,28,29
1680679499969806687,30,31,28,29
1680679499971495670,30,31,28,29
1680679499973189029,30,31,28,29
1680679499974883390,30,31,28,29
1680679499976575565,30,31,28,29
1680679499978340875,30,31,28,29
1680679499980090955,30,31,28,29
1680679499981799185,30,31,28,29
1680679499983495316,30,31,28,29
1680679499985233086,30,31,28,29
1680679499987119272,30,31,28,29
1680679499988819594,30,31,28,29
1680679499990600123,30,31,28,29
1680679499992400569,30,31,28,29
1680679499994140247,30,31,28,29
1680679499995811226,30,31,28,29
1680679499997482545,30,31,28,29
1680679499999170256,30,31,28,29
1680679500000862007,30,31,28,29
1680679500002547890,30,31,28,29
1680679500004225946,30,31,28,29
1680679500005924666,30,31,28,29
1680679500007652657,30,31,28,29
1680679500009332903,30,31,28,29
1680679500011096652,30,31,28,29
1680679500012804217,30,31,28,29
1680679500014489117,30,31,28,29
1680679500016168559,30,31,28,29
1680679500017856968,30,31,28,29
1680679500019570130,30,31,28,29
1680679500021260185,30,31,28,29
1680679500022945439,30,31,28,29
1680679500024626770,30,31,28,29
1680679500026352086,30,31,28,29
1680679500028044015,30,31,28,29
1680679500029731999,30,31,28,29
1680679500031463695,30,31,28,29
1680679500033260251,30,31,28,29
1680679500034941663,30,31,28,29
1680679500036633160,30,31,28,29
1680679500038328076,30,31,28,29
1680679500040068750,30,31,28,29
1680679500041753187,30,31,28,29
1680679500043435570,30,31,28,29
1680679500045116857,30,31,28,29
1680679500046852783,30,31,28,29
1680679500048539767,30,31,28,29
1680679500050234669,30,31,28,29
1680679500051984312,30,31,28,29
1680679500053690537,30,31,28,29
1680679500055377393,30,31,28,29
1680679500057066614,30,31,28,29
1680679500058757137,30,31,28,29
1680679500060444487,30,31,28,29
1680679500062134263,30,31,28,29
1680679500063818736,29,31,28,29
1680679500065512455,29,31,28,29
1680679500067254404,29,31,28,29
1680679500068935525,29,31,28,29
1680679500070609199,29,31,28,29
1680679500072342088,29,31,28,29
1680679500074052460,29,31,28,29
1680679500075737582,29,31,28,29
1680679500077450294,29,31,28,29
1680679500079186894,29,31,28,29
1680679500080993274,29,31,28,29
1680679500082671143,29,31,28,29
1680679500084337674,29,31,28,29
1680679500086007411,29,31,28,29
1680679500087781095,29,31,28,29
1680679500089568309,29,31,28,29
1680679500091313507,29,31,28,29
1680679500093326596,29,31,28,29
1680679500095066253,29,31,28,29
1680679500096728229,29,31,28,29
1680679500098422134,29,31,28,29
1680679500100123703,29,31,28,29
1680679500101824063,29,31,28,29
1680679500103586581,29,31,28,29
1680679500105255422,29,31,28,29
1680679500106966510,29,31,28,29
1680679500108637112,29,31,28,29
1680679500110308895,29,31,28,29
1680679500111980380,29,31,28,29
1680679500113815765,29,31,28,29
1680679500115522699,29,31,28,29
1680679500117199093,29,31,28,29
1680679500118879244,29,31,28,29
1680679500120614523,29,31,28,29
1680679500122305671,29,31,28,29
1680679500123990257,29,31,28,29
1680679500125676074,29,31,28,29
1680679500127379393,29,31,28,29
1680679500129062625,29,31,28,29
1680679500130745256,29,31,28,29
1680679500132423919,29,31,28,29
1680679500134138807,29,31,28,29
1680679500135834883,29,31,28,29
1680679500137518866,29,31,28,29
1680679500139202929,29,31,28,29
1680679500140914051,29,31,28,29
1680679500142598273,29,31,28,29
1680679500144371056,29,31,28,29
1680679500146062751,29,31,28,29
1680679500147805570,29,31,28,29
1680679500149481610,29,31,28,29
1680679500151165910,29,31,28,29
1680679500152876941,29,31,28,29
1680679500154573298,29,31,28,29
1680679500156262540,29,31,28,29
1680679500157954144,29,31,28,29
1680679500159646889,29,31,28,29
1680679500161331429,29,31,28,29
1680679500163015379,29,31,28,29
1680679500164706576,29,31,28,29
1680679500166403865,29,31,28,29
1680679500168140181,29,31,28,29
1680679500169830616,29,31,28,29
1680679500171507481,29,31,28,29
1680679500173218436,29,31,28,29
1680679500174952255,29,31,28,29
1680679500176632248,29,31,28,29
1680679500178311965,29,31,28,29
1680679500180007612,29,31,28,29
1680679500181746374,29,31,28,29
1680679500183470570,29,31,28,29
1680679500185133848,29,31,28,29
1680679500186842887,29,31,28,29
1680679500188616304,29,31,28,29
1680679500190384448,29,31,28,29
1680679500192080273,29,31,28,29
1680679500194200519,29,31,28,29
1680679500195953479,29,31,28,29
1680679500197644325,29,31,28,29
1680679500199333991,29,31,28,29
1680679500201043516,29,31,28,29
1680679500202734850,29,31,28,29
1680679500204417332,29,31,28,29
1680679500206111116,29,31,28,29
1680679500207870260,29,31,28,29
1680679500209551426,29,31,28,29
1680679500211229888,29,31,28,29
1680679500212913108,29,31,28,29
1680679500214731606,29,31,28,29
1680679500216415406,29,31,28,29
1680679500218134625,29,31,28,29
1680679500219823588,29,31,28,29
1680679500221528420,29,31,28,29
1680679500223212928,29,31,28,29
1680679500224898039,29,31,28,29
1680679500226580661,29,31,28,29
1680679500228321538,29,31,28,29
1680679500230014966,29,31,28,29
1680679500231696943,29,31,28,29
1680679500233381435,29,31,28,29
1680679500235103531,29,31,28,29
1680679500236787102,29,31,28,29
1680679500238467111,29,31,28,29
1680679500240256451,29,31,28,29
1680679500241952822,29,31,28,29
1680679500243633335,29,31,28,29
1680679500245316256,29,31,28,29
1680679500246998137,29,31,28,29
1680679500248725756,29,31,28,30
1680679500250400411,29,31,28,30
1680679500252144844,29,31,28,30
1680679500253852149,29,31,28,30
1680679500255581620,29,31,28,30
1680679500257256059,29,31,28,30
1680679500258957169,29,31,28,30
1680679500260684533,29,31,28,30
1680679500262401540,29,31,28,30
1680679500264111688,29,31,28,30
1680679500265833504,29,31,28,30
1680679500267536735,29,31,28,30
1680679500269254941,29,31,28,30
1680679500270952509,29,31,28,30
1680679500272648107,29,31,28,30
1680679500274523484,29,31,28,30
1680679500276218897,29,31,28,30
1680679500277950071,29,31,28,30
1680679500279654432,29,31,28,30
1680679500281398432,29,31,28,30
1680679500283208494,29,31,28,30
1680679500284906294,29,31,28,30
1680679500286586354,29,31,28,30
1680679500288356253,29,31,28,30
1680679500290105813,29,31,28,30
1680679500291795765,29,31,28,30
1680679500293482187,29,31,28,30
1680679500295529136,29,31,28,30
1680679500297305560,29,31,28,30
1680679500298987177,29,31,28,30
1680679500300679983,29,31,28,30
1680679500302370912,29,31,28,30
1680679500304042285,29,31,28,30
1680679500305704455,29,29,28,30
1680679500307368814,29,29,28,30
1680679500309086389,29,29,28,30
1680679500310756322,29,29,28,30
1680679500312448648,29,29,28,30
1680679500314158311,29,29,28,30
1680679500315861916,29,29,28,30
1680679500317550219,29,29,28,30
1680679500319240252,29,29,28,30
1680679500320931782,29,29,28,30
1680679500322614929,29,29,28,30
1680679500324279613,29,29,28,30
1680679500325957245,29,29,28,30
1680679500327619783,29,29,28,30
1680679500329311295,29,29,28,30
1680679500330981410,29,29,28,30
1680679500332646259,29,29,28,30
1680679500334390225,29,29,28,30
1680679500336127786,29,29,28,30
1680679500337844904,29,29,28,30
1680679500339556657,29,29,28,30
1680679500341330152,29,29,28,30
1680679500343030497,29,29,28,30
1680679500344728188,29,29,28,30
1680679500346410842,29,29,28,30
1680679500348169869,29,29,28,30
1680679500349918059,29,29,28,30
1680679500351626640,29,29,28,30
1680679500353309126,29,29,28,30
1680679500355022163,29,29,28,30
1680679500356726580,29,29,28,30
1680679500358408962,29,29,28,30
1680679500360091981,29,29,28,30
1680679500361816625,29,29,28,30
1680679500363498930,29,29,28,30
1680679500365180724,29,29,28,30
1680679500366865906,29,29,28,30
1680679500368549055,29,29,28,30
1680679500370301212,29,29,28,30
1680679500371990854,29,29,28,30
1680679500373672367,29,29,28,30
1680679500375462334,29,29,28,30
1680679500377128611,29,29,28,30
1680679500378787340,29,29,28,30
1680679500380452110,29,29,28,30
1680679500382189294,29,29,28,30
1680679500383915750,29,29,28,30
1680679500385587560,29,29,28,30
1680679500387278068,29,29,28,30
1680679500388982111,29,29,28,30
1680679500390888186,29,29,28,30
1680679500392634300,29,29,28,30
1680679500394339178,29,29,28,30
1680679500396148590,29,29,28,30
1680679500397880805,29,29,28,30
1680679500399555721,29,29,28,30
1680679500401226129,29,29,28,30
1680679500402897537,29,29,28,30
1680679500404568114,29,29,28,30
1680679500406244336,29,29,28,30
1680679500407991666,29,29,28,30
1680679500409684240,29,29,28,30
1680679500411366472,29,29,28,30
1680679500413050126,29,29,28,30
1680679500414762900,29,29,28,30
1680679500416455223,29,29,28,29
1680679500418165317,29,29,28,29
1680679500419876362,29,29,28,29
1680679500421585862,29,29,28,29
1680679500423300448,29,29,28,29
1680679500425010743,29,29,28,29
1680679500426780473,29,29,28,29
1680679500428491489,29,29,28,29
1680679500430197075,29,29,28,29
1680679500431885566,29,29,28,29
1680679500433578677,29,29,28,29
1680679500435316791,29,29,28,29
1680679500437010343,29,29,28,29
1680679500438695739,29,29,28,29
1680679500440379453,29,29,28,29
1680679500442085271,29,29,28,29
1680679500443773556,29,29,28,29
1680679500445460138,29,29,28,29
1680679500447140498,29,29,28,29
1680679500448821618,29,29,28,29
1680679500450573814,29,29,28,29
1680679500452256797,29,29,28,29
1680679500454004391,29,29,28,29
1680679500455781492,29,29,28,29
1680679500457540103,29,29,28,29
1680679500459224492,29,29,28,29
1680679500460911283,29,29,28,29
1680679500462674830,29,29,28,29
1680679500464364610,29,29,28,29
1680679500466058404,29,29,28,29
1680679500467747374,29,29,28,29
1680679500469434259,29,29,28,29
1680679500471169066,29,29,28,29
1680679500472850673,29,29,28,29
1680679500474653067,29,29,28,29
1680679500476335537,29,29,28,29
1680679500478049489,29,29,28,29
1680679500479736268,29,29,28,29
1680679500481430848,29,29,28,29
1680679500483241836,29,29,28,29
1680679500484960069,29,29,28,29
1680679500486655757,29,29,28,29
1680679500488338788,29,29,28,29
1680679500490111908,29,29,28,29
1680679500491914711,29,29,28,29
1680679500493654074,29,29,28,29
1680679500495362999,29,29,28,29
1680679500497212094,29,29,28,29
1680679500498980819,29,29,28,29
1680679500500662973,29,29,28,29
1680679500502426580,29,29,28,29
1680679500504101565,29,29,28,29
1680679500505762213,29,29,28,29
1680679500507432770,29,29,28,29
1680679500509100815,29,29,28,29
1680679500510841544,29,29,28,29
1680679500512579026,29,29,28,29
1680679500514316273,29,29,28,29
1680679500516047756,29,29,28,29
1680679500517772894,29,29,28,29
1680679500519800506,29,29,28,29
1680679500521563001,29,29,28,29
1680679500523322222,29,29,28,29
1680679500525020250,29,29,28,29
1680679500526702975,29,29,28,29
1680679500528422394,29,29,28,29
1680679500530126318,29,29,28,29
1680679500531907808,29,29,28,29
1680679500552064344,29,29,28,29
1680679500553897083,29,29,28,29
1680679500555785487,29,29,28,29
1680679500557850511,29,29,28,29
1680679500559674249,29,29,28,29
1680679500561519254,29,29,28,29
1680679500563417476,29,29,28,29
1680679500565265113,29,29,28,29
1680679500567087915,29,29,28,29
1680679500568726588,29,29,28,29
1680679500570360194,29,29,28,29
1680679500572077939,29,29,28,29
1680679500573718698,29,29,28,29
1680679500575356040,29,29,28,29
1680679500577009627,29,29,28,29
1680679500578725567,29,29,28,29
1680679500580410927,29,29,28,29
1680679500582111367,29,29,28,29
1680679500583870331,29,29,28,29
1680679500585619645,29,29,28,29
1680679500587305160,29,29,28,29
1680679500588989620,29,29,28,29
1680679500590672228,29,29,28,29
1680679500592698909,29,29,28,29
1680679500594454371,29,29,28,29
1680679500596185569,29,29,28,29
1680679500597940274,29,29,28,29
1680679500599953358,29,29,28,29
1680679500601627776,29,29,28,29
1680679500603309802,29,29,28,29
1680679500604983067,29,29,28,29
1680679500606650342,29,29,28,29
1680679500608316267,29,29,28,29
1680679500610068205,29,29,28,29
1680679500611751830,29,29,28,29
1680679500613479975,29,29,28,29
1680679500615174750,29,29,28,29
1680679500616935841,29,29,28,29
1680679500618625955,29,29,28,29
1680679500620306306,29,29,28,29
1680679500622003740,29,29,28,29
1680679500623749009,29,29,28,29
1680679500625437477,29,29,28,29
1680679500627113243,29,29,28,29
1680679500628795240,29,29,28,29
1680679500630475818,29,29,28,29
1680679500632155935,29,29,28,29
1680679500633849766,29,29,28,29
1680679500635543063,29,29,28,29
1680679500637281901,29,29,28,29
1680679500639015129,29,29,28,29
1680679500640721078,29,29,28,29
1680679500642413955,29,29,28,29
1680679500644151804,29,29,28,29
1680679500645922673,29,29,28,29
1680679500647608623,29,29,28,29
1680679500649293614,29,29,28,29
1680679500650977334,29,29,28,29
1680679500652674536,29,29,28,29
1680679500654348929,29,29,28,29
1680679500656172939,29,29,28,29
1680679500657851746,29,29,28,29
1680679500659721929,29,29,28,29
1680679500661393213,29,29,28,29
1680679500663104580,29,29,28,29
1680679500664973824,29,29,28,29
1680679500666726898,29,29,28,29
1680679500668515578,29,29,28,29
1680679500670220080,29,29,28,29
1680679500671895675,29,29,28,29
1680679500673632537,29,29,28,29
1680679500675316720,29,29,28,29
1680679500677034179,29,29,28,29
1680679500678714920,29,29,28,29
1680679500680646831,29,29,28,29
1680679500682339946,29,29,28,29
1680679500684097386,29,29,28,29
1680679500685844188,29,29,28,29
1680679500687767895,29,29,28,29
1680679500689453849,29,29,28,29
1680679500691134345,29,29,28,29
1680679500692876762,29,29,28,29
1680679500694736259,29,29,28,29
1680679500696449754,29,29,28,29
1680679500698150290,29,29,28,29
1680679500699903876,29,29,28,29
1680679500701651338,29,29,28,29
1680679500703333695,29,29,28,29
1680679500705025237,29,29,28,29
1680679500706706455,29,29,28,29
1680679500708391821,29,29,28,29
1680679500710105603,29,29,28,29
1680679500711795660,29,29,28,29
1680679500713567803,29,29,28,29
1680679500715254822,29,29,28,29
1680679500716994977,29,29,28,29
1680679500718681137,29,29,28,29
1680679500720384759,29,29,28,29
1680679500722334454,29,29,28,29
1680679500724147224,29,29,28,29
1680679500725824584,29,29,28,29
1680679500727495050,29,29,28,29
1680679500729157499,29,29,28,29
1680679500730817216,29,29,28,29
1680679500732486547,29,29,28,29
1680679500734179409,29,29,28,29
1680679500735876427,29,29,28,29
1680679500737605512,29,29,28,29
1680679500739337554,29,29,28,29
1680679500741069192,29,29,28,29
1680679500742769362,29,29,28,29
1680679500744589428,29,29,28,29
1680679500746504795,29,29,28,29
1680679500748374509,29,29,28,29
1680679500750251309,29,29,28,29
1680679500752128119,29,29,28,29
1680679500754107628,29,29,28,29
1680679500756010234,29,29,28,29
1680679500757916260,29,29,28,29
1680679500759761891,29,29,28,29
1680679500761630905,29,29,28,29
1680679500763492451,29,29,28,29
1680679500765339123,29,29,28,29
1680679500767228173,29,29,28,29
1680679500769115772,29,29,28,29
1680679500770994302,29,29,28,29
1680679500772868042,29,29,28,29
1680679500775469230,29,29,28,29
1680679500777459993,29,29,28,29
1680679500779463434,29,29,28,29
1680679500781434494,29,29,28,29
1680679500783404185,29,29,28,29
1680679500785415559,29,29,28,29
1680679500787412708,29,29,28,29
1680679500789376024,29,29,28,29
1680679500791312029,29,29,28,29
1680679500793170069,29,29,28,29
1680679500795534451,29,29,28,29
1680679500799038731,29,29,28,29
1680679500800977044,29,29,28,29
1680679500802887502,29,29,28,29
1680679500804821692,29,29,28,29
1680679500806741584,29,29,28,29
1680679500808630077,29,29,28,29
1680679500810573166,29,30,28,29
1680679500812442904,29,30,28,29
1680679500814258615,29,30,28,29
1680679500817383257,29,30,28,29
1680679500820082645,29,30,28,29
1680679500822436481,29,30,28,29
1680679500888324125,29,30,28,29
1680679500958549154,29,30,28,29
1680679500961259759,29,30,28,29
1680679500963270079,29,30,28,29
1680679500965374706,29,30,28,29
1680679500967304171,29,30,28,29
1680679500969255927,29,30,28,29
1680679500971147850,29,30,28,29
1680679500973037989,29,30,28,29
1680679500974753242,29,30,28,29
1680679500976422376,29,29,28,29
1680679500990771245,29,29,28,29
1680679500992554354,29,29,28,29
1680679500994340480,29,29,28,29
1680679500996111844,29,29,28,29
1680679500997925841,29,29,28,29
1680679500999806808,29,29,28,29
1680679501002088919,29,29,28,29
1680679501004310520,29,29,28,29
1680679501006234988,29,29,28,29
1680679501008120418,29,29,30,29
1680679501044436306,29,29,30,29
1680679501046341378,29,29,30,29
1680679501048126353,29,29,30,29
1680679501049953126,29,29,30,29
1680679501051723835,29,29,30,29
1680679501053494532,29,29,30,29
1680679501055266634,29,29,30,29
1680679501057043650,29,29,30,29
1680679501058714492,29,29,30,29
1680679501060496674,29,29,30,29
1680679501062309174,29,29,30,29
1680679501063987799,29,29,30,29
1680679501065661538,29,29,30,29
1680679501067341210,29,29,30,29
1680679501069010574,29,29,30,29
1680679501070676451,29,29,30,29
1680679501072344302,29,29,30,29
1680679501074017730,29,29,30,29
1680679501075689764,29,29,30,29
1680679501077386484,29,29,30,29
1680679501079099693,29,29,30,29
1680679501080826200,29,29,30,29
1680679501082556804,29,29,30,29
1680679501084270668,29,29,30,29
1680679501086068528,29,29,30,29
1680679501087900523,29,29,30,29
1680679501089611460,29,29,30,30
1680679501091277920,29,29,30,30
1680679501092947668,29,29,30,30
1680679501094614343,29,29,30,30
1680679501096281509,29,29,30,30
1680679501098040819,29,29,30,30
1680679501099761021,29,29,30,30
1680679501102469735,29,29,30,30
1680679501104388924,29,29,30,30
1680679501106109032,29,29,30,30
1680679501107893883,29,29,30,30
1680679501109608722,29,29,30,30
1680679501111237437,29,29,30,30
1680679501112864242,29,29,30,30
1680679501114486045,29,29,30,30
1680679501116112637,29,29,30,30
1680679501117759809,29,29,30,30
1680679501119390824,29,29,30,30
1680679501121060626,29,29,30,30
1680679501122830813,29,29,30,30
1680679501124519620,29,29,30,30
1680679501126212452,29,29,30,30
1680679501127919711,29,29,30,30
1680679501129608523,29,29,30,30
1680679501131292719,29,29,30,30
1680679501132958886,29,29,30,30
1680679501134638227,29,29,30,30
1680679501136310479,29,29,30,30
1680679501138002924,29,29,30,30
1680679501139671281,29,29,30,30
1680679501141363529,29,29,30,30
1680679501143102303,29,29,30,30
1680679501144848894,29,29,30,30
1680679501146549554,29,29,30,30
1680679501148296316,29,29,30,30
1680679501150232321,29,29,30,30
1680679501153853340,29,29,30,30
1680679501156281417,29,29,30,30
1680679501158154485,29,29,30,30
1680679501159946376,29,29,30,30
1680679501161746748,29,29,30,30
1680679501163545365,29,29,30,30
1680679501165230040,29,29,30,30
1680679501178912842,29,29,30,30
1680679501180727395,29,29,30,30
1680679501182556750,29,29,30,30
1680679501184360162,29,29,30,30
1680679501186143564,29,29,30,30
1680679501187910464,29,29,30,30
1680679501189827647,29,29,30,30
1680679501191652043,29,29,30,30
1680679501193427254,29,29,30,30
1680679501195176374,29,29,30,30
1680679501196842203,29,29,30,30
1680679501198584558,29,29,30,30
1680679501200253980,29,29,30,30
1680679501201942428,29,29,30,30
1680679501203650438,29,29,30,30
1680679501205451907,29,29,30,30
1680679501207138741,29,29,30,30
1680679501208825842,29,29,30,30
1680679501210533300,29,29,30,30
1680679501212226899,29,29,32,30
1680679501214106697,29,29,32,30
1680679501220054277,29,29,32,30
1680679501222300096,29,29,32,30
1680679501224180272,29,29,32,30
1680679501244595818,29,29,32,30
1680679501247137314,29,29,32,30
1680679501249034284,29,29,32,30
1680679501251473226,29,29,32,30
1680679501253351495,29,29,32,30
1680679501255187120,29,29,32,30
1680679501257872771,29,29,32,30
1680679501259694921,29,29,32,30
1680679501261517751,29,29,32,30
1680679501263618926,29,29,32,30
1680679501265388210,29,29,32,30
1680679501267352654,29,29,32,30
1680679501269192958,29,29,32,30
1680679501271185511,29,29,32,30
1680679501273262624,29,29,32,30
1680679501275109626,29,29,32,30
1680679501276960187,29,29,32,30
1680679501279248007,29,29,32,30
1680679501281349885,29,29,32,30
1680679501283353918,29,29,32,30
1680679501285556539,29,29,32,30
1680679501287360843,29,29,32,30
1680679501289202353,29,29,32,30
1680679501310754385,29,29,32,30
1680679501313301804,29,29,32,30
1680679501315617149,29,29,32,30
1680679501318576823,29,29,32,30
1680679501320820354,29,29,32,30
1680679501322551765,29,29,32,30
1680679501324631228,29,29,32,30
1680679501326577528,29,29,32,30
1680679501328279794,29,29,32,30
1680679501329986356,29,29,32,30
1680679501331817317,29,29,32,30
1680679501333824756,29,29,32,30
1680679501335568821,29,29,32,30
1680679501337295236,29,29,32,30
1680679501339035037,29,29,32,30
1680679501340727403,29,29,32,30
1680679501342495235,29,29,32,30
1680679501344203227,29,29,32,30
1680679501346725471,29,29,32,30
1680679501348503319,29,29,32,30
1680679501350350365,29,29,32,30
1680679501352506563,29,29,32,30
1680679501355026801,29,29,32,30
1680679501356965401,29,29,32,30
1680679501358959121,29,29,30,30
1680679501392937921,29,29,30,30
1680679501394685603,29,29,30,30
1680679501396355575,29,29,30,30
1680679501399250165,29,29,30,30
1680679501401497626,29,29,30,30
1680679501403721807,29,29,30,30
1680679501406017577,29,29,30,30
1680679501408395003,29,29,30,30
1680679501410134821,29,29,30,30
1680679501411873218,29,29,30,30
1680679501413589053,29,29,30,30
1680679501415312557,29,29,30,30
1680679501417037406,29,29,30,30
1680679501418786636,29,29,30,30
1680679501420497383,29,29,30,30
1680679501422242220,29,29,30,30
1680679501423951741,29,29,30,30
1680679501425673768,29,29,30,30
1680679501427450562,29,29,30,29
1680679501429183026,29,29,30,29
1680679501430906003,29,29,30,29
1680679501432635609,29,29,30,29
1680679501434359697,29,29,30,29
1680679501436071152,29,29,30,29
1680679501437794307,29,29,30,29
1680679501439511995,29,29,30,29
1680679501441218230,29,29,30,29
1680679501442962251,29,29,30,29
1680679501444680256,29,29,30,29
1680679501446401550,29,29,30,29
1680679501448119791,29,29,30,29
1680679501449844138,29,29,30,29
1680679501451637543,29,29,30,29
1680679501453346144,29,29,30,29
1680679501455057881,29,29,30,29
1680679501456778214,29,29,30,29
1680679501458507261,29,29,30,29
1680679501460223234,29,29,30,29
1680679501461941971,29,29,30,29
1680679501463651132,29,29,30,29
1680679501465360134,29,29,30,29
1680679501467094745,29,29,30,29
1680679501468803035,29,29,30,29
1680679501470518703,29,29,30,29
1680679501472304524,29,29,30,29
1680679501474019732,29,29,30,29
1680679501475794397,29,29,30,29
1680679501477508242,29,29,30,29
1680679501479278584,29,29,30,29
1680679501480998336,29,30,30,29
1680679501482779934,29,30,30,29
1680679501484497296,29,30,30,29
1680679501486203217,29,30,30,29
1680679501487950238,29,30,30,29
1680679501489659325,29,30,30,29
1680679501491430446,29,30,30,29
1680679501493325752,29,30,30,29
1680679501495056249,29,30,30,29
1680679501496744377,29,30,30,29
1680679501498463677,29,30,30,29
1680679501500177396,29,30,30,29
1680679501502018271,29,30,30,29
1680679501503749638,29,30,30,29
1680679501505459917,29,30,30,29
1680679501507432790,29,30,30,29
1680679501509769197,29,30,30,29
1680679501511543787,29,30,30,29
1680679501513271522,29,30,30,29
1680679501514980319,29,30,30,29
1680679501516700751,29,30,30,29
1680679501518446456,29,30,30,29
1680679501520156767,29,30,30,29
1680679501522334468,29,30,30,29
1680679501524498672,29,30,30,29
1680679501526305350,29,30,30,29
1680679501528182436,29,30,30,29
1680679501530077818,29,30,30,29
1680679501566119354,29,30,30,29
1680679501567892047,29,30,30,29
1680679501569630589,29,30,30,29
1680679501571345640,29,30,30,29
1680679501573102844,29,30,30,29
1680679501574819816,29,30,30,29
1680679501576540903,29,30,30,29
1680679501578363207,29,30,30,29
1680679501580078007,29,30,30,29
1680679501581790706,29,30,30,29
1680679501583535611,29,30,30,29
1680679501585255499,29,30,30,29
1680679501586970961,29,30,30,29
1680679501588681273,29,30,30,29
1680679501590394106,29,30,30,29
1680679501592101931,29,30,30,29
1680679501594034835,29,30,30,29
1680679501595763958,29,30,30,29
1680679501597490137,29,30,30,30
1680679501599231578,29,30,30,30
1680679501600941213,29,30,30,30
1680679501602750504,29,30,30,30
1680679501604467613,29,30,30,30
1680679501606181674,29,30,30,30
1680679501607898644,29,30,30,30
1680679501610140522,29,30,30,30
1680679501611917525,29,30,30,30
1680679501613728383,29,30,30,30
1680679501615448679,29,30,30,30
1680679501617192645,29,30,30,30
1680679501618918913,29,30,30,30
1680679501620631889,29,30,30,30
1680679501622430581,29,30,30,30
1680679501624141360,29,30,30,30
1680679501625860685,29,30,30,30
1680679501627580480,29,30,30,30
1680679501629300020,29,30,30,30
1680679501631060087,29,30,30,30
1680679501632729197,29,30,30,30
1680679501634437714,29,30,30,30
1680679501636151757,29,30,30,30
1680679501637858665,29,30,30,30
1680679501639633219,29,30,30,30
1680679501641355472,29,30,30,30
1680679501643156518,29,30,30,30
1680679501644870009,29,30,30,30
1680679501646581061,29,30,30,30
1680679501648297622,29,30,30,30
1680679501650137264,29,30,30,30
1680679501651859773,29,30,30,30
1680679501653608726,29,30,30,30
1680679501655326005,29,30,30,30
1680679501657042760,29,30,30,30
1680679501658908212,29,30,30,30
1680679501660625407,29,30,30,30
1680679501662347743,29,30,30,30
1680679501664126015,29,30,30,30
1680679501665855521,29,30,30,30
1680679501667581403,29,30,30,30
1680679501669296754,29,30,30,30
1680679501671029343,29,30,30,30
1680679501672730951,29,30,30,30
1680679501674445317,29,30,30,30
1680679501676158547,29,30,30,30
1680679501677875124,29,30,30,30
1680679501679645262,29,30,30,30
1680679501681359921,29,30,30,30
1680679501683123859,29,30,30,30
1680679501684840465,29,30,30,30
1680679501686552493,29,30,30,30
1680679501688276808,29,30,30,30
1680679501690018398,29,30,30,30
1680679501691732698,29,30,30,30
1680679501693459681,29,30,30,30
1680679501695223318,29,30,30,30
1680679501696957696,29,30,30,30
1680679501698687849,29,30,30,30
1680679501700400834,29,30,30,30
1680679501702136968,29,30,30,30
1680679501703912864,29,30,30,30
1680679501705627781,29,30,30,30
1680679501707340700,29,30,30,30
1680679501709054025,29,30,30,30
1680679501711104665,29,30,30,30
1680679501712890819,29,30,30,30
1680679501714633435,29,30,30,30
1680679501716339641,29,30,30,30
1680679501718053022,29,30,30,30
1680679501719823240,29,30,30,30
1680679501721549575,29,30,30,30
1680679501723296180,29,30,30,30
1680679501725009913,29,30,30,30
1680679501726725197,29,30,30,30
1680679501728441856,29,30,30,30
1680679501730167561,29,30,30,30
1680679501731929799,29,30,30,30
1680679501733639823,29,30,30,30
1680679501735349332,29,30,30,30
1680679501737056805,29,30,30,30
1680679501738797884,29,30,30,30
1680679501740514486,29,30,30,30
1680679501742235654,29,30,30,30
1680679501744008354,29,30,30,30
1680679501745721277,29,30,30,30
1680679501747423240,29,30,30,30
1680679501749135648,29,30,30,30
1680679501750851209,29,30,30,30
1680679501752616918,29,30,30,30
1680679501754361331,29,30,30,30
1680679501756072316,29,30,30,30
1680679501757855795,29,30,30,30
1680679501759666500,29,30,30,30
1680679501761380463,29,30,30,30
1680679501763104080,29,30,30,30
1680679501764821755,29,30,30,30
1680679501766534034,29,30,30,30
1680679501768253117,29,30,30,30
1680679501769977950,29,30,30,30
1680679501771681342,29,30,30,30
1680679501773389347,29,30,30,30
1680679501775187129,29,30,30,30
1680679501776910435,29,30,30,30
1680679501778643761,29,30,30,30
1680679501780353683,29,30,30,30
1680679501782070173,29,30,30,30
1680679501783812574,29,30,30,30
1680679501785538773,29,30,30,30
1680679501787252109,29,30,30,30
1680679501788973983,29,30,30,30
1680679501790686063,29,30,30,30
1680679501792412129,29,30,30,30
1680679501794166618,29,30,30,30
1680679501796083828,29,30,30,30
1680679501797827552,29,30,30,30
1680679501799565816,29,30,30,30
1680679501801286057,29,30,30,30
1680679501802993611,29,30,30,30
1680679501804713048,29,30,30,30
1680679501806441803,29,30,30,30
1680679501808161777,29,30,30,30
1680679501809884930,29,30,30,30
1680679501811598082,29,30,30,30
1680679501813380425,29,30,30,30
1680679501815257319,29,30,30,30
1680679501816980147,29,30,30,30
1680679501818695958,29,30,30,30
1680679501820414411,29,30,30,30
1680679501822137652,29,30,30,30
1680679501823911878,29,30,30,30
1680679501825628095,29,30,30,30
1680679501827334418,29,30,30,30
1680679501829040840,29,30,30,30
1680679501830756640,29,30,30,30
1680679501832478030,29,30,30,30
1680679501834245871,29,30,30,30
1680679501835978175,29,30,30,30
1680679501837695881,29,30,30,30
1680679501839449261,29,30,30,30
1680679501841163137,29,30,30,30
1680679501842877719,29,30,30,30
1680679501844595804,29,30,30,30
1680679501846321819,29,30,30,30
1680679501848029083,29,30,30,30
1680679501849744054,29,30,30,30
1680679501851465359,29,30,30,30
1680679501853192945,29,30,30,30
1680679501854916178,29,30,30,30
1680679501856632951,29,30,30,30
1680679501858371367,29,30,30,30
1680679501860115919,29,30,30,30
1680679501861850918,29,30,30,30
1680679501863573153,29,30,30,30
1680679501865278892,29,30,30,30
1680679501866989328,29,30,30,30
1680679501868702038,29,30,30,30
1680679501870416566,29,30,30,30
1680679501872128038,29,30,30,30
1680679501873919012,29,30,30,30
1680679501875679258,29,30,30,30
1680679501877391357,29,30,30,30
1680679501879164120,29,30,30,30
1680679501880876451,29,30,30,30
1680679501882590358,29,30,30,30
1680679501884327701,29,30,30,30
1680679501886040726,29,30,30,30
1680679501887749001,29,30,30,30
1680679501889461300,29,30,30,30
1680679501891185431,29,30,30,30
1680679501892907273,29,30,30,30
1680679501894628822,29,30,30,30
1680679501896440936,29,30,30,30
1680679501898220795,29,30,30,30
1680679501899992463,29,30,30,30
1680679501901703809,29,30,30,30
1680679501903453702,29,30,30,30
1680679501905166670,30,30,30,30
1680679501906887766,30,30,30,30
1680679501908606325,30,30,30,30
1680679501910337366,30,30,30,30
1680679501912058899,30,30,30,30
1680679501914204286,30,30,30,30
1680679501916046849,30,30,30,30
1680679501917769935,30,30,30,30
1680679501919636426,30,30,30,30
1680679501921380193,30,30,30,30
1680679501923096053,30,30,30,30
1680679501924807204,30,30,30,30
1680679501926517541,30,30,30,30
1680679501928225381,30,30,30,30
1680679501929943870,30,30,30,30
1680679501931658596,30,30,30,30
1680679501933366360,30,30,30,30
1680679501935198612,30,30,30,30
1680679501936929292,30,30,30,30
1680679501938643136,30,30,30,30
1680679501940412517,30,30,30,30
1680679501942136495,30,30,30,30
1680679501943892488,30,30,30,30
1680679501945609803,30,30,30,30
1680679501947325179,30,30,30,30
1680679501949039076,30,30,30,30
1680679501950750409,30,30,30,30
1680679501952464923,30,30,30,30
1680679501954181530,30,30,30,30
1680679501955979089,30,30,30,30
1680679501957767503,30,30,30,30
1680679501959574396,30,30,30,30
1680679501961283830,30,30,30,30
1680679501963004461,30,30,30,30
1680679501964743730,30,30,30,30
1680679501966464681,30,30,30,30
1680679501968181102,30,30,30,30
1680679501969893778,30,30,30,30
1680679501971601354,30,30,30,30
1680679501973323936,30,30,30,30
1680679501975064028,30,30,30,30
1680679501976799428,30,30,30,30
1680679501978502631,30,30,30,30
1680679501980270059,30,30,30,30
1680679501982073711,30,30,30,30
1680679501984252624,30,30,30,30
1680679501986132799,30,30,30,30
1680679501987846981,30,30,30,30
1680679501989560209,30,30,30,30
1680679501991493466,30,30,30,30
1680679501993202821,30,30,30,30
1680679501994946208,30,30,30,30
1680679501996846394,30,30,30,30
1680679501998861491,30,30,30,30
1680679502000616559,30,30,30,30
1680679502002343465,30,30,30,30
1680679502004121389,30,30,30,30
1680679502006102020,30,30,30,30
1680679502007820187,30,30,30,30
1680679502009548565,30,30,30,30
1680679502011385894,30,30,30,30
1680679502013101556,30,30,30,30
1680679502014890763,30,30,30,30
1680679502016731952,30,30,30,30
1680679502018568677,30,30,30,30
1680679502020318520,30,30,30,30
1680679502022032503,30,30,30,30
1680679502023799481,30,30,30,30
1680679502025508553,30,30,30,30
1680679502027219071,30,30,30,30
1680679502028928513,30,30,30,30
1680679502030639922,30,30,30,30
1680679502032353495,30,30,30,30
1680679502034075314,30,30,30,30
1680679502035786315,30,30,30,30
1680679502037563369,30,30,30,30
1680679502039279488,30,30,30,30
1680679502040988705,30,30,30,30
1680679502042698450,30,30,30,30
1680679502044448528,30,30,30,30
1680679502046171666,30,30,30,30
1680679502047885147,30,30,30,30
1680679502049595643,30,30,30,30
1680679502051315634,30,30,30,30
1680679502053022366,30,30,30,30
1680679502054736864,30,30,30,30
1680679502056476324,30,30,30,30
1680679502058192764,30,30,30,30
1680679502060005485,30,30,30,30
1680679502061785588,30,30,30,30
1680679502063732725,30,30,30,30
1680679502065720482,30,30,30,30
1680679502067752698,30,30,30,30
1680679502069720050,30,30,30,30
1680679502071919708,30,30,30,30
1680679502073865622,29,30,30,30
1680679502075831425,29,30,30,30
1680679502077851677,29,30,30,30
1680679502079807419,29,30,30,30
1680679502081761352,29,30,30,30
1680679502094955651,29,30,30,30
1680679502097225362,29,30,30,30
1680679502099446117,29,30,30,30
1680679502101599248,29,30,30,30
1680679502103466742,29,30,30,30
1680679502105355976,29,30,30,30
1680679502107248442,29,30,30,30
1680679502109172241,29,30,30,30
1680679502111927484,29,30,30,30
1680679502113851888,29,30,30,30
1680679502115762701,29,30,30,30
1680679502118506445,29,30,30,30
1680679502120528409,29,30,30,30
1680679502122450355,29,30,30,30
1680679502124306559,29,30,30,30
1680679502126183695,29,30,30,30
1680679502128724182,29,30,30,30
1680679502130558725,29,30,30,30
1680679502132403805,29,30,30,30
1680679502134241905,29,30,30,30
1680679502136126452,29,30,30,30
1680679502138051190,29,30,30,30
1680679502139977165,29,30,30,30
1680679502141855816,29,30,30,30
1680679502144263649,29,30,30,30
1680679502147100510,29,30,30,30
1680679502149425890,29,30,30,30
1680679502151539379,29,30,30,30
1680679502222228432,29,30,30,29
1680679502288104204,29,30,30,29
1680679502290626296,29,30,30,29
1680679502292515082,29,30,30,29
1680679502294437609,29,30,30,29
1680679502296352859,29,30,30,29
1680679502298241093,29,30,30,29
1680679502300063684,29,30,30,29
1680679502301753230,29,30,30,29
1680679502303411793,29,30,30,29
1680679502305066173,29,30,30,29
1680679502306782441,29,30,30,29
1680679502308543678,29,30,30,29
1680679502310247748,29,30,30,29
1680679502311940440,29,30,30,29
1680679502313622099,29,30,30,29
1680679502315304337,29,30,30,29
1680679502316995530,29,30,30,29
1680679502318679895,29,30,30,29
1680679502320710676,29,29,30,29
1680679502322445977,29,29,30,29
1680679502324137205,29,29,30,29
1680679502325828488,29,29,30,29
1680679502327556270,29,29,30,29
1680679502329371013,29,29,30,29
1680679502331020899,29,29,30,29
1680679502332675871,29,29,30,29
1680679502334340945,29,29,30,29
1680679502335994022,29,29,30,29
1680679502337644108,29,29,30,29
1680679502339294445,29,29,30,29
1680679502341048274,29,29,30,29
1680679502342773586,29,29,30,29
1680679502344485254,29,29,30,29
1680679502346206515,29,29,30,29
1680679502347989790,29,29,30,29
1680679502349701108,29,29,30,29
1680679502351402395,29,29,30,29
1680679502353092395,29,29,30,29
1680679502354782585,29,29,30,29
1680679502356473980,29,29,30,29
1680679502358166643,29,29,30,29
1680679502359869760,29,29,30,29
1680679502361715700,29,29,30,29
1680679502363402482,29,29,30,29
1680679502365086714,29,29,30,29
1680679502366781422,29,29,30,29
1680679502368478242,29,29,30,29
1680679502370172085,29,29,30,29
1680679502371856832,29,29,30,29
1680679502373550658,29,29,30,29
1680679502375233104,29,29,30,29
1680679502376925432,29,29,30,29
1680679502378614803,29,29,30,29
1680679502380529294,29,29,30,29
1680679502382252222,29,29,30,29
1680679502383940208,29,29,30,29
1680679502385630622,29,29,30,29
1680679502387370393,29,29,30,29
1680679502389064505,29,29,30,29
1680679502390757727,29,29,30,29
1680679502392447699,29,29,30,29
1680679502394143626,29,29,30,29
1680679502395830176,29,29,30,29
1680679502397514289,29,29,30,29
1680679502399198909,29,29,30,29
1680679502401191206,29,29,30,29
1680679502403053591,29,29,30,29
1680679502404710527,29,29,30,29
1680679502406378924,29,29,30,29
1680679502408112555,29,29,30,29
1680679502409873946,29,29,30,29
1680679502411533549,29,29,30,29
1680679502413189036,29,29,30,29
1680679502414870976,29,29,30,29
1680679502416560405,29,29,30,29
1680679502418252805,29,29,30,29
1680679502419945782,29,29,30,29
1680679502421920288,29,29,30,29
1680679502423638505,29,29,30,29
1680679502425349300,29,29,30,29
1680679502427119608,29,29,30,29
1680679502428824508,29,29,30,29
1680679502430528954,29,29,30,29
1680679502432239399,29,29,30,29
1680679502433958832,29,29,30,29
1680679502435661626,29,29,30,29
1680679502437355041,29,29,30,29
1680679502439039725,29,29,30,30
1680679502440727246,29,29,30,30
1680679502442520342,29,29,30,30
1680679502444212742,29,29,30,30
1680679502445911860,29,29,30,30
1680679502447702724,29,29,30,30
1680679502449385921,29,29,30,30
1680679502451068067,29,29,30,30
1680679502452728015,29,29,30,30
1680679502454412886,29,29,30,30
1680679502456112274,29,29,30,30
1680679502457817481,29,29,30,30
1680679502459564681,29,29,30,30
1680679502461293040,29,29,30,30
1680679502463067509,29,29,30,30
1680679502464780755,29,29,30,30
1680679502466508791,29,29,30,30
1680679502468307045,29,29,30,30
1680679502470055836,29,29,30,30
1680679502471846031,29,29,30,30
1680679502473612685,29,29,30,30
1680679502475351651,29,29,30,30
1680679502477113836,29,29,30,30
1680679502478817319,29,29,30,30
1680679502480553382,29,29,30,30
1680679502482319264,29,29,30,30
1680679502484056055,29,29,30,30
1680679502499343806,29,29,30,30
1680679502501400499,29,29,30,30
1680679502503407298,29,29,30,30
1680679502505218621,29,29,30,30
1680679502507022443,29,29,30,30
1680679502508728295,29,29,30,30
1680679502510422543,29,29,30,30
1680679502512103929,29,29,30,30
1680679502513811991,29,29,30,30
1680679502515492229,29,29,30,30
1680679502517228328,29,29,30,30
1680679502518954682,29,29,30,30
1680679502520666939,29,29,30,30
1680679502522783171,29,29,30,30
1680679502524619132,29,29,30,30
1680679502526596762,29,29,30,30
1680679502528341096,29,29,30,30
1680679502530094634,29,29,30,30
1680679502531881123,29,29,30,30
1680679502533586893,29,29,30,30
1680679502535346160,29,29,30,30
1680679502537084908,29,29,30,30
1680679502538803980,29,29,30,30
1680679502554027592,29,29,30,30
1680679502555676901,29,29,30,30
1680679502557271025,29,29,30,30
1680679502558866269,29,29,30,30
1680679502560604550,29,29,30,30
1680679502562415658,29,29,30,30
1680679502564262140,29,29,30,30
1680679502565953056,29,29,30,30
1680679502567615944,29,29,30,30
1680679502569366743,29,29,30,30
1680679502571029924,29,29,30,30
1680679502572705779,29,29,30,30
1680679502574392683,29,29,30,30
1680679502576086157,29,29,30,30
1680679502577815706,29,29,30,30
1680679502579522208,29,29,30,30
1680679502581227341,29,29,30,30
1680679502582954294,29,29,30,30
1680679502584729527,29,29,30,30
1680679502586433482,29,29,30,30
1680679502588114343,29,29,30,30
1680679502589822942,29,29,30,30
1680679502591507610,29,29,30,30
1680679502593181578,29,29,30,30
1680679502594870464,29,29,30,30
1680679502596633781,29,29,30,30
1680679502598323604,29,29,30,30
1680679502600009582,29,29,30,30
1680679502601730251,29,29,30,30
1680679502603910679,29,29,30,30
1680679502605710438,29,29,30,30
1680679502607389346,29,29,30,29
1680679502609090944,29,29,30,29
1680679502610750201,29,29,30,29
1680679502612418710,29,29,30,29
1680679502614090892,29,29,30,29
1680679502615765212,29,29,30,29
1680679502617484490,29,29,30,29
1680679502619189840,29,29,30,29
1680679502620899305,29,29,30,29
1680679502622608354,29,29,30,29
1680679502624470030,29,29,30,29
1680679502626192653,29,29,30,29
1680679502627896021,29,29,30,29
1680679502629597970,29,29,30,29
1680679502631281472,29,29,30,29
1680679502632958554,29,29,30,29
1680679502634640771,29,29,30,29
1680679502636326937,29,29,30,29
1680679502638012772,29,29,30,29
1680679502639703460,29,29,30,29
1680679502641381894,29,29,30,29
1680679502643097787,29,29,30,29
1680679502644846759,29,29,30,29
1680679502646537544,29,29,30,29
1680679502648221889,29,29,30,29
1680679502649983109,29,29,30,29
1680679502651670778,29,29,30,29
1680679502653354154,29,29,30,29
1680679502655040814,29,29,30,29
1680679502656729234,29,29,30,29
1680679502658430090,29,29,30,29
1680679502660178903,29,29,30,29
1680679502661870642,29,29,30,29
1680679502663611445,29,29,30,29
1680679502665303938,29,29,30,29
1680679502667104447,29,29,30,29
1680679502669308908,29,29,30,29
1680679502671405830,29,29,30,29
1680679502673100541,29,29,30,29
1680679502675004001,29,29,30,29
1680679502676882136,29,29,30,29
1680679502708948056,29,29,30,29
1680679502710835488,29,29,30,29
1680679502712755849,29,29,30,29
1680679502714664859,29,29,30,29
1680679502716555386,29,29,30,29
1680679502718458792,29,29,30,29
1680679502720351009,29,29,30,29
1680679502722282493,29,29,30,29
1680679502724184136,29,29,30,29
1680679502725884521,29,29,30,29
1680679502727531759,29,29,30,29
1680679502729209569,29,29,30,29
1680679502730854859,29,29,30,29
1680679502732509847,29,29,30,29
1680679502734196578,29,29,30,29
1680679502735897743,29,29,30,29
1680679502737692021,29,29,30,29
1680679502739382166,29,29,30,29
1680679502741070566,29,29,30,29
1680679502742760562,29,29,30,29
1680679502744572245,29,29,30,29
1680679502746271534,29,29,30,29
1680679502747958570,29,29,30,29
1680679502749664667,29,29,30,29
1680679502751347473,29,29,30,29
1680679502753042183,29,29,30,29
1680679502754735792,29,29,30,29
1680679502756438632,29,29,30,29
1680679502758146923,29,29,30,29
1680679502759842275,29,29,30,29
1680679502761524949,29,29,30,29
1680679502763206808,29,29,30,29
1680679502764996103,29,29,30,29
1680679502766680551,29,29,30,29
1680679502768366132,29,29,30,29
1680679502770121738,29,29,30,29
1680679502771809719,29,29,30,29
1680679502773494633,29,29,30,29
1680679502775177037,29,29,30,29
1680679502776866494,29,29,30,29
1680679502778552902,29,29,30,29
1680679502780238599,29,29,30,29
1680679502781933243,29,29,30,29
1680679502783692605,29,29,30,29
1680679502785485380,29,29,30,29
1680679502787170148,29,29,30,29
1680679502788850476,29,29,30,29
1680679502790603492,29,29,30,29
1680679502792288652,29,29,30,29
1680679502793987878,29,29,30,29
1680679502795674055,29,29,30,29
1680679502797364068,29,29,30,29
1680679502799045698,29,29,30,29
1680679502800728285,29,29,30,29
1680679502802424985,29,29,30,29
1680679502804225123,29,29,30,29
1680679502806199929,29,29,30,29
1680679502807901814,29,29,30,29
1680679502809643423,29,29,30,29
1680679502811336551,29,29,30,29
1680679502813011368,29,29,30,29
1680679502814693445,29,29,30,29
1680679502816410188,29,29,30,29
1680679502818105278,29,29,30,29
1680679502819787239,29,29,30,29
1680679502821470446,29,29,30,29
1680679502823148928,29,30,30,29
1680679502824928425,29,30,30,29
1680679502826675129,29,30,30,29
1680679502828361703,29,30,30,29
1680679502830114652,29,30,30,29
1680679502831802682,29,30,30,29
1680679502833491156,29,30,30,29
1680679502835180839,29,30,30,29
1680679502836868562,29,30,30,29
1680679502838548902,29,30,30,29
1680679502840233382,29,30,30,29
1680679502841922172,29,30,30,29
1680679502843733312,29,30,30,29
1680679502845618299,29,30,30,29
1680679502847305070,29,30,30,29
1680679502848991538,29,30,30,29
1680679502850672640,29,30,30,29
1680679502852359397,29,30,30,29
1680679502854055410,29,30,30,29
1680679502855741125,29,30,30,29
1680679502857428811,29,30,30,29
1680679502859116221,29,30,30,29
1680679502860800453,29,30,30,29
1680679502862625973,29,30,30,29
1680679502864431427,29,30,30,29
1680679502866204498,29,30,30,29
1680679502867890422,29,30,30,29
1680679502869646392,29,30,30,29
1680679502871332156,29,30,30,29
1680679502873016723,29,30,30,29
1680679502874701555,29,30,30,29
1680679502876384469,29,30,30,29
1680679502878075169,29,30,30,29
1680679502879761579,29,30,30,29
1680679502881455420,29,30,30,29
1680679502883138044,29,30,30,29
1680679502884891276,29,30,30,29
1680679502886575875,29,30,30,29
1680679502888261006,29,30,30,29
1680679502890039222,29,30,30,29
1680679502891741355,29,30,30,29
1680679502893429513,29,30,30,29
1680679502895111180,29,30,30,29
1680679502896796194,29,30,30,29
1680679502898475802,29,30,30,29
1680679502900159444,29,30,30,29
1680679502901952939,29,30,30,29
1680679502903643867,29,30,30,29
1680679502905481634,29,30,30,29
1680679502907375823,29,30,30,29
1680679502909082256,29,30,30,29
1680679502910804286,29,30,30,29
1680679502912480871,29,30,30,29
1680679502914170366,29,30,30,29
1680679502915934935,29,30,30,29
1680679502917606630,29,30,30,29
1680679502919300895,29,30,30,29
1680679502920989917,29,30,30,29
1680679502922677931,29,30,30,29
1680679502924438584,29,30,30,29
1680679502926175406,29,30,30,29
1680679502927864246,29,30,30,29
1680679502929568326,29,30,30,29
1680679502931261327,29,30,30,29
1680679502932946319,29,30,30,29
1680679502934630982,29,30,30,29
1680679502936323928,29,30,30,29
1680679502938014213,29,30,30,29
1680679502939700135,29,30,30,29
1680679502941386277,29,30,30,29
1680679502943066034,29,30,30,29
1680679502944792938,29,30,30,29
1680679502946579208,29,30,30,29
1680679502948265069,29,30,30,29
1680679502949978871,29,30,30,29
1680679502951679508,29,30,30,29
1680679502953353301,29,30,30,29
1680679502955035810,29,30,30,29
1680679502956729050,29,30,30,29
1680679502958413016,29,30,30,29
1680679502960097967,29,30,30,29
1680679502961842453,29,30,30,29
1680679502963554771,29,30,30,29
1680679502965348847,29,30,30,29
1680679502967085157,29,30,30,29
1680679502968800794,29,30,30,29
1680679502970613035,29,30,30,29
1680679502972381146,29,30,30,29
1680679502974147442,29,30,30,29
1680679502975897208,29,30,30,29
1680679502977644866,29,30,30,29
1680679502979387088,29,30,30,29
1680679502981095558,29,30,30,29
1680679502982781050,29,30,30,29
1680679502995912341,29,30,30,29
1680679502997698403,29,30,30,29
1680679502999469664,29,30,30,29
1680679503001233212,29,30,30,29
1680679503002992991,29,30,30,29
1680679503004743105,29,30,30,29
1680679503006577945,29,30,30,29
1680679503008730221,29,30,30,29
1680679503010581481,29,30,30,29
1680679503012359158,29,30,30,29
1680679503014118041,29,30,30,29
1680679503015739348,29,30,30,29
1680679503017355996,29,30,30,29
1680679503018978590,29,30,30,29
1680679503020596978,29,30,30,29
1680679503022227957,29,30,30,29
1680679503023855412,29,30,30,29
1680679503025624600,29,30,30,29
1680679503027320433,29,30,30,29
1680679503029039534,29,30,30,29
1680679503030773028,29,30,30,29
1680679503032464307,29,30,30,29
1680679503034185159,29,30,30,29
1680679503035870665,29,30,30,29
1680679503037558321,29,30,30,29
1680679503039243280,29,30,30,29
1680679503040923537,29,30,30,29
1680679503042607194,29,30,30,29
1680679503044313129,29,30,30,29
1680679503046039022,29,30,30,29
1680679503047722100,29,30,30,29
1680679503049458090,29,30,30,29
1680679503051142297,29,30,30,29
1680679503052825465,29,30,30,29
1680679503054509550,29,30,30,29
1680679503056192818,29,30,30,29
1680679503057892543,29,30,30,29
1680679503059578273,29,30,30,29
1680679503061260978,29,30,30,29
1680679503062991680,29,30,30,29
1680679503064796584,29,30,30,29
1680679503066500663,29,30,30,29
1680679503068193203,29,30,30,29
1680679503069960489,29,30,29,29
1680679503071641437,29,30,29,29
1680679503073323896,29,30,29,29
1680679503075006982,29,30,29,29
1680679503076691469,29,30,29,29
1680679503078381572,29,30,29,29
1680679503080069334,29,30,29,29
1680679503081822698,29,30,29,29
1680679503083511114,29,30,29,29
1680679503085224165,29,30,29,29
1680679503086903805,29,30,29,29
1680679503088592252,29,30,29,29
1680679503090342269,29,30,29,29
1680679503092012001,29,30,29,29
1680679503093681959,29,30,29,29
1680679503095340339,29,30,29,29
1680679503097009307,29,30,29,29
1680679503098695114,29,30,29,29
1680679503100385468,29,30,29,29
1680679503102082511,29,30,29,29
1680679503103774414,29,30,29,29
1680679503105497222,29,30,29,29
1680679503107187385,29,30,29,29
1680679503109193856,29,30,29,29
1680679503111075211,29,30,29,29
1680679503112793749,29,30,29,29
1680679503114492732,29,30,29,29
1680679503116198966,29,30,29,29
1680679503117909019,29,30,29,29
1680679503119626283,29,30,29,29
1680679503121286257,29,30,29,29
1680679503122945413,29,30,29,29
1680679503124624785,29,30,29,29
1680679503126365372,29,30,29,29
1680679503128033330,29,30,29,29
1680679503129803643,29,30,29,29
1680679503131495183,29,30,29,29
1680679503133181443,29,30,29,29
1680679503134862516,29,30,29,29
1680679503136564683,29,30,29,29
1680679503138278330,29,30,29,29
1680679503139966685,29,30,29,29
1680679503141655536,29,30,29,29
1680679503143344561,29,30,29,29
1680679503145045266,29,30,29,29
1680679503146752138,29,30,29,29
1680679503148440359,29,30,29,29
1680679503150268692,29,30,29,29
1680679503151954450,29,30,29,29
1680679503153633983,29,30,29,29
1680679503155314246,29,30,29,29
1680679503157009566,29,29,29,29
1680679503158692613,29,29,29,29
1680679503160372081,29,29,29,29
1680679503162062118,29,29,29,29
1680679503163751285,29,29,29,29
1680679503165544289,29,29,29,29
1680679503167228352,29,29,29,29
1680679503168913578,29,29,29,29
1680679503170664678,29,29,29,29
1680679503172346655,29,29,29,29
1680679503174031628,29,29,29,29
1680679503175717309,29,29,29,29
1680679503177399779,29,29,29,29
1680679503179081236,29,29,29,29
1680679503180729621,29,29,29,29
1680679503182409595,29,29,29,29
1680679503184091249,29,29,29,29
1680679503185848569,29,29,29,29
1680679503187540741,29,29,29,29
1680679503189225958,29,29,29,29
1680679503190981225,29,29,29,29
1680679503192676177,29,29,29,29
1680679503194374959,29,29,29,29
1680679503196056039,29,29,29,29
1680679503197750885,29,29,29,29
1680679503199441542,29,29,29,29
1680679503201125030,29,29,29,29
1680679503202808229,29,29,29,29
1680679503204503789,29,29,29,29
1680679503206205873,29,29,29,29
1680679503207901335,29,29,29,29
1680679503209645029,29,29,29,29
1680679503211662263,29,29,29,29
1680679503213465192,29,29,29,29
1680679503215146110,29,29,29,29
1680679503216831908,29,29,29,29
1680679503218511842,29,29,29,29
1680679503220195093,29,29,29,29
1680679503221883091,29,29,29,29
1680679503223558831,29,29,29,29
1680679503225418961,29,29,29,29
1680679503227149490,29,29,29,29
1680679503228811377,29,29,29,29
1680679503230496204,29,29,29,29
1680679503232183947,29,29,29,29
1680679503233869843,29,29,29,29
1680679503235561853,29,29,29,29
1680679503237244732,29,29,29,29
1680679503238970629,29,29,29,29
1680679503240655128,29,29,29,29
1680679503242346717,29,29,29,29
1680679503244032934,29,29,29,29
1680679503245781856,29,29,29,29
1680679503247474788,29,29,29,29
1680679503249168027,29,29,29,29
1680679503250927935,29,29,29,29
1680679503252619702,29,29,29,29
1680679503254318875,29,29,29,29
1680679503256002900,29,29,29,29
1680679503257682027,29,29,29,29
1680679503259362525,29,29,29,29
1680679503261052622,29,29,29,29
1680679503262742477,29,29,29,29
1680679503264419060,29,29,29,29
1680679503266135587,29,29,29,29
1680679503267801346,29,29,29,29
1680679503269472356,29,29,29,29
1680679503271174358,29,29,29,29
1680679503272840126,29,29,29,29
1680679503274548311,29,29,29,29
1680679503276254313,29,29,29,29
1680679503277987909,29,29,29,29
1680679503279702823,29,29,29,29
1680679503281413182,29,29,29,29
1680679503283128623,29,29,29,30
1680679503284871917,29,29,29,30
1680679503286663194,29,29,29,30
1680679503288346801,29,29,29,30
1680679503290035113,29,29,29,30
1680679503291772541,29,29,29,30
1680679503293452753,29,29,29,30
1680679503295141339,29,29,29,30
1680679503296826035,29,29,29,30
1680679503298512992,29,29,29,30
1680679503300199438,29,29,29,30
1680679503301884354,29,29,29,30
1680679503303575962,29,29,29,30
1680679503305366885,29,29,29,30
1680679503307071220,29,29,29,30
1680679503308733935,29,29,29,30
1680679503310481478,29,29,29,30
1680679503312429460,29,29,29,30
1680679503314260850,29,29,29,30
1680679503316137371,29,29,29,30
1680679503317825398,29,29,29,30
1680679503319491069,29,29,29,30
1680679503321148342,29,29,29,30
1680679503322986238,29,29,29,30
1680679503324659780,29,30,29,30
1680679503326379349,29,30,29,30
1680679503328066929,29,30,29,30
1680679503330116177,29,30,29,30
1680679503331939911,29,30,29,30
1680679503333627093,29,30,29,30
1680679503335310245,29,30,29,30
1680679503337406580,29,30,29,30
1680679503339131617,29,30,29,30
1680679503340812621,29,30,29,30
1680679503342491174,29,30,29,30
1680679503344443817,29,30,29,30
1680679503346182059,29,30,29,30
1680679503347881490,29,30,29,30
1680679503349566774,29,30,29,30
1680679503351279955,29,30,29,30
1680679503352984952,29,30,29,30
1680679503354673147,29,30,29,30
1680679503356357300,29,30,29,30
1680679503358047125,29,30,29,30
1680679503359738069,29,30,29,30
1680679503361428294,29,30,29,30
1680679503363112536,29,30,29,30
1680679503364806759,29,30,29,30
1680679503366524668,29,30,29,30
1680679503368215761,29,30,29,30
1680679503369907942,29,30,29,30
1680679503371615975,29,30,29,30
1680679503373328033,29,30,29,30
1680679503375002217,29,30,29,30
1680679503376685258,29,30,29,30
1680679503378383534,29,30,29,30
1680679503380064471,29,30,29,30
1680679503381744136,29,30,29,30
1680679503383444354,29,30,29,30
1680679503385233481,29,30,29,30
1680679503386963310,29,30,29,30
1680679503388669388,29,30,29,30
1680679503390413134,29,30,29,30
1680679503392324927,29,30,29,30
1680679503394271868,29,30,29,30
1680679503396199165,29,30,29,30
1680679503398080172,29,30,29,30
1680679503399963532,29,30,29,30
1680679503401915130,29,30,29,30
1680679503403797679,29,30,29,30
1680679503421747489,29,30,29,30
1680679503423787742,29,30,29,30
1680679503425898508,29,30,29,30
1680679503428121081,29,30,29,30
1680679503430169955,29,30,29,30
1680679503432196667,29,30,29,30
1680679503434223980,29,30,29,30
1680679503436085007,29,30,29,30
1680679503437932266,29,30,29,30
1680679503440576618,29,30,29,30
1680679503442451009,29,30,29,30
1680679503444333343,29,30,29,30
1680679503446267954,29,30,29,30
1680679503448192714,29,30,29,30
1680679503450089511,29,30,29,30
1680679503451989492,29,30,29,30
1680679503453877109,29,30,29,29
1680679503455720380,29,30,29,29
1680679503457543106,29,30,29,29
1680679503459395441,29,30,29,29
1680679503461256227,29,30,29,29
1680679503463137553,29,30,29,29
1680679503464992976,29,30,29,29
1680679503466895185,29,30,29,29
1680679503468824016,29,30,29,29
1680679503470970364,29,30,29,29
1680679503473532248,29,30,29,29
1680679503475672871,29,30,29,29
1680679503477688520,29,30,29,29
1680679503543610082,29,30,29,29
1680679503608600274,29,30,29,29
1680679503611076497,29,30,29,29
1680679503612992994,29,30,29,29
1680679503615171439,29,30,29,29
1680679503617171082,29,30,29,29
1680679503618878624,29,30,29,29
1680679503620525565,29,30,29,29
1680679503622176458,29,30,29,29
1680679503623827041,29,30,29,29
1680679503625483086,29,30,29,29
1680679503627131560,29,30,29,29
1680679503628879558,29,30,29,29
1680679503630533047,29,30,29,29
1680679503632217808,29,30,29,29
1680679503633892620,29,30,29,29
1680679503635557538,29,30,29,29
1680679503637235163,29,30,29,29
1680679503638899529,29,30,29,29
1680679503640605194,29,30,29,29
1680679503642323570,29,30,29,29
1680679503644033758,29,30,29,29
1680679503645785618,29,30,29,29
1680679503647525329,29,30,29,29
1680679503649256749,29,30,29,29
1680679503650953499,29,30,29,29
1680679503652617907,29,30,29,29
1680679503654295292,29,30,29,29
1680679503656010886,29,30,29,29
1680679503657696456,29,30,29,29
1680679503659363768,29,30,29,29
1680679503661034846,29,30,29,29
1680679503662722240,29,30,29,29
1680679503664454334,29,30,29,29
1680679503666245875,29,30,29,29
1680679503667928137,29,30,29,29
1680679503669659179,29,30,29,29
1680679503671401727,29,30,29,29
1680679503673117248,29,30,29,29
1680679503674815274,29,30,29,29
1680679503676534428,29,30,29,29
1680679503678266054,29,30,29,29
1680679503679978476,29,30,29,29
1680679503681690429,29,30,29,29
1680679503683393273,29,30,29,29
1680679503685073904,29,30,29,29
1680679503686782295,29,30,29,29
1680679503688477572,29,30,29,29
1680679503690228045,29,30,29,29
1680679503691927460,29,30,29,29
1680679503693610671,29,30,29,29
1680679503695292028,29,30,29,29
1680679503696996135,29,30,29,29
1680679503698681750,29,30,29,29
1680679503700370450,29,30,29,29
1680679503702066507,29,30,29,29
1680679503703757118,29,30,29,29
1680679503705441654,29,30,29,29
1680679503707151595,29,30,29,29
1680679503709110153,29,30,29,29
1680679503710813449,29,30,29,29
1680679503712558166,29,30,29,29
1680679503714249442,29,30,29,29
1680679503715958263,29,30,29,29
1680679503717699971,29,30,29,29
1680679503719498136,29,30,29,29
1680679503721182265,29,30,29,29
1680679503722866410,29,30,29,29
1680679503724556090,29,30,29,29
1680679503726329280,29,30,29,29
1680679503728051734,29,30,29,29
1680679503729770872,29,30,29,29
1680679503731567924,29,30,29,29
1680679503733251724,29,30,29,29
1680679503734934228,29,30,29,29
1680679503736580619,29,30,29,29
1680679503738301873,29,30,29,29
1680679503739949686,29,30,29,29
1680679503741595500,29,30,30,29
1680679503743239949,29,30,30,29
1680679503744886228,29,30,30,29
1680679503746661838,29,30,30,29
1680679503748375884,29,30,30,29
1680679503750114627,29,30,30,29
1680679503751855023,29,30,30,29
1680679503753563296,29,30,30,29
1680679503755272483,29,30,30,29
1680679503756978700,29,30,30,29
1680679503758705300,29,30,30,29
1680679503760393440,29,30,30,29
1680679503762096031,29,30,30,29
1680679503763827543,29,30,30,29
1680679503765514728,29,30,30,29
1680679503767211361,29,30,30,29
1680679503768912347,29,30,30,29
1680679503770601508,29,30,30,29
1680679503772342284,29,30,30,29
1680679503774029443,29,30,30,29
1680679503775712986,29,30,30,29
1680679503777457078,29,30,30,29
1680679503779148898,29,30,30,29
1680679503780833769,29,30,30,29
1680679503782517469,29,30,30,29
1680679503784202022,29,30,30,29
1680679503785884528,29,30,30,29
1680679503787564125,29,30,30,29
1680679503789261399,29,30,30,29
1680679503790940056,29,30,30,30
1680679503792682078,29,30,30,30
1680679503794380538,29,30,30,30
1680679503796069910,29,30,30,30
1680679503797767823,29,30,30,30
1680679503799458165,29,30,30,30
1680679503801143663,29,30,30,30
1680679503802825597,29,30,30,30
1680679503804516454,29,30,30,30
1680679503806246804,29,30,30,30
1680679503807933007,29,30,30,30
1680679503809658956,29,30,30,30
1680679503811368481,29,30,30,30
1680679503813108346,29,30,30,30
1680679503814793097,29,30,30,30
1680679503816476158,29,30,30,30
1680679503818286764,29,30,30,30
1680679503820039923,29,30,30,30
1680679503821816454,29,30,30,30
1680679503823501311,29,30,30,30
1680679503825179099,29,30,30,30
1680679503826878093,29,29,30,30
1680679503828601399,29,29,30,30
1680679503830404254,29,29,30,30
1680679503832117471,29,29,30,30
1680679503833815354,29,29,30,30
1680679503835501222,29,29,30,30
1680679503837194929,29,29,30,30
1680679503838901336,29,29,30,30
1680679503840587832,29,29,30,30
1680679503842273917,29,29,30,30
1680679503843955464,29,29,30,30
1680679503845639192,29,29,30,30
1680679503847343049,29,29,30,30
1680679503849098569,29,29,30,30
1680679503850775760,29,29,30,30
1680679503852489531,29,29,30,30
1680679503854179915,29,29,30,30
1680679503855864472,29,29,30,30
1680679503857550272,29,29,30,30
1680679503859289049,29,29,30,30
1680679503860978246,29,29,30,30
1680679503862665712,29,29,30,30
1680679503864350152,29,29,30,30
1680679503866039149,29,29,30,30
1680679503867788700,29,29,30,30
1680679503869598763,29,29,30,30
1680679503871282537,29,29,30,30
1680679503873022887,29,29,30,30
1680679503874705311,29,29,30,30
1680679503876392501,29,29,30,30
1680679503878090925,29,29,30,30
1680679503879826224,29,29,30,30
1680679503881518283,29,29,30,30
1680679503883200066,29,29,30,30
1680679503884887737,29,29,30,30
1680679503886676094,29,29,30,30
1680679503888359786,29,29,30,30
1680679503890092499,29,29,30,30
1680679503891944586,29,29,30,30
1680679503893632075,29,29,30,30
1680679503895311000,29,29,30,30
1680679503896999328,29,29,30,30
1680679503898689918,29,29,30,30
1680679503900376431,29,29,30,30
1680679503902085991,29,29,30,30
1680679503903837235,29,29,30,30
1680679503905581821,29,29,30,30
1680679503907282144,29,29,30,30
1680679503908970138,29,29,30,30
1680679503910788521,29,29,30,30
1680679503912573255,29,29,30,30
1680679503914291363,29,29,30,30
1680679503916009260,29,29,30,30
1680679503917695332,29,29,30,30
1680679503919556774,29,29,30,30
1680679503921331414,29,29,30,30
1680679503923050335,29,29,30,30
1680679503924727825,29,29,30,30
1680679503926426245,29,29,30,30
1680679503928108234,29,29,30,30
1680679503929832277,29,29,30,30
1680679503931581919,29,29,30,30
1680679503933320864,29,29,30,30
1680679503935000259,29,29,30,30
1680679503936687081,29,29,30,30
1680679503938380564,29,29,30,30
1680679503940066552,29,29,30,30
1680679503941750791,29,29,30,30
1680679503943439269,29,29,30,30
1680679503945130605,29,29,30,30
1680679503946823117,29,29,30,30
1680679503948503991,29,29,30,30
1680679503950246270,29,29,30,30
1680679503951934081,29,29,30,30
1680679503953621575,29,29,30,30
1680679503955324329,29,29,30,30
1680679503957009230,29,29,30,30
1680679503958688864,29,29,30,30
1680679503960425889,29,29,30,29
1680679503962120406,29,29,30,29
1680679503963893301,29,29,30,29
1680679503965575766,29,29,30,29
1680679503967286679,29,29,30,29
1680679503968985322,29,29,30,29
1680679503970672476,29,29,30,29
1680679503972371495,29,29,30,29
1680679503974071467,29,29,30,29
1680679503975813164,29,29,30,29
1680679503977557714,29,29,30,29
1680679503979547598,29,29,30,29
1680679503981517905,29,29,30,29
1680679503983423265,29,29,30,29
1680679503985323406,29,29,30,29
1680679503987248540,29,29,30,29
1680679503989151552,29,29,30,29
1680679503990798340,29,29,30,29
1680679503992564631,29,29,30,29
1680679503994219825,29,30,30,29
1680679503995868163,29,30,30,29
1680679503997516295,29,30,30,29
1680679503999162378,29,30,30,29
1680679504000866388,29,30,30,29
1680679504002550976,29,30,30,29
1680679504004229261,29,30,30,29
1680679504005918013,29,30,30,29
1680679504007630790,29,30,30,29
1680679504009338164,29,30,30,29
1680679504011125764,29,30,30,29
1680679504013008067,29,30,30,29
1680679504014691740,29,30,30,29
1680679504016390851,29,30,30,29
1680679504018085348,29,30,30,29
1680679504019772845,29,30,30,29
1680679504021883276,29,30,30,29
1680679504023872509,29,30,30,29
1680679504025572758,29,30,30,29
1680679504027283950,29,30,30,29
1680679504029115523,29,30,30,29
1680679504030862778,29,30,30,29
1680679504032554970,29,30,30,29
1680679504034218095,29,30,30,29
1680679504035864128,29,30,30,29
1680679504037517474,29,30,30,29
1680679504039166523,29,30,30,29
1680679504040818737,29,30,30,29
1680679504042471515,29,30,30,29
1680679504044143818,29,30,30,29
1680679504045844470,29,30,30,29
1680679504047565769,29,30,30,29
1680679504049248968,29,30,30,29
1680679504050930423,29,30,30,29
1680679504052728604,29,30,30,29
1680679504054418158,29,30,30,29
1680679504056096246,29,30,30,29
1680679504057783627,29,30,30,29
1680679504059473359,29,30,30,29
1680679504061162153,29,30,30,29
1680679504062874370,29,30,30,29
1680679504064556416,29,30,30,29
1680679504066254933,29,30,30,29
1680679504067967295,29,30,30,29
1680679504069666298,29,30,30,29
1680679504071351032,29,30,30,29
1680679504073092479,29,30,30,29
1680679504074776933,29,30,30,29
1680679504076459439,29,30,30,29
1680679504078152390,29,30,30,29
1680679504079840308,29,30,30,29
1680679504081528502,29,30,30,29
1680679504083265053,29,30,30,29
1680679504084950943,29,30,30,29
1680679504086646469,29,30,30,29
1680679504088338238,29,30,30,29
1680679504090071765,29,30,30,29
1680679504091777397,29,30,30,29
1680679504093489271,29,30,30,29
1680679504095176570,29,30,30,29
1680679504096864401,29,30,30,29
1680679504098550650,29,30,30,29
1680679504100241898,29,30,30,29
1680679504102030048,29,30,30,29
1680679504103723009,29,30,30,29
1680679504105403641,29,30,30,29
1680679504107144203,29,30,30,29
1680679504108826471,29,30,30,29
1680679504110563160,29,30,30,29
1680679504112245654,29,30,30,29
1680679504113932112,29,30,30,29
1680679504115617803,29,30,30,29
1680679504117298233,29,30,30,29
1680679504118974473,29,30,30,29
1680679504120682218,29,30,30,29
1680679504122546194,29,30,30,29
1680679504124376848,29,30,30,29
1680679504126118388,29,30,30,29
1680679504127888333,29,30,30,29
1680679504129579098,29,30,30,29
1680679504131259147,29,30,30,29
1680679504132959769,29,30,30,29
1680679504134641293,29,30,30,29
1680679504136327718,29,30,30,29
1680679504138016448,29,30,30,29
1680679504139713372,29,30,30,29
1680679504141401333,29,30,30,29
1680679504143083368,29,30,30,29
1680679504144774397,29,30,30,29
1680679504146464642,29,30,30,29
1680679504148206448,29,30,30,29
1680679504149922045,29,30,30,29
1680679504151606209,29,30,30,29
1680679504153347716,29,30,30,29
1680679504155029018,29,30,30,29
1680679504156710961,29,30,30,29
1680679504158411809,29,30,30,29
1680679504160100293,29,30,30,29
1680679504161794126,29,29,30,29
1680679504163542028,29,29,30,29
1680679504165230225,29,29,30,29
1680679504166916431,29,29,30,29
1680679504168585273,29,29,30,29
1680679504170280660,29,29,30,29
1680679504171952734,29,29,30,29
1680679504173651204,29,29,30,29
1680679504175309187,29,29,30,29
1680679504176980963,29,29,30,29
1680679504178680019,29,29,30,29
1680679504180360679,29,29,30,29
1680679504182040870,29,29,30,29
1680679504183775573,29,29,30,29
1680679504185499442,29,29,30,29
1680679504187219412,29,29,30,29
1680679504188933728,29,29,30,29
1680679504190665119,29,29,30,29
1680679504192516239,29,29,30,29
1680679504194264678,29,29,30,29
1680679504195976996,29,29,30,29
1680679504197685539,29,29,30,29
1680679504199392698,29,29,30,29
1680679504201082269,29,29,30,29
1680679504202755140,29,29,30,29
1680679504204470782,29,29,30,29
1680679504206173327,29,29,30,29
1680679504207882370,29,29,30,29
1680679504209562524,29,29,30,29
1680679504211362610,29,29,30,29
1680679504213102125,29,29,30,29
1680679504214781250,29,29,30,29
1680679504216462762,29,29,30,29
1680679504218164464,29,29,30,29
1680679504219843895,29,29,30,29
1680679504221528589,29,29,30,29
1680679504223219095,29,29,30,29
1680679504225190226,29,29,30,29
1680679504226945627,29,29,30,29
1680679504228639255,29,29,30,29
1680679504230380780,29,29,30,29
1680679504232067774,29,29,30,29
1680679504233788066,29,29,30,29
1680679504235481790,29,29,30,29
1680679504237165260,29,29,30,29
1680679504238849142,29,29,30,29
1680679504240536627,29,29,30,29
1680679504242232162,29,29,30,29
1680679504243915357,29,29,29,29
1680679504245634929,29,29,29,29
1680679504247427140,29,29,29,29
1680679504249117706,29,29,29,29
1680679504250852351,29,29,29,29
1680679504252613509,29,29,29,29
1680679504254359535,29,29,29,29
1680679504256034007,29,29,29,29
1680679504257698050,29,29,29,29
1680679504259359329,29,29,29,29
1680679504261019853,29,29,29,29
1680679504262712717,29,29,29,29
1680679504264490982,29,29,29,29
1680679504266231805,29,29,29,29
1680679504267964121,29,29,29,29
1680679504269653698,29,29,29,29
1680679504271395017,29,29,29,29
1680679504273117815,29,29,29,29
1680679504274798529,29,29,29,29
1680679504276480731,29,29,29,29
1680679504278165496,29,29,29,29
1680679504279854548,29,29,29,29
1680679504281535002,29,29,29,29
1680679504283236564,29,29,29,29
1680679504284976300,29,29,29,29
1680679504286677462,29,29,29,29
1680679504288431925,29,29,29,29
1680679504290176303,29,29,29,29
1680679504291887741,29,29,29,29
1680679504293616242,29,29,29,29
1680679504295322495,29,29,29,29
1680679504297034696,29,29,29,29
1680679504298741532,29,29,29,29
1680679504300455547,29,29,29,29
1680679504302174272,29,29,29,29
1680679504303891688,29,29,29,29
1680679504305610057,29,29,29,29
1680679504307310782,29,29,29,29
1680679504308990613,29,29,29,29
1680679504310751256,29,29,29,29
1680679504312447281,29,29,29,29
1680679504314156327,29,29,29,29
1680679504315830664,29,29,29,29
1680679504317513341,29,29,29,29
1680679504319190772,29,29,29,29
1680679504320871954,29,29,29,29
1680679504322554046,29,29,29,29
1680679504324236757,29,29,29,29
1680679504326036609,29,29,29,29
1680679504327846560,29,30,29,29
1680679504329559979,29,30,29,29
1680679504331279700,29,30,29,29
1680679504333066592,29,30,29,29
1680679504334725354,29,30,29,29
1680679504336397972,29,30,29,29
1680679504338075605,29,30,29,29
1680679504339737444,29,30,29,29
1680679504341407026,29,30,29,29
1680679504343066151,29,30,29,29
1680679504344727464,29,30,29,29
1680679504346448743,29,30,29,29
1680679504348266815,29,30,29,29
1680679504349982616,29,30,29,29
1680679504351687471,29,30,29,29
1680679504353411357,29,30,29,29
1680679504355112904,29,30,29,29
1680679504356799489,29,30,29,29
1680679504358485356,29,30,29,29
1680679504360172509,29,30,29,29
1680679504361859178,29,30,29,29
1680679504363551315,29,30,29,29
1680679504365274474,29,30,29,29
1680679504366985945,29,30,29,29
1680679504368726525,29,30,29,29
1680679504370468705,29,30,29,29
1680679504372232234,29,30,29,29
1680679504373964331,29,30,29,29
1680679504375649571,29,30,29,29
1680679504377332870,29,30,29,29
1680679504379013849,29,30,29,29
1680679504380701698,29,30,29,29
1680679504382391370,29,30,29,29
1680679504384075854,29,30,29,29
1680679504385877915,29,30,29,29
1680679504387595320,29,30,29,29
1680679504389356126,29,30,29,29
1680679504391100218,29,30,29,29
1680679504392811588,29,30,29,29
1680679504394490917,29,30,29,29
1680679504396171657,29,30,29,29
1680679504397854941,29,30,29,29
1680679504399536533,29,30,29,29
1680679504401274330,29,30,29,29
1680679504402955495,29,30,29,29
1680679504404640087,29,30,29,29
1680679504406348671,29,30,29,29
1680679504408043363,29,30,29,29
1680679504409732594,29,30,30,29
1680679504411578955,29,30,30,29
1680679504413279989,29,30,30,29
1680679504414965732,29,30,30,29
1680679504416658603,29,30,30,29
1680679504418342710,29,30,30,29
1680679504420032799,29,30,30,29
1680679504421721533,29,30,30,29
1680679504423406290,29,30,30,29
1680679504425093289,29,30,30,29
1680679504426949377,29,30,30,29
1680679504428695611,29,30,30,29
1680679504430486636,29,30,30,29
1680679504432160841,29,30,30,29
1680679504433894921,29,30,30,29
1680679504435558485,29,30,30,29
1680679504437226960,29,30,30,29
1680679504438905600,29,30,30,29
1680679504440671542,29,30,30,29
1680679504442365003,29,30,30,29
1680679504444050467,29,30,30,29
1680679504445742599,29,30,30,29
1680679504447579134,29,30,30,29
1680679504449355664,29,30,30,29
1680679504451055845,29,30,30,29
1680679504452727372,29,30,30,29
1680679504454420578,29,30,30,29
1680679504456114537,29,30,30,29
1680679504457883587,29,30,30,29
1680679504459569077,29,30,30,29
1680679504461261494,29,30,30,29
1680679504462941537,29,30,30,29
1680679504464623234,29,30,30,29
1680679504466325139,29,30,30,29
1680679504468118485,29,30,30,29
1680679504469848640,29,30,30,29
1680679504471621872,29,30,30,29
1680679504473339751,29,30,30,29
1680679504475044416,29,30,30,29
1680679504476727524,29,30,30,29
1680679504478440829,29,30,30,29
1680679504480137531,29,30,30,29
1680679504481828911,29,30,30,29
1680679504483518934,29,30,30,29
1680679504485203931,29,30,30,29
1680679504486886149,29,30,30,29
1680679504488651513,29,30,30,29
1680679504490339126,29,30,30,29
1680679504492030551,29,30,30,29
1680679504493733413,29,30,30,29
1680679504495427210,29,29,30,29
1680679504497113706,29,29,30,29
1680679504498795241,29,29,30,29
1680679504500475131,29,29,30,29
1680679504502159962,29,29,30,29
1680679504503840299,29,29,30,29
1680679504505520211,29,29,30,29
1680679504507201053,29,29,30,29
1680679504508936543,29,29,30,29
1680679504510633113,29,29,30,29
1680679504512299256,29,29,30,29
1680679504514005474,29,29,30,29
1680679504515669517,29,29,30,29
1680679504517329965,29,29,30,29
1680679504518995470,29,29,30,29
1680679504520663109,29,29,30,29
1680679504522378731,29,29,30,29
1680679504524084894,29,29,30,29
1680679504525859944,29,29,30,29
1680679504527727869,29,29,30,29
1680679504529722387,29,29,30,29
1680679504531527870,29,29,30,29
1680679504533296697,29,29,30,29
1680679504534977643,29,29,30,29
1680679504536722718,29,29,30,29
1680679504538391493,29,29,30,29
1680679504540054712,29,29,30,29
1680679504541722954,29,29,30,29
1680679504543474171,29,29,30,29
1680679504545164533,29,29,30,29
1680679504546854247,29,29,30,29
1680679504548625164,29,29,30,29
1680679504550318812,29,29,30,29
1680679504552052321,29,29,30,29
1680679504553764858,29,29,30,29
1680679504555449275,29,29,30,29
1680679504557132118,29,29,30,29
1680679504558814560,29,29,30,29
1680679504560498740,29,29,30,29
1680679504562190151,29,29,30,29
1680679504563872132,29,29,30,29
1680679504565557286,29,29,30,29
1680679504567234455,29,29,30,29
1680679504569023020,29,29,30,29
1680679504570735558,29,29,30,29
1680679504572423134,29,29,30,29
1680679504574226086,29,29,30,29
1680679504575903124,29,29,30,29
1680679504577586280,29,29,29,29
1680679504579269037,29,29,29,29
1680679504580943654,29,29,29,29
1680679504582633570,29,29,29,29
1680679504584324953,29,29,29,29
1680679504586007839,29,29,29,29
1680679504587687173,29,29,29,29
1680679504589376397,29,29,29,29
1680679504591296441,29,29,29,29
1680679504592991433,29,29,29,29
1680679504594683136,29,29,29,29
1680679504596351592,29,29,29,29
1680679504598017052,29,29,29,29
1680679504599680319,29,29,29,29
1680679504601342268,29,29,29,29
1680679504603009395,29,29,29,29
1680679504604681008,29,29,29,29
1680679504606388004,29,29,29,29
1680679504608101401,29,29,29,29
1680679504609841642,29,29,29,29
1680679504611612795,29,29,29,29
1680679504613469581,29,29,29,29
1680679504615181215,29,29,29,29
1680679504616874529,29,29,29,29
1680679504618557504,29,29,29,29
1680679504620243472,29,29,29,29
1680679504621931668,29,29,29,29
1680679504623615270,29,29,29,29
1680679504625300737,29,29,29,29
1680679504626982591,29,29,29,29
1680679504628695859,29,29,29,29
1680679504630605327,29,29,29,29
1680679504632528511,29,29,29,29
1680679504634485431,29,29,29,29
1680679504636409695,29,29,29,29
1680679504638092096,29,29,29,30
1680679504639761510,29,29,29,30
1680679504641426305,29,29,29,30
1680679504643093159,29,29,29,30
1680679504644727982,29,29,29,30
1680679504646428948,29,29,29,30
1680679504648438941,29,29,29,30
1680679504650238952,29,29,29,30
1680679504651960620,29,29,29,30
1680679504653780191,29,29,29,30
1680679504655736319,29,29,29,30
1680679504657430095,29,29,29,30
1680679504659094350,29,29,29,30
1680679504660724450,29,29,29,30
1680679504662631552,29,29,29,30
1680679504664300454,29,29,29,30
1680679504665973500,29,29,29,30
1680679504667679810,29,29,29,30
1680679504669437742,29,29,29,30
1680679504671185610,29,29,29,30
1680679504672895796,29,29,29,30
1680679504674620233,29,29,29,30
1680679504676335101,29,29,29,30
1680679504678039115,29,29,29,30
1680679504679720002,29,29,29,30
1680679504681403893,29,29,29,30
1680679504683138967,29,29,29,30
1680679504684824988,29,29,29,30
1680679504686509285,29,29,29,30
1680679504688213102,29,29,29,30
1680679504689910695,29,29,29,30
1680679504691623681,29,29,29,30
1680679504693315820,29,29,29,30
1680679504694994184,29,29,29,30
1680679504696678425,29,29,29,30
1680679504698371206,29,29,29,30
1680679504700062606,29,29,29,30
1680679504701747233,29,29,29,30
1680679504703427754,29,29,29,30
1680679504705108284,29,29,29,30
1680679504706787882,29,29,29,30
1680679504708586667,29,29,29,30
1680679504710306598,29,29,29,30
1680679504712018704,29,29,29,30
1680679504714022325,29,29,29,30
1680679504715870687,29,29,29,30
1680679504717745914,29,29,29,30
1680679504719625523,29,29,29,30
1680679504721507829,29,29,29,30
1680679504723344695,29,29,29,30
1680679504725201872,29,29,29,30
1680679504727278781,29,29,29,30
1680679504729218668,29,29,29,30
1680679504731450301,29,29,29,30
1680679504733420739,29,29,29,30
1680679504735359479,29,29,29,30
1680679504737248287,29,29,29,30
1680679504739129809,29,29,29,30
1680679504740986377,29,29,29,30
1680679504743552133,29,29,29,30
1680679504745435808,29,29,29,30
1680679504747328778,29,29,29,30
1680679504749254218,29,29,29,30
1680679504751230942,29,29,29,30
1680679504753121188,29,29,29,30
1680679504755030180,29,29,29,30
1680679504756943995,29,29,29,30
1680679504759446748,29,29,29,30
1680679504761322877,29,29,29,30
1680679504763210162,29,29,29,30
1680679504765101032,29,29,29,30
1680679504766992820,29,29,29,30
1680679504768925318,29,29,29,30
1680679504770785964,29,29,29,30
1680679504772726885,29,29,29,30
1680679504775394812,29,29,29,30
1680679504778173896,29,29,29,30
1680679504780402299,29,29,29,30
1680679504782451532,29,29,29,30
1680679504848820118,29,30,29,30
1680679504915237821,29,30,29,30
1680679504917757969,29,30,29,30
1680679504919667287,29,30,29,30
1680679504921568173,29,30,29,30
1680679504923468779,29,30,29,30
1680679504925339680,29,30,29,30
1680679504926975548,29,30,29,30
1680679504928670633,29,30,29,30
1680679504930309201,29,30,29,30
1680679504932045179,29,30,29,30
1680679504934090483,29,30,29,30
1680679504935734606,29,30,29,30
1680679504937395904,29,30,29,30
1680679504939076637,29,30,29,30
1680679504940729396,29,30,29,30
1680679504942420590,29,30,29,30
1680679504944106507,29,30,29,30
1680679504945812465,29,30,29,30
1680679504947499416,29,30,29,30
1680679504949209527,29,30,29,30
1680679504950891195,29,30,29,30
1680679504952600057,29,30,29,30
1680679504954349658,29,30,29,30
1680679504956035646,29,30,29,30
1680679504957716140,29,30,29,30
1680679504959394117,29,30,29,30
1680679504961076006,29,30,29,30
1680679504962758839,29,30,29,30
1680679504964445451,29,30,29,30
1680679504966137148,29,30,29,30
1680679504967915136,29,30,29,30
1680679504969723761,29,30,29,30
1680679504971411058,29,30,29,30
1680679504973167749,29,30,29,30
1680679504974907749,29,30,29,30
1680679504976599006,29,30,29,30
1680679504978297840,29,30,29,30
1680679504979985825,29,30,29,30
1680679504981668389,29,30,29,30
1680679504983350786,29,30,29,30
1680679504985034233,29,30,29,30
1680679504986715968,29,30,29,30
1680679504988404730,29,30,29,30
1680679504990113229,29,30,29,30
1680679504991796383,29,30,29,30
1680679504993546016,29,30,29,30
1680679504995264578,29,30,29,30
1680679504996955703,29,29,29,30
1680679504998632268,29,29,29,30
1680679505000308726,29,29,29,30
1680679505001995274,29,29,29,30
1680679505003678936,29,29,29,30
1680679505005365861,29,29,29,30
1680679505007045262,29,29,29,30
1680679505008785906,29,29,29,30
1680679505010492039,29,29,29,30
1680679505012257177,29,29,29,30
1680679505013994685,29,29,29,30
1680679505015706337,29,29,29,30
1680679505017418843,29,29,29,30
1680679505019131832,29,29,29,30
1680679505020812063,29,29,29,30
1680679505022492966,29,29,29,30
1680679505024184016,29,29,29,30
1680679505025873730,29,29,29,30
1680679505027561002,29,29,29,30
1680679505029281688,29,29,29,30
1680679505030964433,29,29,29,30
1680679505032664721,29,29,29,30
1680679505034430178,29,29,29,30
1680679505036130561,29,29,29,30
1680679505037888733,29,29,29,30
1680679505039580048,29,29,29,30
1680679505041340921,29,29,29,30
1680679505043019163,29,29,29,30
1680679505044701676,29,29,29,30
1680679505046398556,29,29,29,30
1680679505048079771,29,29,29,30
1680679505049833118,29,29,29,30
1680679505051604831,29,29,29,30
1680679505053341951,29,29,29,30
1680679505055166854,29,29,29,30
1680679505056853076,29,29,29,30
1680679505058534758,29,29,29,30
1680679505060216209,29,29,29,30
1680679505061906003,29,29,29,30
1680679505063599918,29,29,29,30
1680679505065285601,29,29,29,30
1680679505067044169,29,29,29,30
1680679505068728776,29,29,29,30
1680679505070413082,29,29,29,30
1680679505072104511,29,29,29,30
1680679505073794891,29,29,29,30
1680679505075525180,29,29,29,30
1680679505077215535,29,29,29,30
1680679505078901547,29,29,29,30
1680679505080582204,29,29,29,30
1680679505082265006,29,29,29,30
1680679505083941798,29,29,29,30
1680679505085625574,29,29,29,30
1680679505087303383,29,29,29,30
1680679505089006893,29,29,29,30
1680679505090692897,29,29,29,30
1680679505092380771,29,29,29,30
1680679505094097911,29,29,29,30
1680679505095767280,29,29,29,30
1680679505097439819,29,29,29,30
1680679505099105082,29,29,29,30
1680679505100850217,29,29,29,30
1680679505102539683,29,29,29,30
1680679505104222355,29,29,29,30
1680679505105934145,29,29,29,30
1680679505107620485,29,29,29,30
1680679505109323950,29,29,29,30
1680679505111004872,29,29,29,30
1680679505112797862,29,29,29,30
1680679505114667728,29,29,29,30
1680679505116385720,29,29,29,30
1680679505118103477,29,29,29,30
1680679505119813702,29,29,29,30
1680679505121521983,29,29,29,30
1680679505123230726,29,29,29,30
1680679505124885739,29,29,29,30
1680679505126526417,29,29,29,30
1680679505128169125,29,29,29,30
1680679505129847274,29,29,29,30
1680679505131518460,29,29,29,30
1680679505133207327,29,29,29,30
1680679505134957022,29,29,29,30
1680679505136646072,29,29,29,30
1680679505138342553,29,29,29,30
1680679505140016941,29,29,29,30
1680679505141696372,29,29,29,30
1680679505143385035,29,29,29,29
1680679505145097609,29,29,29,29
1680679505146805232,29,29,29,29
1680679505148509566,29,29,29,29
1680679505150284111,29,29,29,29
1680679505151992323,29,29,29,29
1680679505153722962,29,29,29,29
1680679505155487722,29,29,29,29
1680679505157171197,29,29,29,29
1680679505158850478,29,29,29,29
1680679505160537636,29,29,29,29
1680679505162236884,29,29,29,29
1680679505163923340,29,29,29,29
1680679505165600217,29,30,29,29
1680679505167311483,29,30,29,29
1680679505169201858,29,30,29,29
1680679505170880846,29,30,29,29
1680679505172577696,29,30,29,29
1680679505174384334,29,30,29,29
1680679505176132019,29,30,29,29
1680679505177827088,29,30,29,29
1680679505179509414,29,30,29,29
1680679505181194082,29,30,29,29
1680679505182879905,29,30,29,29
1680679505184636968,29,30,29,29
1680679505186319752,29,30,29,29
1680679505188009030,29,30,29,29
1680679505189706449,29,30,29,29
1680679505191396554,29,30,29,29
1680679505193093566,29,30,29,29
1680679505194840225,29,30,29,29
1680679505196535399,29,30,29,29
1680679505198225191,29,30,29,29
1680679505199921574,29,30,29,29
1680679505201607396,29,30,29,29
1680679505203288342,29,30,29,29
1680679505204972510,29,30,29,29
1680679505206657196,29,30,29,29
1680679505208321812,29,30,29,29
1680679505210012651,29,30,29,29
1680679505211678861,29,30,29,29
1680679505213368344,29,30,29,29
1680679505215248599,29,30,29,29
1680679505216922778,29,30,29,29
1680679505218625128,29,30,29,29
1680679505220327285,29,30,29,29
1680679505222039455,29,30,29,29
1680679505223747445,29,30,29,29
1680679505225458491,29,30,29,29
1680679505227165319,29,30,29,29
1680679505228866496,29,30,29,29
1680679505230547120,29,30,29,29
1680679505232231580,29,30,29,29
1680679505233978598,29,30,29,29
1680679505235752032,29,30,29,29
1680679505237438020,29,30,29,29
1680679505239117662,29,30,29,29
1680679505240798390,29,30,29,29
1680679505242486659,29,30,29,29
1680679505244178676,29,30,29,29
1680679505245877838,29,30,29,29
1680679505247563613,29,30,29,29
1680679505249300093,29,30,29,29
1680679505250970973,29,30,29,29
1680679505252726027,29,30,29,29
1680679505254441911,29,30,29,29
1680679505256132549,29,30,29,29
1680679505257827166,29,30,29,29
1680679505259514548,29,30,29,29
1680679505261195585,29,30,29,29
1680679505262876081,29,30,29,29
1680679505264561389,29,30,29,29
1680679505266250764,29,30,29,29
1680679505267958493,29,30,29,29
1680679505269672576,29,30,29,29
1680679505271353704,29,30,29,29
1680679505273047701,29,30,29,29
1680679505274811352,29,30,29,29
1680679505276494497,29,30,29,29
1680679505278188673,29,30,29,29
1680679505279873017,29,30,29,29
1680679505281557217,29,30,29,29
1680679505283242568,29,30,29,29
1680679505284923142,29,30,29,29
1680679505286607287,29,30,29,29
1680679505288291375,29,30,29,29
1680679505290035017,29,30,29,29
1680679505291717249,29,30,29,29
1680679505293424121,29,30,29,29
1680679505295138151,29,30,29,29
1680679505296828242,29,30,29,29
1680679505298517882,29,30,29,29
1680679505300211245,29,30,29,29
1680679505301900359,29,30,29,29
1680679505303589242,29,30,29,29
1680679505305358498,29,30,29,29
1680679505307047519,29,30,29,29
1680679505308819427,29,30,29,29
1680679505310518559,29,30,29,29
1680679505312207086,29,30,29,29
1680679505313967307,29,30,29,29
1680679505315768149,29,30,29,29
1680679505317456628,29,30,29,29
1680679505319138492,29,30,29,29
1680679505320822506,29,30,29,29
1680679505322503227,29,30,29,29
1680679505324182576,29,30,29,29
1680679505325866519,29,30,29,29
1680679505327555750,29,30,29,29
1680679505329238724,29,30,29,29
1680679505330917500,29,30,29,29
1680679505332581382,29,30,29,29
1680679505334260590,29,30,29,29
1680679505336068039,29,30,29,29
1680679505337742181,29,30,29,29
1680679505339405259,29,30,29,29
1680679505341067050,29,30,29,29
1680679505342747204,29,30,29,29
1680679505344433135,29,30,29,29
1680679505346130612,29,30,29,29
1680679505347817907,29,30,29,29
1680679505349582221,29,30,29,29
1680679505351272333,29,30,29,29
1680679505353003313,29,30,29,29
1680679505354707393,29,30,29,29
1680679505356452142,29,30,29,29
1680679505358163293,29,30,29,29
1680679505359869255,29,30,29,29
1680679505361576690,29,30,29,29
1680679505363279596,29,30,29,29
1680679505364970474,29,30,29,29
1680679505366659135,29,30,29,29
1680679505368342822,29,30,29,29
1680679505370141682,29,30,29,29
1680679505371823621,29,30,29,29
1680679505373594593,29,30,29,29
1680679505375347010,29,30,29,29
1680679505377027984,29,30,29,29
1680679505378705475,29,30,29,29
1680679505380386582,29,30,29,29
1680679505382084605,29,30,29,29
1680679505383763777,29,30,29,29
1680679505385447017,29,30,29,29
1680679505387140631,29,30,29,29
1680679505388910390,29,30,29,29
1680679505390640950,29,30,29,29
1680679505392328241,29,30,29,29
1680679505394050019,29,30,29,29
1680679505395927225,29,30,29,29
1680679505397610019,29,30,29,29
1680679505399293310,29,30,29,29
1680679505400973929,29,30,29,29
1680679505402660137,29,30,29,29
1680679505404348606,29,30,29,29
1680679505406031526,29,30,29,29
1680679505407719874,29,30,29,29
1680679505409415519,29,30,29,29
1680679505411102176,29,30,29,29
1680679505412787452,29,30,29,29
1680679505414470927,29,30,29,29
1680679505416231497,29,30,29,29
1680679505417931669,29,30,29,29
1680679505419624397,29,30,29,29
1680679505421400477,29,30,29,29
1680679505423082408,29,30,29,29
1680679505424726874,29,30,29,29
1680679505426400188,29,30,29,29
1680679505428187616,29,30,29,29
1680679505429962688,29,30,29,29
1680679505431657033,29,30,29,29
1680679505433377676,29,30,29,29
1680679505435107455,29,30,29,29
1680679505436866344,29,30,29,29
1680679505438542944,29,30,29,29
1680679505440223150,29,30,29,29
1680679505441924640,29,30,29,29
1680679505443692216,29,30,29,29
1680679505445380550,29,30,29,29
1680679505447063329,29,30,29,29
1680679505448726217,29,30,29,29
1680679505450462414,29,30,29,29
1680679505452149246,29,30,29,29
1680679505453863231,29,30,29,29
1680679505455593871,29,30,29,29
1680679505457276787,29,30,29,29
1680679505458961881,29,30,29,29
1680679505460655839,29,30,29,29
1680679505462364216,29,30,29,29
1680679505464058424,29,30,29,29
1680679505465763298,29,30,29,29
1680679505467446140,29,30,29,29
1680679505469130895,29,30,29,29
1680679505470869673,29,30,29,29
1680679505472559506,29,30,29,29
1680679505474303467,29,30,29,29
1680679505476056961,29,30,29,29
1680679505477745868,29,30,29,29
1680679505479429162,29,30,29,29
1680679505481111399,29,30,29,29
1680679505482794667,29,30,29,29
1680679505484487547,29,30,29,29
1680679505486181963,29,30,29,29
1680679505487869285,29,30,29,29
1680679505489553443,29,30,29,29
1680679505491234620,29,30,29,29
1680679505492918163,29,30,29,29
1680679505494598853,29,30,29,29
1680679505496390962,29,30,29,29
1680679505498162382,29,30,29,29
1680679505499852044,29,29,29,29
1680679505501532639,29,29,29,29
1680679505503218909,29,29,29,29
1680679505504906636,29,29,29,29
1680679505506594215,29,29,29,29
1680679505508293454,29,29,29,29
1680679505510012906,29,29,29,29
1680679505511702396,29,29,29,29
1680679505513409499,29,29,29,29
1680679505515087574,29,29,29,29
1680679505516794604,29,29,29,29
1680679505518486195,29,29,29,29
1680679505520173273,29,29,29,29
1680679505521865141,29,29,29,29
1680679505523590557,29,29,29,29
1680679505525372261,29,29,29,29
1680679505527058723,29,29,29,29
1680679505528730588,29,29,29,29
1680679505530427288,29,29,29,29
1680679505532173837,29,29,29,29
1680679505533897379,29,29,29,29
1680679505535651871,29,29,29,29
1680679505537348394,29,29,29,29
1680679505539038425,29,29,29,29
1680679505540726947,29,29,29,29
1680679505542431754,29,29,29,29
1680679505544201755,29,29,29,29
1680679505545899672,29,29,29,29
1680679505547579103,29,29,29,29
1680679505549257887,29,29,29,29
1680679505550986883,29,29,29,29
1680679505552672558,29,29,29,29
1680679505554436720,29,29,29,29
1680679505556332097,29,29,29,29
1680679505558021728,29,29,29,29
1680679505559703276,29,29,29,29
1680679505561385760,29,29,29,29
1680679505563072214,29,29,29,29
1680679505564726315,29,29,29,29
1680679505566415053,29,29,29,29
1680679505568155984,29,29,29,29
1680679505569851550,29,29,29,29
1680679505571543612,29,29,29,29
1680679505573254544,29,29,29,29
1680679505574937641,29,29,29,29
1680679505576726961,29,29,29,29
1680679505578417038,29,29,29,29
1680679505580110686,29,29,29,29
1680679505581803897,29,29,29,29
1680679505583494674,29,29,29,29
1680679505585180784,29,29,29,29
1680679505586863908,29,29,29,29
1680679505588548041,29,29,29,29
1680679505590342029,29,29,29,29
1680679505592021492,29,29,29,29
1680679505593730141,29,29,29,29
1680679505595429518,29,29,29,29
1680679505597128972,29,29,29,29
1680679505598818488,29,29,29,29
1680679505600479086,29,29,29,29
1680679505602154545,29,29,29,29
1680679505603818411,29,29,29,29
1680679505605485373,29,29,29,29
1680679505607145245,29,29,29,29
1680679505608890930,29,29,29,29
1680679505610605253,29,29,29,29
1680679505612314427,29,29,29,29
1680679505614069703,29,29,29,29
1680679505615806582,29,29,29,29
1680679505617511600,29,29,29,29
1680679505619215115,29,29,29,29
1680679505620927032,29,29,29,29
1680679505622604191,29,29,29,29
1680679505624294061,29,29,29,29
1680679505625992384,29,29,29,29
1680679505627685638,29,29,29,29
1680679505629370703,29,29,29,29
1680679505631081144,29,29,29,29
1680679505632730209,29,29,29,29
1680679505634465629,29,29,29,29
1680679505636230483,29,29,29,29
1680679505637934746,29,29,29,29
1680679505639618777,29,29,29,29
1680679505641307917,29,29,29,29
1680679505642995588,29,29,29,29
1680679505644686494,29,29,29,29
1680679505646375971,29,29,29,29
1680679505648063285,29,29,29,29
1680679505649757843,29,29,29,29
1680679505651451307,29,29,29,29
1680679505653139252,29,29,29,29
1680679505654856004,29,29,29,29
1680679505656624466,29,29,29,29
1680679505658312197,29,29,29,29
1680679505659991463,29,29,29,29
1680679505661671248,29,29,29,29
1680679505663350030,29,29,29,29
1680679505665030584,29,29,29,29
1680679505666709870,29,29,29,29
1680679505668502972,29,29,29,29
1680679505670259818,29,29,29,29
1680679505671949864,29,29,29,29
1680679505673669186,29,29,29,29
1680679505675353478,29,29,29,29
1680679505677116929,29,29,29,29
1680679505678799775,29,29,29,29
1680679505680497277,29,29,29,29
1680679505682187805,29,29,29,29
1680679505683884016,29,29,29,29
1680679505685560553,29,29,29,29
1680679505687243947,29,29,29,29
1680679505688924373,29,29,29,29
1680679505690632190,29,29,29,29
1680679505692314155,29,29,29,29
1680679505694013598,29,29,29,29
1680679505695733006,29,29,29,29
1680679505697457683,29,29,29,29
1680679505699134134,29,29,29,29
1680679505700817600,29,29,29,29
1680679505702496528,29,29,29,29
1680679505704189510,29,29,29,29
1680679505705875650,29,29,29,29
1680679505707564547,29,29,29,29
1680679505709321673,29,29,29,29
1680679505711092262,29,29,29,29
1680679505712726224,29,29,29,29
1680679505714439304,29,29,29,29
1680679505716324056,29,29,29,29
1680679505718013429,29,29,29,29
1680679505719699994,29,29,29,29
1680679505721388586,29,29,29,29
1680679505723078617,29,29,29,29
1680679505724726671,29,29,29,29
1680679505726400019,29,29,29,29
1680679505728066904,29,29,29,29
1680679505729740930,29,29,29,29
1680679505731462374,29,29,29,29
1680679505733134995,29,29,29,29
1680679505734831389,29,29,29,29
1680679505736636649,29,29,29,29
1680679505738326277,29,29,29,29
1680679505740011291,29,29,29,29
1680679505741691643,29,29,29,29
1680679505743372777,29,29,29,29
1680679505745072543,29,29,29,29
1680679505746773190,29,29,29,29
1680679505748475271,29,29,30,29
1680679505750196690,29,29,30,29
1680679505751905024,29,29,30,29
1680679505753631995,29,29,30,29
1680679505755338138,29,29,30,29
1680679505757164652,29,29,30,29
1680679505758846950,29,29,30,29
1680679505760535475,29,29,30,29
1680679505762242040,29,29,30,29
1680679505763931394,29,29,30,29
1680679505765613135,29,29,30,29
1680679505767292386,29,29,30,29
1680679505768974394,29,29,30,29
1680679505770671753,29,29,30,29
1680679505772357415,29,29,30,29
1680679505774079633,29,29,30,29
1680679505775849064,29,29,30,29
1680679505777555229,29,29,30,29
1680679505779238829,29,29,30,29
1680679505780925615,29,29,30,29
1680679505782608583,29,29,30,29
1680679505784295122,29,29,30,29
1680679505785997942,29,29,30,29
1680679505787682213,29,29,30,29
1680679505789365031,29,29,30,29
1680679505791144533,29,29,30,29
1680679505792835779,29,29,30,29
1680679505794583867,29,29,30,29
1680679505796378135,29,29,30,29
1680679505798076949,29,29,30,29
1680679505799768620,29,29,30,29
1680679505801451491,29,29,30,29
1680679505803132981,29,29,30,29
1680679505804819280,29,29,30,29
1680679505806501860,29,29,30,29
1680679505808184162,29,29,30,29
1680679505809863111,29,29,30,29
1680679505811607342,29,29,30,29
1680679505813297193,29,29,30,29
1680679505814998310,29,29,30,29
1680679505816814908,29,29,30,29
1680679505818491479,29,29,30,29
1680679505820174206,29,29,30,29
1680679505821857411,29,29,30,29
1680679505823543771,29,29,30,29
1680679505825231026,29,29,30,29
1680679505826909971,29,29,30,29
1680679505828575415,29,29,30,29
1680679505830262034,29,29,30,29
1680679505831927319,29,29,30,29
1680679505833594385,29,29,30,29
1680679505835300719,29,29,30,29
1680679505837021936,29,29,30,29
1680679505838706460,29,29,30,29
1680679505840392569,29,29,30,29
1680679505842089034,29,29,30,29
1680679505843779203,29,29,30,29
1680679505845459707,29,29,30,29
1680679505847140878,29,29,30,29
1680679505848855564,29,29,30,29
1680679505850645792,29,29,30,29
1680679505852351600,29,29,30,29
1680679505854072008,29,29,30,29
1680679505855893358,29,29,30,29
1680679505857647267,29,29,30,29
1680679505859371009,29,29,30,29
1680679505861021613,29,29,30,29
1680679505862669540,29,29,30,29
1680679505864317531,29,29,30,29
1680679505865974436,29,29,30,29
1680679505867625804,29,29,30,29
1680679505869278590,29,29,30,29
1680679505870986839,29,29,30,29
1680679505872670141,29,29,30,29
1680679505874443355,29,29,30,29
1680679505876157982,29,29,30,29
1680679505877853118,29,29,30,29
1680679505879534026,29,29,30,29
1680679505881224467,29,29,30,29
1680679505882932965,29,29,30,29
1680679505884647883,29,29,30,29
1680679505886406091,29,29,30,29
1680679505888121015,29,29,30,29
1680679505889855748,29,29,30,29
1680679505891580821,29,29,30,29
1680679505893262528,29,29,30,29
1680679505895027261,29,29,30,29
1680679505896726667,29,29,30,29
1680679505898414407,29,29,30,29
1680679505900103464,29,29,30,29
1680679505901813083,29,29,30,29
1680679505903505031,29,29,30,29
1680679505905262044,29,29,30,29
1680679505906947917,29,29,30,29
1680679505908629809,29,29,30,29
1680679505910323067,29,29,30,29
1680679505912115223,29,29,30,29
1680679505913809011,29,29,30,29
1680679505915491597,29,29,30,29
1680679505917248245,29,29,29,29
1680679505918933059,29,29,29,29
1680679505920622465,29,29,29,29
1680679505922320475,29,29,29,29
1680679505924008326,29,29,29,29
1680679505925688800,29,29,29,29
1680679505927370843,29,29,29,29
1680679505929052249,29,29,29,29
1680679505930773189,29,29,29,29
1680679505932460093,29,29,29,29
1680679505934271793,29,29,29,29
1680679505936102136,29,29,29,29
1680679505938109749,29,29,29,29
1680679505939796646,29,29,29,29
1680679505941490488,29,29,29,29
1680679505943180286,29,29,29,29
1680679505945013295,29,29,29,29
1680679505946686867,29,29,29,29
1680679505948360385,29,29,29,29
1680679505950022937,29,29,29,29
1680679505951931855,29,29,29,29
1680679505953605067,29,29,29,29
1680679505955349301,29,29,29,29
1680679505957202325,29,29,29,29
1680679505959101240,29,29,29,29
1680679505960777911,29,29,29,29
1680679505962462562,29,29,29,29
1680679505964152081,29,29,29,29
1680679505965848615,29,29,29,29
1680679505967545704,29,29,29,29
1680679505969297190,29,29,29,29
1680679505971000440,29,29,29,29
1680679505972692822,29,29,29,29
1680679505974422625,29,29,29,29
1680679505976141648,29,29,29,29
1680679505977887742,29,29,29,29
1680679505979576777,29,29,29,29
1680679505981271013,29,29,29,29
1680679505982954054,29,29,29,29
1680679505984641495,29,29,29,29
1680679505986357293,29,29,29,29
1680679505988059760,29,29,29,29
1680679505989771482,29,29,29,29
1680679505991558235,29,29,29,29
1680679505993271834,29,29,29,29
1680679505995004827,29,29,29,29
1680679505996727965,29,29,29,29
1680679505998415255,29,29,29,29
1680679506000116687,29,29,29,29
1680679506001887571,29,29,29,29
1680679506003576940,29,29,29,29
1680679506005265062,29,29,29,29
1680679506006951348,29,29,29,29
1680679506008620707,29,29,29,29
1680679506010292466,29,29,29,29
1680679506012128282,29,29,29,29
1680679506014058744,29,29,29,29
1680679506015859676,29,29,29,29
1680679506017829840,29,29,29,29
1680679506019714594,29,29,29,29
1680679506021603857,29,29,29,29
1680679506023484478,29,29,29,29
1680679506025347094,29,29,29,29
1680679506027202275,29,29,29,29
1680679506029090498,29,29,29,29
1680679506031018019,29,29,29,29
1680679506032937365,29,29,29,29
1680679506034839703,29,29,29,29
1680679506036726035,29,29,29,29
1680679506038604923,29,29,29,29
1680679506040485299,29,29,29,29
1680679506042443559,29,29,29,29
1680679506044305421,29,29,29,29
1680679506046179528,29,29,29,29
1680679506048044445,29,29,29,29
1680679506049921553,29,29,29,29
1680679506051813136,29,29,29,29
1680679506054442729,29,29,29,29
1680679506056298070,29,29,29,29
1680679506058171479,29,29,29,29
1680679506060018033,29,29,29,29
1680679506061930471,29,29,29,29
1680679506063818928,29,29,29,29
1680679506065695394,29,29,29,29
1680679506067555480,29,29,29,29
1680679506069419045,29,29,29,29
1680679506071951099,29,29,29,29
1680679506074032909,29,29,29,29
1680679506076449652,29,29,30,29
1680679506142344301,29,29,30,30
1680679506207778742,29,29,30,30
1680679506210104364,29,29,30,30
1680679506212037170,29,29,30,30
1680679506213955836,29,29,30,30
1680679506215920347,29,29,30,30
1680679506217877250,29,29,30,30
1680679506219509863,29,29,30,30
1680679506221144276,29,29,30,30
1680679506222779455,29,29,30,30
1680679506224415360,29,29,30,30
1680679506226061528,29,29,30,30
1680679506227703203,29,29,30,30
1680679506229396392,29,29,30,30
1680679506231087427,29,29,30,30
1680679506232777291,29,29,30,30
1680679506234455728,29,29,30,30
1680679506236157666,29,29,30,30
1680679506237907891,29,29,30,30
1680679506239600448,29,29,30,30
1680679506241282479,29,29,30,30
1680679506242963985,29,29,30,30
1680679506244653375,29,29,30,30
1680679506246353800,29,29,30,30
1680679506248046954,29,29,30,30
1680679506249739171,29,29,30,30
1680679506251452702,29,29,29,30
1680679506253145069,29,29,29,30
1680679506254857714,29,29,29,30
1680679506256534726,29,29,29,30
1680679506258276134,29,29,29,30
1680679506259964675,29,29,29,30
1680679506261622291,29,29,29,30
1680679506263294714,29,29,29,30
1680679506264952018,29,29,29,30
1680679506266695243,29,29,29,30
1680679506268367513,29,29,29,30
1680679506270057323,29,29,29,30
1680679506271760806,29,29,29,30
1680679506273448799,29,29,29,30
1680679506275162700,29,29,29,30
1680679506276893397,29,29,29,30
1680679506278615551,29,29,29,30
1680679506280307364,29,29,29,30
1680679506282002588,29,29,29,30
1680679506283685158,29,29,29,30
1680679506285379909,29,29,29,30
1680679506287066164,29,29,29,30
1680679506288728621,29,29,29,30
1680679506290407325,29,29,29,30
1680679506292173360,29,29,29,30
1680679506293857603,29,29,29,30
1680679506295560640,29,29,29,30
1680679506297270602,29,29,29,30
1680679506298980256,29,29,29,30
1680679506300659648,29,29,29,30
1680679506302340227,29,29,29,30
1680679506304029176,29,29,29,30
1680679506305714034,29,29,29,30
1680679506307398421,29,29,29,30
1680679506309079440,29,29,29,30
1680679506310762013,29,29,29,30
1680679506312447077,29,29,29,30
1680679506314127374,29,29,29,30
1680679506315922780,29,29,29,29
1680679506317646307,29,29,29,29
1680679506319307759,29,29,29,29
1680679506320969028,29,29,29,29
1680679506322676042,29,29,29,29
1680679506324388349,29,29,29,29
1680679506326100252,29,29,29,29
1680679506327811709,29,29,29,29
1680679506329523583,29,29,29,29
1680679506331236624,29,29,29,29
1680679506332956016,29,29,29,29
1680679506334642990,29,29,29,29
1680679506336363825,29,29,29,29
1680679506338137953,29,29,29,29
1680679506339814470,29,29,29,29
1680679506341494813,29,29,29,29
1680679506343172892,29,29,29,29
1680679506344855786,29,29,29,29
1680679506346533544,29,29,29,29
1680679506348215277,29,29,29,29
1680679506349907792,29,29,29,29
1680679506351671378,29,29,29,29
1680679506353348446,29,29,29,29
1680679506355043145,29,29,29,29
1680679506356712541,29,29,29,29
1680679506358482757,29,29,29,29
1680679506360150864,29,29,29,29
1680679506361832793,29,29,29,29
1680679506363533935,29,29,29,29
1680679506365222329,29,29,29,29
1680679506366899701,29,29,29,29
1680679506368584321,29,29,29,29
1680679506370285003,29,29,29,29
1680679506372083709,29,29,29,29
1680679506373781105,29,29,29,29
1680679506375488780,29,29,29,29
1680679506377224320,29,29,29,29
1680679506378931339,29,29,29,29
1680679506380614451,29,29,29,29
1680679506382311062,29,29,29,29
1680679506384002596,29,29,29,29
1680679506385684650,29,29,29,29
1680679506387367619,29,29,29,29
1680679506389119347,29,29,29,29
1680679506390803971,29,29,29,29
1680679506392541097,29,29,29,29
1680679506394255817,29,29,29,29
1680679506395972791,29,29,29,29
1680679506397671317,29,29,29,29
1680679506399350328,29,29,29,29
1680679506401031836,29,29,29,29
1680679506402711645,29,29,29,29
1680679506404403727,29,29,29,29
1680679506406097579,29,29,29,29
1680679506407782567,29,29,29,29
1680679506409469734,29,29,29,29
1680679506411150075,29,29,29,29
1680679506412886843,29,29,29,29
1680679506414572377,29,29,29,29
1680679506416280957,29,29,29,29
1680679506418170751,29,29,30,29
1680679506419851379,29,29,30,29
1680679506421534160,29,29,30,29
1680679506423215299,29,29,30,29
1680679506424896313,29,29,30,29
1680679506426576319,29,29,30,29
1680679506428262686,29,29,30,29
1680679506429968660,29,29,30,29
1680679506431653332,29,29,30,29
1680679506433341209,29,29,30,29
1680679506435027719,29,29,30,29
1680679506436697808,29,29,30,29
1680679506438464754,29,29,30,29
1680679506440147328,29,29,30,29
1680679506441820485,29,29,30,29
1680679506443570930,29,29,30,29
1680679506445242298,29,29,30,29
1680679506446929984,29,29,30,29
1680679506448612767,29,29,30,29
1680679506450303784,29,29,30,29
1680679506451985231,29,29,30,29
1680679506453665793,29,29,30,29
1680679506455396635,29,29,30,29
1680679506457067023,29,29,30,29
1680679506458758003,29,29,30,29
1680679506460421262,29,29,30,29
1680679506462094594,29,29,30,29
1680679506463765239,29,29,30,29
1680679506465429889,29,29,30,29
1680679506467117406,29,29,30,29
1680679506468811957,29,29,30,29
1680679506470499297,29,29,30,29
1680679506472264653,29,29,30,29
1680679506473961694,29,29,30,29
1680679506475689913,29,29,30,29
1680679506477440825,29,29,30,29
1680679506479183619,29,29,30,29
1680679506480873505,29,29,30,29
1680679506482557730,29,29,30,30
1680679506484238944,29,29,30,30
1680679506485936295,29,29,30,30
1680679506487623254,29,29,30,30
1680679506489308509,29,29,30,30
1680679506490993134,29,29,30,30
1680679506492700342,29,29,30,30
1680679506494403610,29,29,30,30
1680679506496111867,29,29,30,30
1680679506497827690,29,29,30,30
1680679506499530598,29,29,30,30
1680679506501233130,29,29,30,30
1680679506502949481,29,29,30,30
1680679506504653715,29,29,30,30
1680679506506368390,29,29,30,30
1680679506508069015,29,29,30,30
1680679506509751971,29,29,30,30
1680679506511441789,29,29,30,30
1680679506513205069,29,29,30,30
1680679506514888117,29,29,30,30
1680679506516707382,29,29,30,30
1680679506518464836,29,29,30,30
1680679506520156091,29,29,30,30
1680679506521848430,29,29,30,30
1680679506523530679,29,29,30,30
1680679506525256550,29,29,30,30
1680679506526942441,29,29,30,30
1680679506528654404,29,29,30,30
1680679506530341406,29,29,30,30
1680679506532110947,29,29,30,30
1680679506533941439,29,29,30,30
1680679506535689269,29,29,30,30
1680679506537459466,29,29,30,30
1680679506539210313,29,29,30,30
1680679506540899184,29,29,30,30
1680679506542585471,29,29,30,30
1680679506544270029,29,29,30,30
1680679506545962994,29,29,30,30
1680679506547657973,29,29,30,30
1680679506549342485,29,29,30,30
1680679506551026373,29,29,30,30
1680679506552727561,29,29,30,30
1680679506554420215,29,29,30,30
1680679506556172690,29,29,30,30
1680679506557873038,29,29,30,30
1680679506559559235,29,29,30,30
1680679506561243492,29,29,30,30
1680679506562924162,29,29,30,30
1680679506564609045,29,29,30,30
1680679506566305860,29,29,30,30
1680679506567989837,29,29,30,30
1680679506569675957,29,29,30,30
1680679506571365235,29,29,30,30
1680679506573079551,29,29,30,30
1680679506575121863,29,29,30,30
1680679506577231839,29,29,30,30
1680679506579266187,29,29,30,30
1680679506581181627,29,29,30,30
1680679506582856882,29,29,30,30
1680679506584535448,29,29,30,30
1680679506586218410,29,29,30,30
1680679506587892084,29,29,30,30
1680679506589573011,29,29,30,30
1680679506591255755,29,29,30,30
1680679506592982421,29,29,30,30
1680679506594744830,29,29,30,30
1680679506596521075,29,29,30,30
1680679506598319329,29,29,30,30
1680679506600033274,29,29,30,30
1680679506601763347,29,29,30,30
1680679506603474697,29,29,30,30
1680679506605169182,29,29,30,30
1680679506606862844,29,29,30,30
1680679506608555764,29,29,30,30
1680679506610279782,29,29,30,30
1680679506611981799,29,29,30,30
1680679506613673181,29,29,30,30
1680679506615364209,29,29,30,30
1680679506617062783,29,29,30,30
1680679506618794279,29,29,30,30
1680679506620482457,29,29,30,30
1680679506622182708,29,29,30,30
1680679506623871931,29,29,30,30
1680679506625574113,29,29,30,30
1680679506627261310,29,29,30,30
1680679506628951644,29,29,30,30
1680679506630635563,29,29,30,30
1680679506632366373,29,29,30,30
1680679506634081375,29,29,30,30
1680679506635800697,29,29,30,30
1680679506637508075,29,29,30,30
1680679506639260998,29,29,30,30
1680679506640953176,29,29,30,30
1680679506642637903,29,29,30,30
1680679506644333701,29,29,30,30
1680679506646029675,29,29,30,30
1680679506647721493,29,29,30,30
1680679506649415792,29,29,30,29
1680679506651107475,29,29,30,29
1680679506652984453,29,29,30,29
1680679506654679385,29,29,30,29
1680679506656411956,29,29,30,29
1680679506658105318,29,29,30,29
1680679506659783636,29,29,30,29
1680679506661462088,29,29,30,29
1680679506663143733,29,29,30,29
1680679506664985640,29,29,30,29
1680679506666694215,29,29,30,29
1680679506668407581,29,29,30,29
1680679506670149057,29,29,30,29
1680679506671873288,29,29,30,29
1680679506673662691,29,29,30,29
1680679506675667706,29,29,30,29
1680679506677581374,29,29,30,29
1680679506679559910,29,29,30,29
1680679506681462776,29,29,30,29
1680679506683366442,29,29,30,29
1680679506685274861,29,29,30,29
1680679506687177725,29,29,30,29
1680679506688962371,29,29,30,29
1680679506690597944,29,29,30,29
1680679506692298770,29,29,30,29
1680679506693954232,29,29,30,29
1680679506695684943,29,29,30,29
1680679506697324373,29,29,30,29
1680679506699000749,29,29,30,29
1680679506700672724,29,29,30,29
1680679506702347441,29,29,30,29
1680679506704015795,29,29,30,29
1680679506705681901,29,29,30,29
1680679506707343808,29,29,30,29
1680679506709010633,29,29,30,29
1680679506710699399,29,29,30,29
1680679506712406304,29,29,30,29
1680679506714094326,29,29,30,29
1680679506715808033,29,29,30,29
1680679506717496086,29,29,30,29
1680679506719276009,29,29,30,29
1680679506720963537,29,29,30,29
1680679506722642514,29,29,30,29
1680679506724325836,29,29,30,29
1680679506726024190,29,29,30,29
1680679506727713391,29,29,30,29
1680679506729395168,29,29,30,29
1680679506731073010,29,29,30,29
1680679506732814270,29,29,30,29
1680679506734524327,29,29,30,29
1680679506736232995,29,29,30,29
1680679506738022798,29,29,30,29
1680679506739747937,29,29,30,29
1680679506741427789,29,29,30,29
1680679506743100442,29,29,30,29
1680679506744783109,29,29,30,29
1680679506746463530,29,29,30,29
1680679506748141748,29,29,30,29
1680679506749831110,29,29,30,29
1680679506751575978,29,29,30,29
1680679506753322910,29,29,30,29
1680679506755013586,29,29,30,29
1680679506756727096,29,29,30,29
1680679506758452358,29,29,30,29
1680679506760159475,29,29,30,29
1680679506761856095,29,29,30,29
1680679506763540922,29,29,30,29
1680679506765222706,29,29,30,29
1680679506766905731,29,29,30,29
1680679506768600597,29,29,30,29
1680679506770350025,29,29,30,29
1680679506772039021,29,29,30,29
1680679506773749045,29,29,30,29
1680679506775441247,29,29,30,29
1680679506777147407,29,29,30,29
1680679506778966415,29,29,30,29
1680679506780652080,29,29,30,29
1680679506782343083,29,29,30,29
1680679506784113220,29,29,30,29
1680679506785814092,29,29,30,29
1680679506787501440,29,29,30,29
1680679506789188376,29,29,30,29
1680679506790875957,29,29,30,29
1680679506792726450,29,29,30,29
1680679506794420427,29,29,30,29
1680679506796140380,29,29,30,29
1680679506797835399,29,29,30,29
1680679506799586257,29,29,30,29
1680679506801263495,29,29,30,29
1680679506802944925,29,29,30,29
1680679506804592864,29,29,30,29
1680679506806249269,29,29,30,29
1680679506807901363,29,29,30,29
1680679506809553569,29,29,30,29
1680679506811199652,29,29,30,29
1680679506812953859,29,29,30,29
1680679506814636795,29,29,30,29
1680679506816366261,29,29,30,29
1680679506818060379,29,29,30,29
1680679506819803058,29,29,30,29
1680679506821490504,29,29,30,29
1680679506823175469,29,29,30,29
1680679506824862671,29,29,30,29
1680679506826549589,29,29,30,29
1680679506828239889,29,29,30,29
1680679506829926937,29,29,30,29
1680679506831621436,29,29,30,29
1680679506833374310,29,29,30,29
1680679506835066991,29,29,30,29
1680679506836809870,29,29,30,29
1680679506838522104,29,30,30,29
1680679506840263532,29,30,30,29
1680679506841968327,29,30,30,29
1680679506843649704,29,30,30,29
1680679506845331166,29,30,30,29
1680679506847013623,29,30,30,29
1680679506848703639,29,30,30,29
1680679506850411060,29,30,30,29
1680679506852156157,29,30,30,29
1680679506853899119,29,30,30,29
1680679506855585058,29,30,30,29
1680679506857286390,29,30,30,29
1680679506859025991,29,30,30,29
1680679506860722853,29,30,30,29
1680679506862408686,29,30,30,29
1680679506864091536,29,30,30,29
1680679506865783157,29,30,30,29
1680679506867473558,29,30,30,29
1680679506869160458,29,30,30,29
1680679506870839462,29,30,30,29
1680679506872529991,29,30,30,29
1680679506874228859,29,30,30,29
1680679506876007951,29,30,30,29
1680679506877690611,29,30,30,29
1680679506879460539,29,30,30,29
1680679506881148562,29,30,30,29
1680679506882845408,29,30,30,29
1680679506884539127,29,30,30,29
1680679506886253140,29,30,30,29
1680679506887937638,29,30,30,29
1680679506889623009,29,30,30,29
1680679506891302597,29,30,30,29
1680679506893093517,29,30,30,29
1680679506894775980,29,30,30,29
1680679506896557325,29,30,30,29
1680679506898276633,29,30,30,29
1680679506900014180,29,30,30,29
1680679506901702140,29,30,30,29
1680679506903391185,29,30,30,29
1680679506905086196,29,30,30,29
1680679506906772044,29,30,30,29
1680679506908442364,29,30,30,29
1680679506910137182,29,30,30,29
1680679506911813498,29,30,30,29
1680679506913606730,29,30,30,29
1680679506915273877,29,30,30,29
1680679506916971370,29,30,30,29
1680679506918677303,29,30,30,29
1680679506920362665,29,30,29,29
1680679506922077687,29,30,29,29
1680679506923761022,29,30,29,29
1680679506925448252,29,30,29,29
1680679506927137953,29,30,29,29
1680679506928843484,29,30,29,29
1680679506930569766,29,30,29,29
1680679506932273790,29,30,29,29
1680679506934051322,29,30,29,29
1680679506935758210,29,30,29,29
1680679506937530156,29,30,29,29
1680679506939328114,29,30,29,29
1680679506941079124,29,30,29,29
1680679506942774400,29,30,29,29
1680679506944459834,29,30,29,29
1680679506946160965,29,30,29,29
1680679506947853728,29,30,29,29
1680679506949535288,29,30,29,29
1680679506951215961,29,30,29,29
1680679506953035942,29,30,29,29
1680679506954722661,29,30,29,29
1680679506956494401,29,30,29,29
1680679506958184727,29,30,29,29
1680679506959961529,29,30,29,29
1680679506961647971,29,30,29,29
1680679506963334255,29,30,29,29
1680679506965022009,29,30,29,29
1680679506966710951,29,30,29,29
1680679506968479308,29,30,29,29
1680679506970163322,29,30,29,29
1680679506971847560,29,30,29,29
1680679506973706002,29,30,29,29
1680679506975395394,29,30,29,29
1680679506977099979,29,30,29,29
1680679506978801276,29,30,29,29
1680679506980496149,29,30,29,29
1680679506982191675,29,30,29,29
1680679506983883664,29,30,29,30
1680679506985619589,29,30,29,30
1680679506987306986,29,30,29,30
1680679506988995460,29,30,29,30
1680679506990690358,29,30,29,30
1680679506992357700,29,30,29,30
1680679506994077486,29,30,29,30
1680679506995745871,29,30,29,30
1680679506997428006,29,30,29,30
1680679506999100025,29,30,29,30
1680679507000727020,29,30,29,30
1680679507002405772,29,30,29,30
1680679507004086831,29,30,29,30
1680679507005780934,29,30,29,30
1680679507007469832,29,30,29,30
1680679507009155451,29,30,29,30
1680679507010841237,29,30,29,30
1680679507012567864,29,30,29,30
1680679507014355373,29,30,29,30
1680679507016065670,29,30,29,30
1680679507017785033,29,30,29,30
1680679507019523771,29,30,29,30
1680679507021225255,29,30,29,30
1680679507022923975,29,30,29,30
1680679507024597548,29,30,29,30
1680679507026274202,29,30,29,30
1680679507027940412,29,30,29,30
1680679507029612904,29,30,29,30
1680679507031267879,29,30,29,30
1680679507032935645,29,30,29,30
1680679507034648677,29,30,29,30
1680679507036434241,29,30,29,30
1680679507038148883,29,30,29,30
1680679507039933537,29,30,29,30
1680679507041654480,29,30,29,30
1680679507043370649,29,30,29,30
1680679507045085420,29,30,29,30
1680679507046773966,29,30,29,30
1680679507048461403,29,30,29,30
1680679507050170126,29,30,29,30
1680679507051862223,29,30,29,30
1680679507053558287,29,30,29,30
1680679507055240959,29,30,29,30
1680679507056957379,29,30,29,30
1680679507058667078,29,30,29,30
1680679507060404336,29,30,29,30
1680679507062115653,29,30,29,30
1680679507063810709,29,30,29,30
1680679507065497401,29,30,29,30
1680679507067192051,29,30,29,30
1680679507068871194,29,30,29,30
1680679507070549123,29,30,29,30
1680679507072229336,29,30,29,30
1680679507073980343,29,30,29,30
1680679507075668327,29,30,29,30
1680679507077404267,29,30,29,30
1680679507079122001,29,30,29,30
1680679507080915202,29,30,29,30
1680679507082616468,29,30,29,30
1680679507084362498,29,30,29,30
1680679507086056549,29,30,29,30
1680679507087745230,29,30,30,30
1680679507089431393,29,30,30,30
1680679507091110786,29,30,30,30
1680679507092800877,29,30,30,30
1680679507094507268,29,30,30,30
1680679507096201179,29,30,30,30
1680679507097884334,29,30,30,30
1680679507099630911,29,30,30,30
1680679507101322028,29,30,30,30
1680679507103010548,29,30,30,30
1680679507104709150,29,30,30,30
1680679507106401689,29,30,30,30
1680679507108081117,29,30,30,30
1680679507109761752,29,30,30,30
1680679507111444965,29,30,30,30
1680679507113131706,29,30,30,30
1680679507114815706,29,30,30,30
1680679507116563887,29,30,30,30
1680679507118272474,29,30,30,30
1680679507120058608,29,30,30,30
1680679507121749099,29,30,30,30
1680679507123438202,29,30,30,30
1680679507125124302,29,30,30,30
1680679507126817230,29,30,30,30
1680679507128488575,29,30,30,30
1680679507130164497,29,30,30,30
1680679507131828932,29,30,30,30
1680679507133517738,29,30,30,30
1680679507135233154,29,30,30,30
1680679507136940113,29,30,30,30
1680679507138665223,29,30,30,30
1680679507140403156,29,30,30,30
1680679507142142814,29,30,30,30
1680679507143855100,29,30,30,30
1680679507145567271,29,30,30,30
1680679507147274619,29,30,30,30
1680679507148981770,29,30,30,30
1680679507150667144,29,30,30,30
1680679507152359958,29,30,30,30
1680679507154122224,29,30,30,30
1680679507155814168,29,30,30,30
1680679507157525908,29,30,30,30
1680679507159218450,29,30,30,30
1680679507160956940,29,30,30,30
1680679507162639308,29,30,30,30
1680679507164326631,29,30,30,30
1680679507166030067,29,30,30,30
1680679507167719221,29,30,30,30
1680679507169404678,29,30,30,30
1680679507171140944,29,30,30,30
1680679507172827590,29,29,30,30
1680679507174553912,29,29,30,30
1680679507176242565,29,29,30,30
1680679507177972225,29,29,30,30
1680679507179773256,29,29,30,30
1680679507181523555,29,29,30,30
1680679507183199572,29,29,30,30
1680679507184881422,29,29,30,30
1680679507186563122,29,29,30,30
1680679507188242238,29,29,30,30
1680679507189928590,29,29,30,30
1680679507191620616,29,29,30,30
1680679507193308900,29,29,30,30
1680679507194989689,29,29,30,30
1680679507196704403,29,29,30,30
1680679507198394645,29,29,30,30
1680679507200158366,29,29,30,30
1680679507201853823,29,29,30,30
1680679507203543654,29,29,30,30
1680679507205225134,29,29,30,30
1680679507206905622,29,29,30,30
1680679507208594896,29,29,30,30
1680679507210295216,29,29,30,30
1680679507211986976,29,29,30,30
1680679507213810630,29,29,30,30
1680679507215497974,29,29,30,30
1680679507217218129,29,29,30,30
1680679507218903615,29,29,30,30
1680679507220658292,29,29,30,30
1680679507222412295,29,29,30,30
1680679507224098337,29,29,30,30
1680679507225793208,29,29,30,30
1680679507227482544,29,29,30,30
1680679507229231287,29,29,30,30
1680679507231082450,29,29,30,30
1680679507232918022,29,29,30,30
1680679507234765671,29,29,30,30
1680679507236436912,29,29,30,30
1680679507238173441,29,29,30,30
1680679507240028710,29,29,30,30
1680679507241697391,29,29,30,30
1680679507243398583,29,29,30,30
1680679507245109722,29,29,30,30
1680679507247077114,29,29,30,30
1680679507248786158,29,29,30,30
1680679507250493591,29,29,30,30
1680679507252200430,29,29,30,30
1680679507254325188,29,29,30,30
1680679507256015954,29,29,30,30
1680679507257720840,29,29,30,30
1680679507259451544,29,29,30,30
1680679507261190005,29,29,30,30
1680679507263028791,29,29,30,30
1680679507264712686,29,29,30,30
1680679507266420005,29,29,30,30
1680679507268117195,29,29,30,30
1680679507269900402,29,29,30,30
1680679507271598719,29,29,30,30
1680679507273316146,29,29,30,30
1680679507275114472,29,29,30,30
1680679507276841027,29,29,30,30
1680679507278562236,29,29,30,30
1680679507280347427,29,29,30,30
1680679507282058901,29,29,30,30
1680679507283762069,29,29,30,30
1680679507285454520,29,29,30,30
1680679507287137037,29,29,30,30
1680679507288827082,29,29,30,30
1680679507290514616,29,29,30,30
1680679507292199880,29,29,30,30
1680679507293950277,29,29,30,30
1680679507295638773,29,29,30,30
1680679507297349839,29,29,30,30
1680679507299028830,29,29,30,30
1680679507300737369,29,29,30,30
1680679507302422383,29,29,30,30
1680679507304107881,29,29,30,30
1680679507305800306,29,29,30,30
1680679507307492905,29,29,30,30
1680679507309181817,29,29,30,30
1680679507310862240,29,29,30,30
1680679507312819429,29,29,30,30
1680679507314723812,29,29,30,30
1680679507316603343,29,29,30,30
1680679507318472224,29,29,30,29
1680679507320559862,29,29,30,29
1680679507322401548,29,29,30,29
1680679507324285143,29,29,30,29
1680679507326474673,29,29,30,29
1680679507328337019,29,29,30,29
1680679507330194185,29,29,30,29
1680679507332071401,29,29,30,29
1680679507333988108,29,29,30,29
1680679507335873114,29,29,30,29
1680679507337798208,29,29,30,29
1680679507339726092,29,29,30,29
1680679507342125957,29,29,30,29
1680679507343994392,29,29,30,29
1680679507345885685,29,29,30,29
1680679507347778401,29,29,30,29
1680679507349675932,29,29,30,29
1680679507351586265,29,29,30,29
1680679507353498275,29,29,30,29
1680679507355374209,29,29,30,29
1680679507358094149,29,29,30,29
1680679507360095309,29,29,30,29
1680679507361994687,29,29,30,29
1680679507363877708,29,29,30,29
1680679507365743994,29,29,30,29
1680679507367646179,29,29,30,29
1680679507369522262,29,29,30,29
1680679507371472317,29,29,30,29
1680679507373420299,29,29,30,29
1680679507376088166,29,29,30,29
1680679507378313182,29,29,30,29
1680679507380533013,29,29,29,29
1680679507447132495,29,29,29,29
1680679507512630072,29,29,29,29
1680679507515013270,29,29,29,29
1680679507516924435,29,29,29,29
1680679507518948545,29,29,29,29
1680679507520884929,29,29,29,29
1680679507522621528,29,29,29,29
1680679507524355654,29,29,29,29
1680679507526111326,29,29,29,29
1680679507527840641,29,29,29,29
1680679507529584431,29,29,29,29
1680679507531310546,29,29,29,29
1680679507532976284,29,29,29,29
1680679507534645805,29,29,29,29
1680679507536314928,29,29,29,29
1680679507538023458,29,29,29,29
1680679507539754188,29,29,29,29
1680679507541463953,29,29,29,29
1680679507543153276,29,29,29,29
1680679507544840039,29,29,29,29
1680679507546522613,29,29,29,29
1680679507548212301,29,29,29,29
1680679507549919144,29,29,29,29
1680679507551601165,29,29,29,29
1680679507553289235,29,29,29,29
1680679507554996880,29,29,29,29
1680679507556681063,29,29,29,29
1680679507558405644,29,29,29,29
1680679507560113761,29,29,29,29
1680679507561902944,29,29,29,29
1680679507563585731,29,29,29,29
1680679507565274025,29,29,29,29
1680679507566953258,29,29,29,29
1680679507568637120,29,29,29,29
1680679507570335055,29,29,29,29
1680679507572020063,29,29,29,29
1680679507573707166,29,29,29,29
1680679507575442869,29,29,29,29
1680679507577226183,29,29,29,29
1680679507578908691,29,29,29,29
1680679507580622407,29,29,29,29
1680679507582319562,29,29,29,29
1680679507584005601,29,29,29,29
1680679507585689230,29,29,29,29
1680679507587380529,29,29,29,29
1680679507589068692,29,29,30,29
1680679507590751351,29,29,30,29
1680679507592434706,29,29,30,29
1680679507594139779,29,29,30,29
1680679507595820213,29,29,30,29
1680679507597531762,29,29,30,29
1680679507599277942,29,29,30,29
1680679507601014901,29,29,30,29
1680679507602697429,29,29,30,29
1680679507604357863,29,29,30,29
1680679507606037526,29,29,30,29
1680679507607713768,29,29,30,29
1680679507609390311,29,29,30,29
1680679507611049099,29,29,30,29
1680679507612721074,29,29,30,29
1680679507614423994,29,29,30,29
1680679507616125148,29,29,30,29
1680679507618001538,29,29,30,29
1680679507619721676,29,29,30,29
1680679507621503040,29,29,30,29
1680679507623208148,29,29,30,29
1680679507624897274,29,29,30,29
1680679507626562485,29,29,30,29
1680679507628236566,29,29,30,29
1680679507629913839,29,29,30,29
1680679507631587361,29,29,30,29
1680679507633248478,29,29,30,29
1680679507635016245,29,29,30,29
1680679507636728658,29,29,30,29
1680679507638499749,29,29,30,29
1680679507640367440,29,29,30,29
1680679507642250212,29,29,30,29
1680679507643963509,29,29,30,29
1680679507645644676,29,29,30,29
1680679507647306755,29,29,30,29
1680679507648968071,29,29,30,29
1680679507650633052,29,29,30,29
1680679507652297875,29,29,30,29
1680679507653979244,29,29,30,29
1680679507655757698,29,29,30,29
1680679507657462968,29,29,30,29
1680679507659164879,29,29,30,29
1680679507660930951,29,29,30,29
1680679507662643600,29,29,30,29
1680679507664362767,29,29,30,29
1680679507666133932,29,29,30,29
1680679507667825908,29,29,30,29
1680679507669515380,29,29,30,29
1680679507671209350,29,29,30,29
1680679507672896864,29,29,30,29
1680679507674620359,29,29,30,29
1680679507676306128,29,29,30,29
1680679507678016516,29,29,30,29
1680679507679697652,29,29,30,29
1680679507681448315,29,29,30,29
1680679507683138218,29,29,30,29
1680679507684818670,29,29,30,29
1680679507686499563,29,29,30,29
1680679507688183672,29,29,30,29
1680679507689886246,29,29,30,29
1680679507691576903,29,29,30,29
1680679507693262370,29,29,30,29
1680679507695042216,29,29,30,29
1680679507696729633,29,29,30,29
1680679507698522778,29,29,30,29
1680679507700217069,29,29,30,29
1680679507701979095,29,29,30,29
1680679507703675776,29,29,30,29
1680679507705363243,29,29,30,29
1680679507707043473,29,29,30,29
1680679507708743781,29,29,30,29
1680679507710443134,29,29,30,29
1680679507712127277,29,29,30,29
1680679507713813674,29,29,30,29
1680679507715522328,29,29,30,29
1680679507717204194,29,29,30,29
1680679507718951887,29,29,30,29
1680679507720666584,29,29,30,29
1680679507722409461,29,29,30,29
1680679507724101262,29,29,30,29
1680679507725819239,29,29,30,29
1680679507727512373,29,29,30,29
1680679507729202090,29,29,30,29
1680679507730886074,29,29,30,29
1680679507732577017,29,29,30,29
1680679507734265131,29,29,30,29
1680679507736124312,29,29,30,29
1680679507737983862,29,29,30,29
1680679507739666574,29,29,30,29
1680679507741425659,29,29,30,29
1680679507743124879,29,29,30,29
1680679507744804399,29,29,30,29
1680679507746485919,29,29,30,29
1680679507748168734,29,29,30,29
1680679507749854830,29,29,30,29
1680679507751544735,29,29,30,29
1680679507753227897,29,29,30,29
1680679507754924918,29,29,30,29
1680679507756626241,29,29,30,29
1680679507758385986,29,29,30,29
1680679507760069979,29,29,30,29
1680679507761831237,29,29,30,29
1680679507763518009,30,29,30,29
1680679507765202393,30,29,30,29
1680679507766897145,30,29,30,29
1680679507768583444,30,29,30,29
1680679507770272564,30,29,30,29
1680679507771965277,30,29,30,29
1680679507773737409,30,29,30,29
1680679507775439661,30,29,30,29
1680679507777125055,30,29,30,29
1680679507778861816,30,29,30,29
1680679507780580892,30,29,30,29
1680679507782267001,30,29,30,29
1680679507783915956,30,29,30,29
1680679507785567071,30,29,30,29
1680679507787214678,30,29,30,29
1680679507788858774,30,29,30,29
1680679507790545449,30,29,30,29
1680679507792253210,30,29,30,29
1680679507793970350,30,29,30,29
1680679507795766744,30,29,30,29
1680679507797477549,30,29,30,29
1680679507799235598,30,29,30,29
1680679507800975025,30,29,30,29
1680679507802765201,30,29,30,29
1680679507804446829,30,29,30,29
1680679507806143400,30,29,30,29
1680679507807830363,30,29,30,29
1680679507809583573,30,29,30,29
1680679507811263511,30,29,30,29
1680679507812946942,30,29,30,29
1680679507814641442,30,29,30,29
1680679507816326655,30,29,30,29
1680679507818018587,30,29,30,29
1680679507819707318,30,29,30,29
1680679507821418740,30,29,30,29
1680679507823096330,30,29,30,29
1680679507824841061,30,29,30,29
1680679507826520776,30,29,30,29
1680679507828204431,30,29,30,29
1680679507829898705,30,29,30,29
1680679507831582504,30,29,30,29
1680679507833266193,30,29,30,29
1680679507834966181,30,29,30,29
1680679507836681437,30,29,30,29
1680679507838392921,30,29,30,29
1680679507840083921,30,29,30,29
1680679507841889568,30,29,30,29
1680679507843566529,30,29,30,29
1680679507845255149,30,29,30,29
1680679507846993402,30,29,30,29
1680679507848679648,30,29,30,29
1680679507850368648,30,29,30,29
1680679507852050202,30,29,30,29
1680679507853730324,30,29,30,29
1680679507855416832,30,29,30,29
1680679507857098515,30,29,30,29
1680679507858846892,30,29,30,29
1680679507860533360,30,29,30,29
1680679507862253638,30,29,30,29
1680679507863962125,30,29,30,29
1680679507865649734,30,29,30,29
1680679507867335445,30,29,30,29
1680679507869024225,30,29,30,29
1680679507870706896,30,29,30,29
1680679507872436041,30,29,30,29
1680679507874137670,30,29,30,29
1680679507875847467,30,29,30,29
1680679507877540510,30,29,30,29
1680679507879251974,30,29,30,29
1680679507880964621,30,29,30,29
1680679507882705035,30,29,30,29
1680679507884389934,30,29,30,29
1680679507886083002,30,29,30,29
1680679507887770995,30,29,30,29
1680679507889456985,30,29,30,29
1680679507891135201,30,29,30,29
1680679507892837683,30,29,30,29
1680679507894540044,30,29,30,29
1680679507896264999,30,29,30,29
1680679507897987292,30,29,30,29
1680679507899693554,30,29,30,29
1680679507901423831,30,29,30,29
1680679507903132416,30,29,30,29
1680679507904790717,30,29,30,29
1680679507906452378,30,29,30,29
1680679507908121586,30,29,30,29
1680679507909809446,30,29,30,29
1680679507911473996,30,29,30,29
1680679507913141964,30,29,30,29
1680679507914853542,30,29,30,29
1680679507916568240,30,29,30,29
1680679507918389870,30,29,30,29
1680679507920103176,30,29,30,29
1680679507922081258,30,29,30,29
1680679507923783522,30,29,30,29
1680679507925448859,30,29,30,29
1680679507927120070,30,29,30,29
1680679507928786523,30,29,30,29
1680679507930452123,30,29,30,29
1680679507932208696,29,29,30,29
1680679507933880371,29,29,30,29
1680679507935587336,29,29,30,29
1680679507937300729,29,29,30,29
1680679507939025020,29,29,30,29
1680679507940785960,29,29,30,29
1680679507942555064,29,29,30,29
1680679507944265184,29,29,30,29
1680679507945984524,29,29,30,29
1680679507947673658,29,29,30,29
1680679507949377835,29,29,30,29
1680679507951056650,29,29,30,29
1680679507952727440,29,29,30,29
1680679507954402305,29,29,30,29
1680679507956154804,29,29,30,29
1680679507957919602,29,29,30,29
1680679507959620871,29,29,30,29
1680679507961420856,29,29,30,29
1680679507963107643,29,29,30,29
1680679507964791242,29,29,30,29
1680679507966473367,29,29,30,29
1680679507968170088,29,29,30,29
1680679507969862024,29,29,30,29
1680679507971547847,29,29,30,29
1680679507973247420,29,29,30,29
1680679507974940366,29,29,30,29
1680679507976651529,29,29,30,29
1680679507978418162,29,29,30,29
1680679507980104734,29,29,30,29
1680679507981841159,29,29,30,29
1680679507983532602,29,29,30,29
1680679507985225106,29,29,30,29
1680679507986930041,29,29,30,29
1680679507988688455,29,29,30,29
1680679507990363739,29,29,30,29
1680679507992034740,29,29,30,29
1680679507993703194,29,29,30,29
1680679507995437997,29,29,30,29
1680679507997117424,29,29,30,29
1680679507998836320,29,29,30,29
1680679508000513048,29,29,30,29
1680679508002234505,29,29,30,29
1680679508003918616,29,29,30,29
1680679508005608247,29,29,30,29
1680679508007298885,29,29,30,29
1680679508009008155,29,29,30,29
1680679508010717327,29,29,30,29
1680679508012424031,29,29,30,29
1680679508014139690,29,29,30,29
1680679508015891582,29,29,30,29
1680679508017600006,29,29,30,29
1680679508019338378,29,29,30,29
1680679508021023109,29,29,30,29
1680679508022752082,29,29,30,29
1680679508024439608,29,29,30,29
1680679508026137406,29,29,30,29
1680679508027821183,29,29,30,29
1680679508029509151,29,29,30,29
1680679508031189888,29,29,30,29
1680679508032876584,29,29,30,29
1680679508034567420,29,29,30,29
1680679508036340549,29,29,30,29
1680679508038034512,29,29,30,29
1680679508039774555,29,29,30,29
1680679508041479680,29,29,30,29
1680679508043186621,29,29,30,29
1680679508044868888,29,29,30,29
1680679508046550389,29,29,30,29
1680679508048233228,29,29,30,29
1680679508049932688,29,29,30,29
1680679508051641131,29,29,30,29
1680679508053332475,29,29,30,29
1680679508055018380,29,29,30,29
1680679508056729549,29,29,30,29
1680679508058436660,29,29,30,29
1680679508060132755,29,29,30,29
1680679508061852848,29,29,30,29
1680679508063542294,29,29,30,29
1680679508065224572,29,29,30,29
1680679508066923289,29,29,30,29
1680679508068617023,29,29,30,29
1680679508070333591,29,29,30,29
1680679508072013882,29,29,30,29
1680679508073696267,29,29,30,29
1680679508075380284,29,29,30,29
1680679508077064372,29,29,30,29
1680679508078754975,29,29,30,29
1680679508080438897,29,29,30,29
1680679508082304363,29,29,30,29
1680679508083991146,29,29,30,29
1680679508085683669,29,29,30,29
1680679508087372529,29,29,30,29
1680679508089063288,29,29,30,29
1680679508090745764,29,29,30,29
1680679508092418795,29,29,30,29
1680679508094099042,29,29,30,29
1680679508095801486,29,29,30,29
1680679508097469432,29,29,30,29
1680679508099147545,29,29,30,29
1680679508100814269,29,29,30,29
1680679508102581372,29,29,30,29
1680679508104269314,29,29,30,29
1680679508106044785,29,29,30,29
1680679508107733580,29,29,30,29
1680679508109416739,29,29,30,29
1680679508111101291,29,29,30,29
1680679508112815757,29,29,30,29
1680679508114522250,29,29,30,29
1680679508116298881,29,29,30,29
1680679508118025763,29,29,30,29
1680679508119785314,29,29,30,29
1680679508121561238,29,29,30,29
1680679508123289707,29,29,30,29
1680679508124939153,29,29,30,29
1680679508126599449,29,29,30,29
1680679508128379307,29,29,30,29
1680679508130039327,29,29,30,29
1680679508131681810,29,29,30,29
1680679508133329218,29,29,30,29
1680679508135008173,29,29,30,29
1680679508136890036,29,29,30,29
1680679508138582542,29,29,30,29
1680679508140272042,29,29,30,29
1680679508142078571,29,29,30,29
1680679508143763536,29,29,30,29
1680679508145441778,29,29,30,29
1680679508147119430,29,29,30,29
1680679508148800897,29,29,30,29
1680679508150482691,29,29,30,29
1680679508152163454,29,29,30,29
1680679508153855196,29,29,30,29
1680679508155550997,29,29,30,29
1680679508157235351,29,29,30,29
1680679508158946028,29,29,30,29
1680679508160636133,29,29,30,29
1680679508162376075,29,29,30,29
1680679508164059238,29,29,30,29
1680679508165754824,29,29,30,29
1680679508167454201,29,29,30,29
1680679508169150520,29,29,30,29
1680679508170820573,29,29,30,29
1680679508172501705,29,29,30,29
1680679508174184947,29,29,30,29
1680679508175951285,29,29,30,29
1680679508177633814,29,29,30,29
1680679508179342728,29,29,30,29
1680679508181029452,29,29,30,29
1680679508182849179,29,29,30,29
1680679508184539098,29,29,30,29
1680679508186273381,29,29,30,29
1680679508188055890,29,29,30,29
1680679508189757055,29,29,30,29
1680679508191466550,29,29,30,29
1680679508193174816,29,29,30,29
1680679508194885721,29,29,30,29
1680679508196663697,29,29,30,29
1680679508198446046,29,29,30,29
1680679508200189331,29,29,30,29
1680679508201904148,29,29,30,29
1680679508203595897,29,29,30,29
1680679508205287576,29,29,30,29
1680679508206972755,29,29,30,29
1680679508208642353,29,29,30,29
1680679508210315195,29,29,30,29
1680679508211979021,29,29,30,29
1680679508213655455,29,29,30,29
1680679508215323125,29,29,30,29
1680679508217047650,29,29,30,29
1680679508218748896,29,29,30,29
1680679508220456883,29,29,30,29
1680679508222297955,29,29,30,29
1680679508224012943,29,29,30,29
1680679508225723300,29,29,30,29
1680679508227434522,29,29,30,29
1680679508229135747,29,29,30,29
1680679508230832830,29,29,30,29
1680679508232579527,29,29,30,29
1680679508234287542,29,29,30,29
1680679508236000064,29,29,30,29
1680679508237689812,29,29,30,29
1680679508239405077,29,29,30,29
1680679508241138730,29,29,30,29
1680679508242898524,29,29,30,29
1680679508244583091,29,29,30,29
1680679508246285259,29,29,30,29
1680679508247973154,29,29,30,29
1680679508249669842,29,29,30,29
1680679508251358031,29,29,30,29
1680679508253046768,29,29,30,29
1680679508254743442,29,29,30,29
1680679508256512173,29,29,30,29
1680679508258199013,29,29,30,29
1680679508259952036,29,29,30,29
1680679508261632556,29,29,30,29
1680679508263367252,29,29,30,29
1680679508265056335,29,29,30,29
1680679508266754654,29,29,30,29
1680679508268443329,29,29,30,29
1680679508270152112,29,29,30,29
1680679508271841503,29,29,30,29
1680679508273566470,29,29,30,29
1680679508275249187,29,29,30,29
1680679508276991590,29,29,30,29
1680679508278673998,29,29,30,29
1680679508280381029,29,29,30,29
1680679508282098719,29,29,30,29
1680679508283775955,29,29,30,29
1680679508285455797,29,29,30,29
1680679508287136015,29,29,30,29
1680679508288817617,29,29,30,29
1680679508290497243,29,29,30,29
1680679508292179387,29,29,30,29
1680679508293868420,29,29,30,29
1680679508295556147,29,29,30,29
1680679508297260841,29,29,30,29
1680679508298946561,29,29,30,29
1680679508300637307,29,29,30,29
1680679508302387643,29,29,30,29
1680679508304083545,29,29,30,29
1680679508305846886,29,29,30,29
1680679508307538499,29,29,30,29
1680679508309230500,29,29,30,29
1680679508310916013,29,29,30,29
1680679508312586419,29,29,30,29
1680679508314266638,29,29,30,29
1680679508315938850,29,29,30,29
1680679508317605782,29,29,30,29
1680679508319283879,29,29,30,29
1680679508320956442,29,29,30,29
1680679508322874411,29,29,30,30
1680679508324575894,29,29,30,30
1680679508326295391,29,29,30,30
1680679508327997018,29,29,30,30
1680679508329699686,29,29,30,30
1680679508331404689,29,29,30,30
1680679508333090891,29,29,30,30
1680679508334775147,29,29,30,30
1680679508336561608,29,29,30,30
1680679508338275551,29,29,30,30
1680679508339990668,29,29,30,30
1680679508341675749,29,29,30,30
1680679508343471750,29,29,30,30
1680679508345240156,29,29,30,30
1680679508346923949,29,29,30,30
1680679508348611440,29,29,30,30
1680679508350308694,29,29,30,30
1680679508351998897,29,29,30,30
1680679508353714621,29,29,30,30
1680679508355416679,29,29,30,30
1680679508357181344,29,29,30,30
1680679508358938649,29,29,30,30
1680679508360651520,29,29,30,30
1680679508362379980,29,29,30,30
1680679508364081365,29,29,30,30
1680679508365764187,29,29,30,30
1680679508367449989,29,29,30,30
1680679508369137324,29,29,30,30
1680679508370820649,29,29,30,30
1680679508372512363,29,29,30,30
1680679508374209807,29,29,30,30
1680679508375892831,29,29,30,30
1680679508377597385,29,29,30,30
1680679508379380114,29,29,30,30
1680679508381061336,29,29,30,30
1680679508382787671,29,29,30,30
1680679508384472368,29,29,30,30
1680679508386163810,29,29,30,30
1680679508387841561,29,29,30,30
1680679508389524196,29,29,30,30
1680679508391202246,29,29,30,30
1680679508392914161,29,29,30,30
1680679508394591985,29,29,30,30
1680679508396375238,29,29,30,30
1680679508398051066,29,29,30,30
1680679508399747544,29,29,30,30
1680679508401427636,29,29,30,30
1680679508403130257,29,29,30,30
1680679508404790790,29,29,30,30
1680679508406473159,29,29,30,30
1680679508408155696,29,29,30,30
1680679508409851941,29,29,30,30
1680679508411544306,29,29,30,30
1680679508413227032,29,29,30,30
1680679508414907818,29,29,30,30
1680679508416723211,29,29,30,30
1680679508418426852,29,29,30,30
1680679508420170072,29,29,30,30
1680679508421877252,29,29,30,30
1680679508423676868,29,29,30,30
1680679508425387699,29,29,30,30
1680679508427088417,29,29,30,30
1680679508428727207,29,29,30,30
1680679508430379468,29,29,30,30
1680679508432032630,29,29,30,30
1680679508433682891,29,29,30,30
1680679508435347187,29,29,30,30
1680679508437047518,29,29,30,30
1680679508438738136,29,29,30,30
1680679508440470296,29,29,30,30
1680679508442169699,29,29,30,30
1680679508443906771,29,29,30,30
1680679508445590113,29,29,30,30
1680679508447335713,29,29,30,30
1680679508449039170,29,29,30,30
1680679508450743992,29,29,30,30
1680679508452453333,29,29,30,30
1680679508454185212,29,29,30,30
1680679508455896301,29,29,30,30
1680679508457625432,29,29,30,30
1680679508459331688,29,29,30,30
1680679508461017769,29,29,30,30
1680679508462730205,29,29,30,30
1680679508464415594,29,29,30,30
1680679508466117539,29,29,30,30
1680679508467807733,29,29,30,30
1680679508469494831,29,29,30,30
1680679508471183968,29,29,30,30
1680679508472871192,29,29,30,30
1680679508474565473,29,29,30,30
1680679508476251434,29,29,30,30
1680679508478006661,29,29,30,30
1680679508479767008,29,29,30,30
1680679508481448141,29,29,30,30
1680679508483228608,29,29,30,30
1680679508484911403,29,29,30,30
1680679508486600332,29,29,30,30
1680679508488288962,29,29,30,30
1680679508489990893,29,29,30,30
1680679508491674534,29,29,30,30
1680679508493351641,29,29,30,30
1680679508495032507,29,29,30,30
1680679508496728201,29,29,30,30
1680679508498420095,29,29,30,30
1680679508500174026,29,29,30,30
1680679508501876988,29,29,30,30
1680679508503667671,29,29,30,30
1680679508505353029,29,29,30,30
1680679508507034235,29,29,30,30
1680679508508723788,29,29,30,30
1680679508510406068,29,29,30,30
1680679508512088474,29,29,30,30
1680679508513782915,29,29,30,30
1680679508515468281,29,29,30,30
1680679508517159215,29,29,30,30
1680679508518840764,29,29,30,30
1680679508520589457,29,29,30,30
1680679508522305166,29,29,30,30
1680679508524095469,29,29,30,30
1680679508525794763,29,29,30,30
1680679508527476300,29,29,30,30
1680679508529194680,29,29,30,30
1680679508530882541,29,29,30,30
1680679508532550739,29,29,30,30
1680679508534221293,29,29,30,30
1680679508535898843,29,29,30,30
1680679508537970076,29,29,30,30
1680679508539668516,29,29,30,30
1680679508541362676,29,29,30,30
1680679508543149665,29,29,30,30
1680679508545018462,29,29,30,30
1680679508546705410,29,29,30,30
1680679508548388895,29,29,30,30
1680679508550085501,29,29,30,30
1680679508552022167,29,29,30,30
1680679508553736917,29,29,30,30
1680679508555438713,29,29,30,30
1680679508557173121,29,29,30,30
1680679508559103389,29,29,30,30
1680679508560830142,29,29,30,30
1680679508562534815,29,29,30,30
1680679508564308034,29,29,30,30
1680679508566016762,29,29,30,30
1680679508567831588,29,29,30,30
1680679508569548648,29,29,30,30
1680679508571256554,29,29,30,30
1680679508572943494,29,29,30,30
1680679508574659280,29,29,30,30
1680679508576370182,29,29,30,30
1680679508578512897,29,29,30,30
1680679508580444791,29,29,30,30
1680679508582369110,29,29,30,30
1680679508584294334,29,29,30,30
1680679508586208002,29,29,30,30
1680679508588112012,29,29,30,30
1680679508589731234,29,29,30,30
1680679508591361497,29,29,30,30
1680679508593156777,29,29,29,30
1680679508594778775,29,29,29,30
1680679508596406566,29,29,29,30
1680679508598122098,29,29,29,30
1680679508599826350,29,29,29,30
1680679508601518982,29,29,29,30
1680679508603260827,29,29,29,30
1680679508604950670,29,29,29,30
1680679508606649063,29,29,29,30
1680679508608345598,29,29,29,30
1680679508610034794,29,29,29,30
1680679508611712277,29,29,29,30
1680679508613398834,29,29,29,30
1680679508615075373,29,29,29,30
1680679508616894722,29,29,29,30
1680679508618809980,29,29,29,30
1680679508620725169,29,29,29,30
1680679508622569427,29,29,29,30
1680679508624457004,29,29,29,30
1680679508626339204,29,29,29,30
1680679508628212665,29,29,29,30
1680679508630098014,29,29,29,30
1680679508632785877,29,29,29,30
1680679508634663850,29,29,29,30
1680679508636523200,29,29,29,30
1680679508638388312,29,29,29,30
1680679508640292735,29,29,29,30
1680679508642218885,29,29,29,30
1680679508644287028,29,29,29,30
1680679508646183867,29,29,29,30
1680679508648671240,29,29,29,30
1680679508650551796,29,29,29,30
1680679508652431439,29,29,29,30
1680679508654319142,29,29,29,30
1680679508656193942,29,29,29,30
1680679508658081361,29,29,29,30
1680679508659956964,29,29,29,30
1680679508661815399,29,29,29,30
1680679508664246228,29,29,29,30
1680679508666092491,29,29,29,30
1680679508668052059,29,29,29,30
1680679508669929205,29,29,29,30
1680679508671795942,29,29,29,30
1680679508673685981,29,29,29,30
1680679508675589105,29,29,29,30
1680679508677550579,29,29,29,30
1680679508679942392,29,29,29,30
1680679508682638500,29,29,29,30
1680679508684896426,29,29,29,30
1680679508686952507,29,29,29,30
1680679508754989062,29,29,29,30
1680679508820435108,29,29,29,30
1680679508822875772,29,29,29,30
1680679508824851027,29,29,29,29
1680679508826757624,29,29,29,29
1680679508828590735,29,29,29,29
1680679508830343640,29,29,29,29
1680679508832072808,29,29,29,29
1680679508833811387,29,29,29,29
1680679508835544933,29,29,29,29
1680679508837285067,29,29,29,29
1680679508838960966,29,29,29,29
1680679508840624611,29,29,29,29
1680679508842322110,29,29,29,29
1680679508844035293,29,29,29,29
1680679508845698898,29,30,29,29
1680679508847364101,29,30,29,29
1680679508849058856,29,30,29,29
1680679508850742267,29,30,29,29
1680679508852425781,29,30,29,29
1680679508854126553,29,30,29,29
1680679508855813814,29,30,29,29
1680679508857512614,29,30,29,29
1680679508859195364,29,30,29,29
1680679508860877996,29,30,29,29
1680679508862563900,29,30,29,29
1680679508864425387,29,30,29,29
1680679508866105098,29,30,29,29
1680679508867769669,29,30,29,29
1680679508869528792,29,30,29,29
1680679508871209282,29,30,29,29
1680679508872892839,29,30,29,29
1680679508874658683,29,30,29,29
1680679508876345290,29,30,29,29
1680679508878064223,29,30,29,29
1680679508879750923,29,30,29,29
1680679508881586448,29,30,29,29
1680679508883291673,29,30,29,29
1680679508885019966,29,30,29,29
1680679508886721204,29,30,29,29
1680679508888422790,29,30,29,29
1680679508890134008,29,30,29,29
1680679508891840502,29,30,29,29
1680679508893521245,29,30,29,29
1680679508895202538,29,30,29,29
1680679508896879863,29,30,29,29
1680679508898611703,29,30,29,29
1680679508900305814,29,30,29,29
1680679508902009334,29,30,29,29
1680679508903732526,29,30,29,29
1680679508905416388,29,30,29,29
1680679508907098083,29,30,29,29
1680679508908785234,29,30,29,29
1680679508910472334,29,30,29,29
1680679508912153974,29,30,29,29
1680679508913852105,29,30,29,29
1680679508915542396,29,30,29,29
1680679508917229101,29,30,29,29
1680679508918911578,29,30,29,29
1680679508920595895,29,30,29,29
1680679508922289226,29,30,29,29
1680679508924017537,29,30,29,29
1680679508925709293,29,30,29,29
1680679508927393983,29,30,29,29
1680679508929075360,29,30,29,29
1680679508930757359,29,30,29,29
1680679508932444099,29,30,29,29
1680679508934123146,29,30,29,29
1680679508935807806,29,30,29,29
1680679508937549066,29,30,29,29
1680679508939238917,29,30,29,29
1680679508940946005,29,30,29,29
1680679508942648586,29,30,29,29
1680679508944391093,29,30,29,29
1680679508946084046,29,30,29,29
1680679508947764900,29,30,29,29
1680679508949454079,29,30,29,29
1680679508951131748,29,30,29,29
1680679508952812524,29,30,29,29
1680679508954492695,29,30,29,29
1680679508956178132,29,30,29,29
1680679508957916075,29,30,29,29
1680679508959623320,29,30,29,29
1680679508961398440,29,30,29,29
1680679508963088049,29,30,29,29
1680679508964880979,29,30,29,29
1680679508966565283,29,30,29,29
1680679508968263576,29,30,29,29
1680679508970091149,29,30,29,29
1680679508971791191,29,30,29,29
1680679508973479516,29,30,29,29
1680679508975159984,29,30,29,29
1680679508976842301,29,30,29,29
1680679508978544633,29,30,29,29
1680679508980233867,29,30,29,29
1680679508981975118,29,30,29,29
1680679508983687744,29,30,29,29
1680679508985376513,29,30,29,29
1680679508987061181,29,30,29,29
1680679508988727359,29,30,29,29
1680679508990418012,29,30,29,29
1680679508992102340,29,30,29,30
1680679508993791756,29,30,29,30
1680679508995486136,29,30,29,30
1680679508997169470,29,30,29,30
1680679508998910933,29,30,29,30
1680679509000594290,29,30,29,30
1680679509002305333,29,30,29,30
1680679509004102695,29,30,29,30
1680679509005788932,29,30,29,30
1680679509007468451,29,30,29,30
1680679509009149589,29,30,29,30
1680679509010827445,29,30,29,30
1680679509012510028,29,30,29,30
1680679509014197456,29,30,29,30
1680679509015883393,29,30,29,30
1680679509017569024,29,30,29,30
1680679509019256197,29,30,29,30
1680679509020978078,29,30,29,30
1680679509022661195,29,30,29,30
1680679509024545743,29,30,29,30
1680679509026244950,29,30,29,30
1680679509027932021,29,30,29,30
1680679509029614574,29,30,29,30
1680679509031296534,29,30,29,30
1680679509032987874,29,30,29,30
1680679509034675088,29,30,29,30
1680679509036356601,29,30,29,30
1680679509038057936,29,30,29,30
1680679509039742363,29,30,29,30
1680679509041449116,29,30,29,30
1680679509043132587,29,30,29,30
1680679509044886775,29,30,29,30
1680679509046562737,29,30,29,30
1680679509048244517,29,30,29,30
1680679509049941546,29,30,29,30
1680679509051620606,29,30,29,30
1680679509053299471,29,30,29,30
1680679509054982675,29,30,29,30
1680679509056666569,29,30,29,30
1680679509058429332,29,30,29,30
1680679509060110390,29,30,29,30
1680679509061837789,29,30,29,30
1680679509063591513,29,30,29,30
1680679509065323426,29,30,29,30
1680679509067012182,29,30,29,30
1680679509068677849,29,30,29,30
1680679509070454476,29,30,29,30
1680679509072119225,29,30,29,30
1680679509073799106,29,30,29,30
1680679509075470207,29,30,29,30
1680679509077135593,29,30,29,30
1680679509078841831,29,30,29,30
1680679509080534879,29,30,29,30
1680679509082251561,29,30,29,30
1680679509083978264,29,30,29,30
1680679509085668263,29,30,29,30
1680679509087352606,29,30,29,30
1680679509089055022,29,30,29,30
1680679509090775464,29,30,29,30
1680679509092535225,29,30,29,30
1680679509094257217,29,30,29,30
1680679509095966284,29,30,29,30
1680679509097681257,29,30,29,30
1680679509099379783,29,30,29,30
1680679509101064841,29,30,29,30
1680679509102759448,29,30,29,30
1680679509104493605,29,30,29,30
1680679509106175530,29,30,29,30
1680679509107870877,29,30,29,30
1680679509109553904,29,30,29,30
1680679509111232120,29,30,29,30
1680679509112913152,29,30,29,30
1680679509114594908,29,30,29,30
1680679509116275823,29,30,29,30
1680679509117978530,29,30,29,30
1680679509119660584,29,30,29,30
1680679509121468328,29,30,29,30
1680679509123149762,29,30,29,30
1680679509124893204,29,30,29,30
1680679509126574723,29,30,29,30
1680679509128261223,29,30,29,30
1680679509129969092,29,30,29,30
1680679509131664380,29,30,29,30
1680679509133354751,29,30,29,30
1680679509135043566,29,30,29,30
1680679509136727319,29,30,29,30
1680679509138441626,29,30,29,30
1680679509140135825,29,30,29,30
1680679509141949767,29,30,29,30
1680679509143630681,29,30,29,30
1680679509145451179,29,30,29,30
1680679509147137530,29,30,29,30
1680679509148817786,29,30,29,30
1680679509150501381,29,30,29,30
1680679509152176776,29,30,29,30
1680679509153863212,29,30,29,30
1680679509155542991,29,30,29,30
1680679509157219212,29,30,29,30
1680679509158953216,29,30,29,30
1680679509160640679,29,30,29,30
1680679509162352257,29,30,29,30
1680679509164091133,29,30,29,30
1680679509165780530,29,30,29,30
1680679509167465652,29,30,29,30
1680679509169155512,29,30,29,30
1680679509170915442,29,30,29,30
1680679509172582358,29,30,29,30
1680679509174259141,29,30,29,30
1680679509175926585,29,30,29,30
1680679509177600143,29,30,29,30
1680679509179316753,29,30,29,30
1680679509180978730,29,30,29,30
1680679509182684833,29,30,29,30
1680679509184418125,29,30,29,30
1680679509186119633,29,30,29,30
1680679509187805567,29,30,29,30
1680679509189569639,29,30,29,30
1680679509191254352,29,30,29,30
1680679509192934404,29,30,29,30
1680679509194614951,29,30,29,30
1680679509196302263,29,30,29,30
1680679509198002166,29,30,29,30
1680679509199688030,29,30,29,30
1680679509201375591,29,30,29,30
1680679509203086975,29,30,29,30
1680679509204883082,29,30,29,30
1680679509206589833,29,30,29,30
1680679509208309216,29,30,29,30
1680679509210021691,29,30,29,30
1680679509211722389,29,30,29,30
1680679509213421350,29,30,29,30
1680679509215126328,29,30,29,30
1680679509216834532,29,30,29,30
1680679509218647109,29,30,29,30
1680679509220353732,29,30,29,30
1680679509222091013,29,30,29,30
1680679509223786795,29,30,29,30
1680679509225543957,29,30,29,30
1680679509227222388,29,30,29,30
1680679509228907505,29,30,29,30
1680679509230588173,29,30,29,30
1680679509232273154,29,30,29,30
1680679509233967842,29,30,29,30
1680679509235657386,29,30,29,30
1680679509237346677,29,30,29,30
1680679509239046644,29,30,29,30
1680679509240727448,29,30,29,30
1680679509242430416,29,30,29,30
1680679509244145277,29,30,29,30
1680679509245861777,29,30,29,30
1680679509247552900,29,30,29,30
1680679509249250379,29,30,29,30
1680679509250938401,29,30,29,30
1680679509252624998,29,30,29,30
1680679509254542593,29,30,29,30
1680679509256228435,29,30,29,30
1680679509257923036,29,30,29,30
1680679509259608193,29,30,29,30
1680679509261290104,29,30,29,30
1680679509262999040,29,30,29,30
1680679509264726738,29,30,29,30
1680679509266408328,29,30,29,30
1680679509268100922,29,30,29,30
1680679509269791665,29,30,29,30
1680679509271557534,29,30,29,30
1680679509273241682,29,30,29,30
1680679509274923374,29,30,29,30
1680679509276608808,29,30,29,30
1680679509278341549,29,30,29,30
1680679509280025356,29,30,29,30
1680679509281715703,29,30,29,30
1680679509283400955,29,30,29,30
1680679509285121670,29,30,29,30
1680679509286799861,29,30,29,30
1680679509288484823,29,30,29,30
1680679509290179517,29,30,29,30
1680679509291861470,29,30,29,30
1680679509293546077,29,30,29,30
1680679509295231738,29,30,29,30
1680679509296921499,29,30,29,30
1680679509298628410,29,30,29,30
1680679509300314519,29,30,29,30
1680679509302035264,29,30,29,30
1680679509303723775,29,30,29,30
1680679509305461921,29,30,29,30
1680679509307141478,29,30,29,30
1680679509308825451,29,30,29,30
1680679509310506050,29,30,29,30
1680679509312194659,29,30,29,30
1680679509313884219,29,30,29,30
1680679509315576784,29,30,29,30
1680679509317267343,29,30,29,30
1680679509319007103,29,30,29,30
1680679509320694998,29,30,29,30
1680679509322432190,29,30,29,30
1680679509324111720,29,30,29,30
1680679509325816625,29,30,29,30
1680679509327504611,29,30,29,29
1680679509329183469,29,30,29,29
1680679509330861633,29,30,29,29
1680679509332541419,29,30,29,29
1680679509334241518,29,30,29,29
1680679509335934950,29,30,29,29
1680679509337615676,29,30,29,29
1680679509339349512,29,30,29,29
1680679509341039452,29,30,29,29
1680679509342773735,29,30,29,29
1680679509344507984,29,30,29,29
1680679509346194188,29,30,29,29
1680679509347886003,29,29,29,29
1680679509349648768,29,29,29,29
1680679509351329228,29,29,29,29
1680679509353020394,29,29,29,29
1680679509354706490,29,29,29,29
1680679509356390247,29,29,29,29
1680679509358083496,29,29,29,29
1680679509359766441,29,29,29,29
1680679509361459460,29,29,29,29
1680679509363189778,29,29,29,29
1680679509364927431,29,29,29,29
1680679509366620422,29,29,29,29
1680679509368303983,29,29,29,29
1680679509370003265,29,29,29,29
1680679509371690420,29,29,29,29
1680679509373367945,29,29,29,29
1680679509375051735,29,29,29,29
1680679509376727409,29,29,29,29
1680679509378530442,29,29,29,29
1680679509380241849,29,29,29,29
1680679509381962967,29,29,29,29
1680679509383683441,29,29,29,29
1680679509385504856,29,29,29,29
1680679509387214207,29,29,29,29
1680679509388902081,29,29,29,29
1680679509390588977,29,29,29,29
1680679509392275016,29,29,29,29
1680679509393965342,29,29,29,29
1680679509395653483,29,29,29,29
1680679509397342484,29,29,29,29
1680679509399036617,29,29,29,29
1680679509400726873,29,29,29,29
1680679509402473479,29,29,29,29
1680679509404162050,29,29,29,29
1680679509405875638,29,29,29,29
1680679509407567630,29,29,29,29
1680679509409342504,29,29,29,29
1680679509411021908,29,29,29,29
1680679509412711491,29,29,29,29
1680679509414408842,29,29,29,29
1680679509416092111,29,29,29,29
1680679509417792354,29,29,29,29
1680679509419590699,29,29,29,29
1680679509421274650,29,29,29,29
1680679509422986387,29,29,29,29
1680679509424689339,29,29,29,29
1680679509426388138,29,29,29,29
1680679509428069698,29,29,29,29
1680679509429756066,29,29,29,29
1680679509431448284,29,29,29,29
1680679509433132344,29,29,29,29
1680679509434811700,29,29,29,29
1680679509436495046,29,29,29,29
1680679509438189340,29,29,29,29
1680679509440016730,29,29,29,29
1680679509441709299,29,29,29,29
1680679509443563265,29,29,29,29
1680679509445356023,29,29,29,29
1680679509447035453,29,29,29,29
1680679509448712727,29,29,29,29
1680679509450381055,29,29,29,29
1680679509452048628,29,29,29,29
1680679509453717743,29,29,29,29
1680679509455379145,29,29,29,29
1680679509457045232,29,29,29,29
1680679509458809900,29,29,29,29
1680679509460485606,29,29,29,29
1680679509462348617,29,29,29,29
1680679509464018757,29,29,29,29
1680679509465761713,29,29,29,29
1680679509467435262,29,29,29,29
1680679509469104241,29,29,29,29
1680679509470791290,29,29,29,29
1680679509472561056,29,29,29,29
1680679509474261778,29,29,29,29
1680679509475939523,29,29,29,29
1680679509477623612,29,29,29,29
1680679509479513910,29,29,29,29
1680679509481226014,29,29,29,29
1680679509482935121,29,29,29,29
1680679509484705187,29,29,29,29
1680679509486480744,29,29,29,29
1680679509488188775,29,29,29,29
1680679509489904695,29,29,29,29
1680679509491601462,29,29,29,29
1680679509493280572,29,29,29,29
1680679509494959473,29,29,29,29
1680679509496645336,29,29,29,29
1680679509498330812,29,29,29,29
1680679509500069529,29,29,29,29
1680679509501757726,29,29,29,29
1680679509503501205,29,29,29,29
1680679509505228153,29,29,29,29
1680679509506912881,29,29,29,29
1680679509508599292,29,29,29,29
1680679509510300085,29,29,29,29
1680679509511989568,29,29,29,29
1680679509513674900,29,29,29,29
1680679509515360740,29,29,29,29
1680679509517052337,29,29,29,29
1680679509518762153,29,29,29,29
1680679509520443750,29,29,29,29
1680679509522152930,29,29,29,29
1680679509523841344,29,29,29,29
1680679509525688869,29,29,29,29
1680679509527370455,29,29,29,29
1680679509529056475,29,29,29,29
1680679509530763224,29,29,29,29
1680679509532454997,29,29,29,29
1680679509534154746,29,29,29,29
1680679509535844225,29,29,29,29
1680679509537527924,29,29,29,29
1680679509539232668,29,29,29,29
1680679509540920938,29,29,29,29
1680679509542629483,29,29,29,29
1680679509544311447,29,29,29,29
1680679509546065418,29,29,29,29
1680679509547739747,29,29,29,29
1680679509549491185,29,29,29,29
1680679509551150955,29,29,29,29
1680679509552813446,29,29,29,29
1680679509554504766,29,29,29,29
1680679509556214091,29,29,29,29
1680679509557940223,29,29,29,29
1680679509559666135,29,29,29,29
1680679509561367794,29,29,29,29
1680679509563098981,29,29,29,29
1680679509564906425,29,29,29,29
1680679509566587550,29,29,29,29
1680679509568281259,29,29,29,29
1680679509569978589,29,29,29,29
1680679509571671324,29,29,29,29
1680679509573483273,29,29,29,29
1680679509575178043,29,29,29,29
1680679509576870431,29,29,29,29
1680679509578552606,29,29,29,29
1680679509580261792,29,29,29,29
1680679509581948676,29,29,29,29
1680679509583689596,29,29,29,29
1680679509585392963,29,29,29,29
1680679509587081813,29,29,29,29
1680679509588726004,29,29,29,29
1680679509590401861,29,29,29,29
1680679509592082435,29,29,29,29
1680679509593765595,29,29,29,29
1680679509595460328,29,29,29,29
1680679509597141805,29,29,29,29
1680679509598895359,29,29,29,29
1680679509600614077,29,29,29,29
1680679509602303683,29,29,29,29
1680679509604013308,29,29,29,29
1680679509605853469,29,29,29,29
1680679509607542502,29,29,29,29
1680679509609305587,29,29,29,29
1680679509610994370,29,29,29,29
1680679509612679704,29,29,29,29
1680679509614376416,29,29,29,29
1680679509616070612,29,29,29,29
1680679509617751603,29,29,29,29
1680679509619453247,29,29,29,29
1680679509621144057,29,29,29,29
1680679509622879997,29,29,29,29
1680679509624570791,29,29,29,29
1680679509626345254,29,29,29,29
1680679509628026690,29,29,29,29
1680679509629714748,29,29,29,29
1680679509631401702,29,29,29,29
1680679509633081172,29,29,29,29
1680679509634761447,29,29,29,29
1680679509636444229,29,29,29,29
1680679509638153073,29,29,29,29
1680679509639885384,29,29,29,29
1680679509641570583,29,29,29,29
1680679509643279298,29,29,29,29
1680679509644977774,29,29,29,29
1680679509646684151,29,29,29,29
1680679509648356560,29,29,29,29
1680679509650025173,29,29,29,29
1680679509651696608,29,29,29,29
1680679509653369439,29,29,29,29
1680679509655034123,29,29,29,29
1680679509656702825,29,29,29,29
1680679509658401101,29,29,29,29
1680679509660160882,29,29,29,29
1680679509661878606,29,29,29,30
1680679509663642175,29,29,29,30
1680679509665378371,29,29,29,30
1680679509667085741,29,29,29,30
1680679509668800423,29,29,29,30
1680679509670484351,29,29,29,30
1680679509672173148,29,29,29,30
1680679509673995574,29,29,29,30
1680679509675724982,29,29,29,30
1680679509677431704,29,29,29,30
1680679509679152245,29,29,29,30
1680679509680800456,29,29,29,30
1680679509682444748,29,29,29,30
1680679509684093200,29,29,29,30
1680679509685809823,29,29,29,30
1680679509687454911,29,29,29,30
1680679509689100568,29,29,29,30
1680679509690779170,29,29,29,30
1680679509692461395,29,29,29,30
1680679509694162122,29,29,29,30
1680679509695848878,29,29,29,30
1680679509697525155,29,29,29,30
1680679509699214304,29,29,29,30
1680679509700922345,29,29,29,30
1680679509702627126,29,29,29,30
1680679509704333171,29,29,29,30
1680679509706088637,29,29,29,30
1680679509707794946,29,29,29,30
1680679509709500133,29,29,29,30
1680679509711199773,29,29,29,30
1680679509712882151,29,29,29,30
1680679509714560576,29,29,29,30
1680679509716244438,29,29,29,30
1680679509717937435,29,29,29,30
1680679509719644646,29,29,29,30
1680679509721337592,29,29,29,30
1680679509723054988,29,29,29,30
1680679509724727166,29,29,29,30
1680679509726486680,29,29,29,30
1680679509728179070,29,29,29,30
1680679509729864780,29,29,29,30
1680679509731554268,29,29,29,30
1680679509733229770,29,29,29,30
1680679509734910867,29,29,29,30
1680679509736593606,29,29,29,30
1680679509738290726,29,29,29,30
1680679509740040286,29,29,29,30
1680679509741727002,29,29,29,30
1680679509743451380,29,29,29,30
1680679509745191577,29,29,29,30
1680679509746920131,29,29,29,30
1680679509748604862,29,29,29,30
1680679509750302179,29,29,29,30
1680679509751992113,29,29,29,30
1680679509753682438,29,29,29,30
1680679509755375019,29,29,29,30
1680679509757064410,29,29,29,30
1680679509758752801,29,29,29,30
1680679509760473872,29,29,29,30
1680679509762169471,29,29,29,30
1680679509763880289,29,29,30,30
1680679509765607843,29,29,30,30
1680679509767299115,29,29,30,30
1680679509768983011,29,29,30,30
1680679509770660522,29,29,30,30
1680679509772343453,29,29,30,30
1680679509774032569,29,29,30,30
1680679509775717559,29,29,30,30
1680679509777405795,29,29,30,30
1680679509779092840,29,29,30,30
1680679509780781199,29,29,30,30
1680679509782463600,29,29,30,30
1680679509784206546,29,29,30,30
1680679509786031197,29,29,30,30
1680679509787717065,29,29,30,30
1680679509789409999,29,29,30,30
1680679509791096562,29,29,30,30
1680679509792789887,29,29,30,30
1680679509794480332,29,29,30,30
1680679509796168396,29,29,30,30
1680679509797857710,29,29,30,30
1680679509799572930,29,29,30,30
1680679509801258434,29,29,30,30
1680679509802966187,29,29,30,30
1680679509804709632,29,29,30,30
1680679509806459671,29,29,30,30
1680679509808122396,29,29,30,30
1680679509809793444,29,29,30,30
1680679509811457487,29,29,30,30
1680679509813127210,29,29,30,30
1680679509814805047,29,29,30,30
1680679509816487730,29,29,30,30
1680679509818180800,29,29,30,30
1680679509819880960,29,29,30,30
1680679509821630592,29,29,30,30
1680679509823343828,29,29,30,30
1680679509825056041,29,29,30,30
1680679509826781421,29,29,30,30
1680679509828486761,29,29,30,29
1680679509830205791,29,29,30,29
1680679509831916395,29,29,30,29
1680679509833640279,29,29,30,29
1680679509835345185,29,29,30,29
1680679509837032242,29,29,30,29
1680679509838713641,29,29,30,29
1680679509840427573,29,29,30,29
1680679509842130486,29,29,30,29
1680679509844141053,29,29,30,29
1680679509846093696,29,29,30,29
1680679509847771142,29,29,30,29
1680679509849457212,29,29,30,29
1680679509851296831,29,29,30,29
1680679509852986890,29,29,30,29
1680679509854670035,29,29,30,29
1680679509856353454,29,29,30,29
1680679509858224001,29,29,30,29
1680679509859922750,29,29,30,29
1680679509861612853,29,29,30,29
1680679509863355078,29,29,30,29
1680679509865397633,29,29,30,29
1680679509867085916,29,29,30,29
1680679509868729190,29,29,30,29
1680679509870397462,29,29,30,29
1680679509872338545,29,29,30,29
1680679509874006551,29,29,30,29
1680679509875672824,29,29,30,29
1680679509877356709,29,29,30,29
1680679509879058890,29,29,30,29
1680679509880785955,29,29,30,29
1680679509882498501,29,29,30,29
1680679509884261821,29,29,30,29
1680679509886093460,29,29,30,29
1680679509887783471,29,29,30,29
1680679509889444290,29,29,30,29
1680679509891104424,29,29,30,29
1680679509892726592,29,29,30,29
1680679509894396772,29,29,30,29
1680679509896068207,29,29,30,29
1680679509897824819,29,29,30,29
1680679509899520899,29,29,30,29
1680679509901191363,29,29,30,29
1680679509902852866,29,29,30,29
1680679509904543587,29,29,30,29
1680679509906304606,29,29,30,29
1680679509907971102,29,29,30,29
1680679509909651146,29,29,30,29
1680679509911329692,29,29,30,29
1680679509913008141,29,29,30,29
1680679509914691849,29,29,30,29
1680679509916374666,29,29,30,29
1680679509918065032,29,29,30,29
1680679509919842057,29,29,30,29
1680679509921528868,29,29,30,29
1680679509923388497,29,29,30,29
1680679509925238939,29,29,30,29
1680679509927169214,29,29,30,29
1680679509929080737,29,29,30,29
1680679509930950156,29,29,30,29
1680679509932851000,29,29,30,29
1680679509934721049,29,29,30,29
1680679509937076657,29,29,30,29
1680679509938986281,29,29,30,29
1680679509940940246,29,29,30,29
1680679509942812623,29,29,30,29
1680679509944703892,29,29,30,29
1680679509946662648,29,29,30,29
1680679509948527511,29,29,30,29
1680679509950439047,29,29,30,29
1680679509952897535,29,29,30,29
1680679509954774098,29,29,30,29
1680679509956650322,29,29,30,29
1680679509958558346,29,29,30,29
1680679509960435976,29,29,30,29
1680679509962351134,29,29,30,29
1680679509964285580,29,29,30,29
1680679509966222992,29,29,30,29
1680679509968808996,29,29,30,29
1680679509970681381,29,29,30,29
1680679509972582273,29,29,30,29
1680679509974559592,29,29,30,29
1680679509976460288,29,29,30,29
1680679509978369776,29,29,30,29
1680679509980246951,29,29,30,29
1680679509982136163,29,29,30,29
1680679509984518944,29,29,30,29
1680679509987254556,29,29,30,29
1680679509989442119,29,29,30,29
1680679509991491259,29,29,30,29
1680679510058877658,29,29,29,29
1680679510124354863,29,29,29,29
1680679510126776621,29,29,29,29
1680679510128686963,29,29,29,29
1680679510130618454,29,29,29,29
1680679510132525140,29,29,29,29
1680679510134345545,29,29,29,29
1680679510135994134,29,29,29,29
1680679510137650154,29,29,29,29
1680679510139294916,29,29,29,29
1680679510141003949,29,29,29,29
1680679510142656619,29,29,29,29
1680679510144324234,29,29,29,29
1680679510146033043,29,29,29,29
1680679510147744942,29,29,29,29
1680679510149437411,29,29,29,29
1680679510151117885,29,29,29,29
1680679510152797490,29,29,29,29
1680679510154471744,29,29,29,29
1680679510156161947,29,29,29,29
1680679510157849446,29,29,29,29
1680679510159530935,29,29,29,29
1680679510161233526,29,29,29,29
1680679510162912828,29,29,29,30
1680679510164664595,29,29,29,30
1680679510166465625,29,29,29,30
1680679510168148971,29,29,29,30
1680679510169842040,29,29,29,30
1680679510171531751,29,29,29,30
1680679510173213817,29,29,29,30
1680679510174903168,29,29,29,30
1680679510176869427,29,29,29,30
1680679510178556168,29,29,29,30
1680679510180254092,29,29,29,30
1680679510181962553,29,29,29,30
1680679510183653535,29,29,29,30
1680679510185347566,29,29,29,30
1680679510187125729,29,29,29,30
1680679510188813110,29,29,29,30
1680679510190500989,29,29,29,30
1680679510192186123,29,29,29,30
1680679510193864626,29,29,29,30
1680679510195544354,29,29,29,30
1680679510197337588,29,29,29,30
1680679510199116806,29,29,29,30
1680679510200899297,29,29,29,30
1680679510202579837,29,29,29,30
1680679510204276696,29,29,29,30
1680679510206034279,29,29,29,30
1680679510207739151,29,29,29,30
1680679510209422282,29,29,29,30
1680679510211105702,29,29,29,30
1680679510212797413,29,29,29,30
1680679510214482695,29,29,29,30
1680679510216168337,29,29,29,30
1680679510217858179,29,29,29,30
1680679510219553577,29,29,29,30
1680679510221291176,29,29,29,30
1680679510223152408,29,29,29,30
1680679510224859715,29,29,29,30
1680679510226695226,29,29,29,30
1680679510228381449,29,29,29,30
1680679510230090246,29,29,29,30
1680679510231772471,29,29,29,30
1680679510233465956,29,29,29,30
1680679510235146405,29,29,29,30
1680679510236830378,29,29,29,30
1680679510238514266,29,29,29,30
1680679510240198769,29,29,29,30
1680679510241881892,29,29,29,30
1680679510243572812,29,29,29,30
1680679510245280312,29,29,29,30
1680679510247049514,29,29,29,30
1680679510248727660,29,29,29,30
1680679510250418514,29,29,29,30
1680679510252110659,29,29,29,30
1680679510253811205,29,29,29,30
1680679510255492801,29,29,29,30
1680679510257181539,29,29,29,30
1680679510258855238,29,29,29,30
1680679510260541131,29,29,29,30
1680679510262227682,29,29,29,30
1680679510263900320,29,29,29,30
1680679510265562842,29,29,29,30
1680679510267262776,29,29,29,30
1680679510268925567,29,29,29,30
1680679510270640551,29,29,29,30
1680679510272352923,29,29,29,30
1680679510274065675,29,29,29,30
1680679510275774601,29,29,29,30
1680679510277615958,29,29,29,30
1680679510279327260,29,29,29,30
1680679510281065313,29,29,29,30
1680679510282756289,29,29,29,30
1680679510284554747,29,29,29,30
1680679510286299917,29,29,29,30
1680679510288046043,29,29,29,30
1680679510289734366,29,29,29,30
1680679510291417169,29,29,29,30
1680679510293108229,29,29,29,30
1680679510294786899,29,29,29,30
1680679510296473722,29,29,29,30
1680679510298162542,29,29,29,30
1680679510299855447,29,29,29,30
1680679510301596449,29,29,29,30
1680679510303279449,29,29,29,30
1680679510304985743,29,29,29,30
1680679510306844010,29,29,29,30
1680679510308519078,29,29,29,30
1680679510310217980,29,29,29,30
1680679510311907107,29,29,29,30
1680679510313662008,29,29,29,30
1680679510315345746,29,29,29,30
1680679510317022076,29,29,29,30
1680679510318708711,29,29,29,30
1680679510320396357,29,29,29,30
1680679510322092022,29,29,29,30
1680679510323775173,29,29,29,30
1680679510325455735,29,29,29,30
1680679510327171256,29,29,29,30
1680679510328852127,29,29,29,30
1680679510330533874,29,29,29,29
1680679510332275658,29,29,29,29
1680679510333970743,29,29,29,29
1680679510335655560,29,29,29,29
1680679510337342679,29,29,29,29
1680679510339022217,29,29,29,29
1680679510340728039,29,29,29,29
1680679510342407625,29,29,29,29
1680679510344108038,29,29,29,29
1680679510345814592,29,29,29,29
1680679510347626781,29,29,29,29
1680679510349314539,29,29,29,29
1680679510351000330,29,29,29,29
1680679510352682238,29,29,29,29
1680679510354378143,29,29,29,29
1680679510356062400,29,29,29,29
1680679510357751305,29,29,29,29
1680679510359441788,29,29,29,29
1680679510361220041,29,29,29,29
1680679510362899522,29,29,29,29
1680679510364581735,29,29,29,29
1680679510366274797,29,29,29,29
1680679510368223323,29,29,29,29
1680679510369902522,29,29,29,29
1680679510371583865,29,29,29,29
1680679510373324620,29,29,29,29
1680679510375002833,29,29,29,29
1680679510376693123,29,29,29,29
1680679510378429332,29,29,29,29
1680679510380106902,29,29,29,29
1680679510381850419,29,29,29,29
1680679510383535852,29,29,29,29
1680679510385236060,29,29,29,29
1680679510386982220,29,29,29,29
1680679510388667144,29,29,29,29
1680679510390352459,29,29,29,29
1680679510392035535,29,29,29,29
1680679510393724887,29,29,29,29
1680679510395408181,29,29,29,29
1680679510397191293,29,29,29,29
1680679510398879281,29,29,29,29
1680679510400568229,29,29,29,29
1680679510402269617,29,29,29,29
1680679510403951359,29,29,29,29
1680679510405671114,29,29,29,29
1680679510407427400,29,29,29,29
1680679510409120877,29,29,29,29
1680679510410800319,29,29,29,29
1680679510412483053,29,29,29,29
1680679510414166890,29,29,29,29
1680679510415850769,29,29,29,29
1680679510417546540,29,29,29,29
1680679510419222231,29,29,29,29
1680679510420928620,29,29,29,29
1680679510422610980,29,29,29,29
1680679510424318173,29,29,29,29
1680679510426048606,29,29,29,29
1680679510427876648,29,29,29,29
1680679510429608642,29,29,29,29
1680679510431334445,29,29,29,29
1680679510433061984,29,29,29,29
1680679510434800481,29,29,29,29
1680679510436488681,29,29,29,29
1680679510438163258,29,29,29,29
1680679510439829952,29,29,29,29
1680679510441593600,29,29,29,29
1680679510443257816,29,29,29,29
1680679510444930800,29,29,29,29
1680679510446617934,29,29,29,29
1680679510448332117,29,29,29,29
1680679510450005090,29,29,29,29
1680679510451672070,29,29,29,29
1680679510453339075,29,29,29,29
1680679510454996454,29,29,29,29
1680679510456667912,29,29,29,29
1680679510458362163,29,29,29,29
1680679510460074627,29,29,29,29
1680679510461815634,29,29,29,29
1680679510463532189,29,29,29,29
1680679510465358758,29,29,29,29
1680679510467156959,29,29,29,29
1680679510468852728,29,29,29,29
1680679510470543895,29,29,29,29
1680679510472232023,29,29,29,29
1680679510473932332,29,29,29,29
1680679510475624028,29,29,29,29
1680679510477308050,29,29,29,29
1680679510479023231,29,29,29,29
1680679510480722519,29,29,29,29
1680679510482409587,29,29,29,29
1680679510484090535,29,29,29,29
1680679510485845236,29,29,29,29
1680679510487619169,29,29,29,29
1680679510489300024,29,29,29,29
1680679510490979098,29,29,29,29
1680679510492668041,29,29,29,29
1680679510494354188,29,29,29,29
1680679510496038007,29,29,29,29
1680679510497723634,29,29,29,29
1680679510499411955,29,29,29,29
1680679510501096645,29,29,29,29
1680679510502763866,29,29,29,29
1680679510504448893,29,29,29,29
1680679510506129215,29,29,29,29
1680679510507882313,29,29,29,29
1680679510509556640,29,29,29,29
1680679510511228494,29,29,29,29
1680679510512907857,29,29,29,29
1680679510514596828,29,29,29,29
1680679510516279548,29,29,29,29
1680679510517971541,29,29,29,29
1680679510519665729,29,29,29,29
1680679510521387452,29,29,29,29
1680679510523096005,29,29,29,29
1680679510524828347,29,29,29,29
1680679510526526761,29,29,29,29
1680679510528262601,29,29,29,29
1680679510529976517,29,29,29,29
1680679510531680518,29,29,29,29
1680679510533359829,29,29,29,29
1680679510535033062,29,29,29,29
1680679510536721774,29,29,29,29
1680679510538408556,29,29,29,29
1680679510540092221,29,29,29,29
1680679510541816236,29,29,29,29
1680679510543566946,29,29,29,29
1680679510545306104,29,29,29,29
1680679510547012572,29,29,29,29
1680679510548728715,29,29,29,29
1680679510550422389,29,29,29,29
1680679510552105580,29,29,29,29
1680679510553796111,29,29,29,29
1680679510555489825,29,29,29,29
1680679510557179137,29,29,29,29
1680679510558860030,29,29,29,29
1680679510560541336,29,29,29,29
1680679510562263391,29,29,29,29
1680679510563952426,29,29,29,29
1680679510565660400,29,29,29,29
1680679510567480342,29,29,29,29
1680679510569160424,29,29,29,29
1680679510570842324,29,29,29,29
1680679510572525492,29,29,29,29
1680679510574221872,29,29,29,29
1680679510575962413,29,29,29,29
1680679510577991058,29,29,29,29
1680679510579683312,29,29,29,29
1680679510581394461,29,29,29,29
1680679510583084840,29,29,29,29
1680679510584785865,29,29,29,29
1680679510586454491,29,29,29,29
1680679510588211953,29,29,29,29
1680679510589883336,29,29,29,29
1680679510591557588,29,29,29,29
1680679510593213501,29,29,29,29
1680679510594902244,29,29,29,29
1680679510596590957,29,29,29,29
1680679510598280170,29,29,29,29
1680679510599961280,29,29,29,29
1680679510601670402,29,29,29,29
1680679510603359625,29,29,29,29
1680679510605159571,29,29,29,29
1680679510606924280,29,29,29,29
1680679510608675846,29,29,29,29
1680679510610420473,29,29,29,29
1680679510612157639,29,29,29,29
1680679510613899276,29,29,29,29
1680679510615596099,29,29,29,29
1680679510617266275,29,29,29,29
1680679510618928191,29,29,29,29
1680679510620591304,29,29,29,29
1680679510622410819,29,29,29,29
1680679510624080550,29,29,29,29
1680679510625881807,29,29,29,29
1680679510627629107,29,29,29,29
1680679510629315141,29,29,29,29
1680679510631000346,29,29,29,29
1680679510632685346,29,29,29,29
1680679510634370302,29,29,29,29
1680679510636049856,29,29,29,29
1680679510637727790,29,29,29,29
1680679510639411879,29,29,29,29
1680679510641091496,29,29,29,29
1680679510642771446,29,29,29,29
1680679510644452284,29,29,29,29
1680679510646168825,29,29,29,29
1680679510647994509,29,29,29,29
1680679510649680317,29,29,29,29
1680679510651361272,29,29,29,29
1680679510653047705,29,29,29,29
1680679510654726514,29,29,29,29
1680679510656408751,29,29,29,29
1680679510658097831,29,29,29,29
1680679510659780941,29,29,29,29
1680679510661619882,29,29,29,29
1680679510663299887,29,29,29,29
1680679510665045081,29,29,29,30
1680679510666732665,29,29,29,30
1680679510668414741,29,29,29,30
1680679510670088014,29,29,29,30
1680679510671750708,29,29,29,30
1680679510673418625,29,29,29,30
1680679510675081763,29,29,29,30
1680679510676728020,29,29,29,30
1680679510678533471,29,29,29,30
1680679510680243456,29,29,29,30
1680679510681974482,29,29,29,30
1680679510683682855,29,29,29,30
1680679510685422067,29,30,29,30
1680679510687229811,29,30,29,30
1680679510688978305,29,30,29,30
1680679510690668024,29,30,29,30
1680679510692361644,29,30,29,30
1680679510694059784,29,30,29,30
1680679510695742306,29,30,29,30
1680679510697423126,29,30,29,30
1680679510699102443,29,30,29,30
1680679510700782191,29,30,29,30
1680679510702510961,29,30,29,30
1680679510704200591,29,30,29,30
1680679510705906868,29,30,29,30
1680679510707630432,29,30,29,30
1680679510709317273,29,30,29,30
1680679510711001629,29,30,29,30
1680679510712688991,29,30,29,30
1680679510714383751,29,30,29,30
1680679510716071643,29,30,29,30
1680679510717757023,29,30,29,30
1680679510719446507,29,30,29,30
1680679510721133248,29,30,29,30
1680679510722810273,29,30,29,30
1680679510724490990,29,30,29,30
1680679510726233435,29,30,29,30
1680679510728006827,29,30,29,30
1680679510729696495,29,30,29,30
1680679510731370467,29,30,29,30
1680679510733050377,29,30,29,30
1680679510734730129,29,30,29,30
1680679510736413471,29,30,29,30
1680679510738112020,29,30,29,30
1680679510739801150,29,30,29,30
1680679510741506616,29,30,29,30
1680679510743188007,29,30,29,30
1680679510744880239,29,30,29,30
1680679510746561343,29,30,29,30
1680679510748285929,29,30,29,30
1680679510749981958,29,30,29,30
1680679510751666741,29,30,29,30
1680679510753347091,29,30,29,30
1680679510755028282,29,30,29,30
1680679510756721043,29,30,29,30
1680679510758416340,29,30,29,30
1680679510760101074,29,30,29,30
1680679510761815971,29,30,29,30
1680679510763504576,29,30,29,30
1680679510765309630,29,30,29,30
1680679510766988842,29,30,29,30
1680679510768727412,29,30,30,30
1680679510770414035,29,30,30,30
1680679510772098212,29,30,30,30
1680679510773783495,29,30,30,30
1680679510775471943,29,30,30,30
1680679510777154835,29,30,30,30
1680679510778832948,29,30,30,30
1680679510780520921,29,30,30,30
1680679510782212067,29,30,30,30
1680679510783897748,29,30,30,30
1680679510785610339,29,30,30,30
1680679510787341595,29,30,30,30
1680679510789160427,29,30,30,30
1680679510790844103,29,30,30,30
1680679510792504352,29,30,30,30
1680679510794170001,29,30,30,30
1680679510795833492,29,30,30,30
1680679510797499190,29,30,30,30
1680679510799162937,29,30,30,30
1680679510800831832,29,30,30,30
1680679510802586751,29,30,30,30
1680679510804294476,29,30,30,30
1680679510806020817,29,30,30,30
1680679510807755992,29,30,30,30
1680679510809460072,29,30,30,30
1680679510811170482,29,30,30,30
1680679510812936249,29,30,30,30
1680679510814619154,29,30,30,30
1680679510816304068,29,30,30,30
1680679510817998057,29,30,30,30
1680679510819683428,29,30,30,30
1680679510821370059,29,30,30,30
1680679510823053167,29,30,30,30
1680679510824707505,29,30,30,30
1680679510826414688,29,30,30,30
1680679510828141231,29,30,30,30
1680679510829806355,29,30,30,30
1680679510831563564,29,30,30,30
1680679510833210175,29,30,30,30
1680679510834895638,29,30,30,30
1680679510836588576,29,30,30,30
1680679510838283619,29,30,30,30
1680679510839975791,29,30,30,30
1680679510841719239,29,30,30,30
1680679510843398368,29,30,30,30
1680679510845097552,29,30,30,30
1680679510846804913,29,30,30,30
1680679510848578464,29,30,30,30
1680679510850294354,29,30,30,30
1680679510851994862,29,30,30,30
1680679510853698282,29,29,30,30
1680679510855389060,29,29,30,30
1680679510857074697,29,29,30,30
1680679510858752420,29,29,30,30
1680679510860435280,29,29,30,30
1680679510862242543,29,29,30,30
1680679510863922508,29,29,30,30
1680679510865619257,29,29,30,30
1680679510867375979,29,29,30,30
1680679510869086516,29,29,30,30
1680679510870762530,29,29,30,30
1680679510872450909,29,29,30,30
1680679510874151040,29,29,30,30
1680679510875829111,29,29,30,30
1680679510877514032,29,29,30,30
1680679510879198320,29,29,30,30
1680679510880886617,29,29,30,30
1680679510882610545,29,29,30,30
1680679510884301550,29,29,30,30
1680679510886025484,29,29,30,30
1680679510887742761,29,29,30,30
1680679510889423071,29,29,30,30
1680679510891103067,29,29,30,30
1680679510892785429,29,29,30,30
1680679510894463967,29,29,30,30
1680679510896148345,29,29,30,30
1680679510897848992,29,29,30,30
1680679510899534642,29,29,30,30
1680679510901217703,29,29,30,30
1680679510902926476,29,29,30,30
1680679510904616837,29,29,30,30
1680679510906337601,29,29,30,30
1680679510908110698,29,29,30,30
1680679510909796942,29,29,30,30
1680679510911474441,29,29,30,30
1680679510913155254,29,29,30,30
1680679510914849714,29,29,30,30
1680679510916644867,29,29,30,30
1680679510918329814,29,29,30,30
1680679510920009765,29,29,30,30
1680679510921818138,29,29,30,30
1680679510923498188,29,29,30,30
1680679510925179379,29,29,30,30
1680679510926856133,29,29,30,30
1680679510928587503,29,29,30,30
1680679510930258942,29,29,30,30
1680679510931927034,29,29,30,30
1680679510933606629,29,29,30,30
1680679510935613504,29,29,30,30
1680679510937535444,29,29,30,30
1680679510939445182,29,29,30,30
1680679510941368330,29,29,30,30
1680679510943304008,29,29,30,30
1680679510945061687,29,29,30,30
1680679510946772072,29,29,30,30
1680679510948558089,29,29,30,30
1680679510950225626,29,29,30,30
1680679510951875719,29,29,30,30
1680679510953529372,29,29,30,30
1680679510955212828,29,29,30,30
1680679510956912900,29,29,30,30
1680679510958588465,29,29,30,30
1680679510960285565,29,29,30,30
1680679510962007264,29,29,30,30
1680679510963703618,29,29,30,30
1680679510965465409,29,29,30,30
1680679510967155812,29,29,30,30
1680679510969021183,29,29,30,30
1680679510970714052,29,29,30,30
1680679510972403560,29,29,30,30
1680679510974116709,29,29,30,30
1680679510975810920,29,29,30,30
1680679510977501211,29,29,30,30
1680679510979312153,29,29,30,30
1680679510981161958,29,29,30,30
1680679510982877913,29,29,30,30
1680679510984573997,29,29,30,30
1680679510986340196,29,29,30,30
1680679510988042553,29,29,30,30
1680679510989741650,29,29,30,30
1680679510991438696,29,29,30,30
1680679510993125625,29,29,30,30
1680679510994813775,29,29,30,30
1680679510996506056,29,29,30,30
1680679510998210178,29,29,30,30
1680679510999905172,29,29,30,29
1680679511001597675,29,29,30,29
1680679511003301992,29,29,30,29
1680679511005023866,29,29,30,29
1680679511006761969,29,29,30,29
1680679511008512058,29,29,30,29
1680679511010182449,29,29,30,29
1680679511011859865,29,29,30,29
1680679511013530656,29,29,30,29
1680679511015198239,29,29,30,29
1680679511016870635,29,29,30,29
1680679511018567300,29,29,30,29
1680679511020261475,29,29,30,29
1680679511021983929,29,29,30,29
1680679511023674305,29,29,30,29
1680679511025363309,29,29,30,29
1680679511027050396,29,29,30,29
1680679511028966015,29,29,30,29
1680679511030679985,29,29,30,29
1680679511032394759,29,29,30,29
1680679511034144779,29,29,30,29
1680679511035862878,29,29,30,29
1680679511037581287,29,29,30,29
1680679511039287566,29,29,30,29
1680679511040946257,29,29,30,29
1680679511042600778,29,29,30,29
1680679511044250392,29,29,30,29
1680679511045954363,29,29,30,29
1680679511047612279,29,29,30,29
1680679511049297017,29,29,30,29
1680679511050980748,29,29,30,29
1680679511052677702,29,29,30,29
1680679511054376287,29,29,30,29
1680679511056075110,29,29,30,29
1680679511057765558,29,29,30,29
1680679511059464881,29,29,30,29
1680679511061182724,29,29,30,29
1680679511062954424,29,29,30,29
1680679511064665191,29,29,30,29
1680679511066471573,29,29,30,29
1680679511068237441,29,29,30,29
1680679511069965597,29,29,30,29
1680679511071731244,29,29,30,29
1680679511073422260,29,29,30,29
1680679511075108955,29,29,30,29
1680679511076796265,29,29,30,29
1680679511078552082,29,29,30,29
1680679511080244749,29,29,30,29
1680679511081941840,29,29,30,29
1680679511083630196,29,29,30,29
1680679511085321810,29,29,30,29
1680679511087062190,29,29,30,29
1680679511088785189,29,29,30,29
1680679511090481492,29,29,30,29
1680679511092170138,29,29,30,29
1680679511093868069,29,29,30,29
1680679511095558841,29,29,30,29
1680679511097253146,29,29,30,29
1680679511098944751,29,29,30,29
1680679511100642010,29,29,30,29
1680679511102342590,29,29,29,29
1680679511104036008,29,29,29,29
1680679511105752987,29,29,29,29
1680679511107453798,29,29,29,29
1680679511109257427,29,29,29,29
1680679511110946835,29,29,29,29
1680679511112639915,29,29,29,29
1680679511114330781,29,29,29,29
1680679511116036311,29,29,29,29
1680679511117728668,29,29,29,29
1680679511119422108,29,29,29,29
1680679511121118269,29,29,29,29
1680679511122874056,29,29,29,29
1680679511124617186,29,29,29,29
1680679511126314598,29,29,29,29
1680679511128003349,29,29,29,29
1680679511129696535,29,29,29,29
1680679511131371877,29,29,29,29
1680679511133051030,29,29,29,29
1680679511134767104,29,29,29,29
1680679511136491484,29,29,29,29
1680679511138205172,29,29,29,29
1680679511139918541,29,29,29,29
1680679511141632225,29,29,29,29
1680679511143370551,29,29,29,29
1680679511145080708,29,29,29,29
1680679511146886752,29,29,29,29
1680679511148909587,29,29,29,29
1680679511150717473,29,29,29,29
1680679511152418275,29,29,29,29
1680679511154127463,29,29,29,29
1680679511155823158,29,29,29,29
1680679511157524782,29,29,29,29
1680679511159220137,29,29,29,29
1680679511160917630,29,29,29,29
1680679511162795652,29,29,29,29
1680679511164516523,29,29,29,29
1680679511166377968,29,29,29,29
1680679511168161182,29,29,29,28
1680679511170162770,29,29,29,28
1680679511171860504,29,29,29,28
1680679511173550722,29,29,29,28
1680679511175248069,29,29,29,28
1680679511176980517,29,29,29,28
1680679511178806340,29,29,29,28
1680679511180497617,29,29,29,28
1680679511182189088,29,29,29,28
1680679511183881082,29,29,29,28
1680679511185571957,29,29,29,28
1680679511187281827,29,30,29,28
1680679511189190974,29,30,29,28
1680679511190860119,29,30,29,28
1680679511192535831,29,30,29,28
1680679511194204241,29,30,29,28
1680679511195871202,29,30,29,28
1680679511197541595,29,30,29,28
1680679511199230635,29,30,29,28
1680679511200917226,29,30,29,28
1680679511202633749,29,30,29,28
1680679511204329603,29,30,29,28
1680679511206072387,29,30,29,28
1680679511207841562,29,30,29,28
1680679511209560494,29,30,29,28
1680679511211254087,29,30,29,28
1680679511212949126,29,30,29,28
1680679511214642435,29,30,29,28
1680679511216340210,29,30,29,28
1680679511218040143,29,30,29,28
1680679511219748020,29,30,29,28
1680679511221464146,29,30,29,28
1680679511223262342,29,30,29,28
1680679511225038702,29,30,29,28
1680679511226813498,29,30,29,28
1680679511228775701,29,30,29,28
1680679511230646196,29,30,29,28
1680679511232529960,29,30,29,28
1680679511234416367,29,30,29,28
1680679511236285335,29,30,29,28
1680679511238167863,29,30,29,28
1680679511240016641,29,30,29,28
1680679511242516249,29,30,29,28
1680679511244425371,29,30,29,28
1680679511246317469,29,30,29,28
1680679511248217450,29,30,29,28
1680679511250136601,29,30,29,28
1680679511252034134,29,30,29,28
1680679511253955000,29,30,29,28
1680679511255857572,29,30,29,28
1680679511258519850,29,30,29,28
1680679511260410921,29,30,29,28
1680679511262330337,29,30,29,28
1680679511264253726,29,30,29,28
1680679511266194560,29,30,29,28
1680679511268119568,29,30,29,28
1680679511270044699,29,30,30,28
1680679511271958013,29,30,30,28
1680679511274313318,29,30,30,28
1680679511276163517,29,30,30,28
1680679511278043767,29,30,30,28
1680679511279924140,29,30,30,28
1680679511281820515,29,30,30,28
1680679511283811557,29,30,30,28
1680679511285714693,29,30,30,28
1680679511287640391,29,30,30,28
1680679511290187814,29,30,30,28
1680679511292913408,29,30,30,28
1680679511295142013,29,30,30,28
1680679511297187247,29,30,30,28
1680679511362650255,29,29,30,28
1680679511428433400,29,29,30,28
1680679511430825754,29,29,30,28
1680679511432741182,29,29,30,28
1680679511434652784,29,29,30,28
1680679511436573539,29,29,30,28
1680679511438508794,29,29,30,28
1680679511440153561,29,29,30,28
1680679511441828722,29,29,30,28
1680679511443664694,29,29,30,28
1680679511445313873,29,29,30,28
1680679511447032609,29,29,30,28
1680679511448728501,29,29,30,28
1680679511450475270,29,29,30,28
1680679511452168390,29,29,30,28
1680679511453862549,29,29,30,28
1680679511455553017,29,29,30,28
1680679511457308712,29,29,30,28
1680679511459000634,29,29,30,28
1680679511460690884,29,29,30,28
1680679511462384745,29,29,30,28
1680679511464124822,29,29,30,28
1680679511465831290,29,29,30,28
1680679511467611888,29,29,30,28
1680679511469330791,29,29,30,28
1680679511471023585,29,29,30,28
1680679511472692924,29,29,30,28
1680679511474364616,29,29,30,28
1680679511476043115,29,29,30,28
1680679511477717629,29,29,30,28
1680679511479494825,29,29,30,28
1680679511481296106,29,29,30,28
1680679511483005731,29,29,30,28
1680679511484730439,29,29,30,28
1680679511486447046,29,29,30,28
1680679511488193182,29,29,30,28
1680679511490026799,29,29,30,28
1680679511491750827,29,29,30,28
1680679511493480178,29,29,30,28
1680679511495165569,29,29,30,28
1680679511496860919,29,29,30,28
1680679511498550180,29,29,30,28
1680679511500239096,29,29,30,28
1680679511501937888,29,29,30,28
1680679511503656924,29,29,30,28
1680679511505349482,29,29,30,28
1680679511507057138,29,29,30,28
1680679511508743689,29,29,30,28
1680679511510464170,29,29,30,28
1680679511512162264,29,29,30,28
1680679511513855078,29,29,30,28
1680679511515550303,29,29,30,28
1680679511517239786,29,29,30,28
1680679511518925044,29,29,30,28
1680679511520624370,29,29,30,28
1680679511522316121,29,29,30,28
1680679511524090645,29,29,30,28
1680679511525790318,29,29,30,28
1680679511527512347,29,29,30,28
1680679511529262067,29,29,30,28
1680679511530946764,29,29,30,28
1680679511532644064,29,29,30,28
1680679511534442475,29,29,30,28
1680679511536137123,29,29,30,28
1680679511537842208,29,29,30,28
1680679511539537091,29,29,30,28
1680679511541230454,29,29,30,28
1680679511542918188,29,29,30,28
1680679511544678886,29,29,30,28
1680679511546378028,29,29,30,28
1680679511548099864,29,29,30,28
1680679511549948211,29,29,30,28
1680679511551642947,29,29,30,28
1680679511553335407,29,29,30,28
1680679511555030591,29,29,30,28
1680679511556709431,29,29,30,28
1680679511558387644,29,29,30,28
1680679511560068665,29,29,30,28
1680679511561748181,29,29,30,28
1680679511563437643,29,29,30,28
1680679511565115889,29,29,30,28
1680679511566824117,29,29,30,28
1680679511568535254,29,29,30,28
1680679511570363377,29,29,30,28
1680679511572075311,29,29,30,28
1680679511573802446,29,29,30,28
1680679511575524147,29,29,30,28
1680679511577241615,29,29,30,28
1680679511578925244,29,29,30,28
1680679511580623173,29,29,30,28
1680679511582319024,29,29,30,28
1680679511584021678,29,29,30,28
1680679511585718486,29,29,30,28
1680679511587421843,29,29,30,28
1680679511589145397,29,29,30,28
1680679511590862953,29,29,30,28
1680679511592560794,29,29,30,28
1680679511594260785,29,29,30,28
1680679511595983259,29,29,30,28
1680679511597679277,29,29,30,28
1680679511599460213,29,29,30,28
1680679511601150661,29,29,30,28
1680679511602839330,29,29,30,28
1680679511604575333,29,29,30,28
1680679511606275161,29,29,30,28
1680679511608044469,29,29,30,28
1680679511609816204,29,29,30,28
1680679511611507647,30,29,30,28
1680679511613198369,30,29,30,28
1680679511614890114,30,29,30,28
1680679511616583223,30,29,30,28
1680679511618289719,30,29,30,28
1680679511619978626,30,29,30,28
1680679511621669174,30,29,30,28
1680679511623396636,30,29,30,28
1680679511625184835,30,29,30,28
1680679511626885196,30,29,30,28
1680679511628621207,30,29,30,28
1680679511630407995,30,29,30,28
1680679511632112159,30,29,30,28
1680679511633805990,30,29,30,28
1680679511635496609,30,29,30,28
1680679511637184752,30,29,30,28
1680679511638875648,30,29,30,28
1680679511640544282,30,29,30,28
1680679511642237257,30,29,30,28
1680679511643922965,30,29,30,28
1680679511645599991,30,29,30,28
1680679511647292163,30,29,30,28
1680679511648964546,30,29,30,28
1680679511650714269,30,29,30,28
1680679511652434890,30,29,30,28
1680679511654164070,30,29,30,28
1680679511655880709,30,29,30,28
1680679511657605584,30,29,30,28
1680679511659315437,30,29,30,28
1680679511661040966,30,29,30,28
1680679511662731229,30,29,30,28
1680679511664446922,30,29,30,28
1680679511666148874,30,29,30,28
1680679511667877682,30,29,30,28
1680679511669626037,30,29,30,28
1680679511671316217,30,29,30,28
1680679511673005724,30,29,30,28
1680679511674701036,30,29,30,28
1680679511676398363,30,29,30,28
1680679511678096857,30,29,30,28
1680679511679810663,30,29,30,28
1680679511681509851,30,29,30,28
1680679511683202920,30,29,30,28
1680679511684945664,30,29,30,28
1680679511686636275,30,29,30,28
1680679511688383357,30,29,30,28
1680679511690169706,30,28,30,28
1680679511691866169,30,28,30,28
1680679511693557060,30,28,30,28
1680679511695251607,30,28,30,28
1680679511696940585,30,28,30,28
1680679511698634445,30,28,30,28
1680679511700330349,30,28,30,28
1680679511702030776,30,28,30,28
1680679511703756493,30,28,30,28
1680679511705447449,30,28,30,28
1680679511707136823,30,28,30,28
1680679511708831680,30,28,30,28
1680679511710637858,30,28,30,28
1680679511712329788,30,28,30,28
1680679511714034652,30,28,30,28
1680679511715724870,30,28,30,28
1680679511717418027,30,28,30,28
1680679511719109322,30,28,30,28
1680679511720798711,30,28,30,28
1680679511722487276,30,28,30,28
1680679511724231366,30,28,30,28
1680679511726011819,30,28,30,28
1680679511727732076,30,28,30,28
1680679511729446914,30,28,30,28
1680679511731173409,30,28,30,28
1680679511732875397,30,28,30,28
1680679511734623475,30,28,30,28
1680679511736324095,30,28,30,28
1680679511738060080,30,28,30,28
1680679511739747560,30,28,30,28
1680679511741451180,30,28,30,28
1680679511743138871,30,28,30,28
1680679511744854382,30,28,30,28
1680679511746542178,30,28,30,28
1680679511748280799,30,28,30,28
1680679511750105016,30,28,30,28
1680679511751802253,30,28,30,28
1680679511753493748,30,28,30,28
1680679511755183343,30,28,30,28
1680679511756877290,30,28,30,28
1680679511758570489,30,28,30,28
1680679511760264857,30,28,30,28
1680679511761973840,30,28,30,28
1680679511763692876,30,28,30,28
1680679511765395313,30,28,30,28
1680679511767086242,30,28,30,28
1680679511768806697,30,28,30,28
1680679511770593331,30,28,30,28
1680679511772293717,30,28,30,28
1680679511773991382,30,28,30,28
1680679511775681987,30,28,30,28
1680679511777376787,30,28,30,28
1680679511779068301,30,28,30,28
1680679511780836834,30,28,30,28
1680679511782529829,30,28,30,28
1680679511784242203,30,28,30,28
1680679511785940552,30,28,30,28
1680679511787640269,30,28,30,28
1680679511789395148,30,28,30,28
1680679511791144291,30,28,30,28
1680679511792899456,30,28,30,28
1680679511794582931,30,28,30,28
1680679511796272074,30,28,30,28
1680679511797973456,30,28,30,28
1680679511799803904,30,28,30,28
1680679511801497059,30,28,30,28
1680679511803189967,30,28,30,28
1680679511804906647,30,28,30,28
1680679511806597583,30,28,30,28
1680679511808317955,30,28,30,28
1680679511810068420,30,28,30,28
1680679511811767089,30,28,30,28
1680679511813459901,30,28,30,28
1680679511815157921,30,28,30,28
1680679511816834837,30,28,30,28
1680679511818504359,30,28,30,28
1680679511820180814,30,28,30,28
1680679511821860976,30,28,30,28
1680679511823546486,30,28,30,28
1680679511825216964,30,28,30,28
1680679511826941108,30,28,30,28
1680679511828682850,30,28,30,28
1680679511830552016,30,28,30,28
1680679511832273222,30,28,30,28
1680679511833992787,30,28,30,28
1680679511835707447,30,28,30,28
1680679511837429551,30,28,30,28
1680679511839123446,30,28,30,28
1680679511840813182,30,28,30,28
1680679511842509274,30,28,30,28
1680679511844214148,30,28,30,28
1680679511845910481,30,28,30,28
1680679511847637939,30,28,30,28
1680679511849333176,30,28,30,28
1680679511851054438,30,28,30,28
1680679511852727060,30,28,30,28
1680679511854417809,30,28,30,28
1680679511856110993,30,28,30,28
1680679511857813270,30,28,30,28
1680679511859503323,30,28,30,28
1680679511861192283,30,28,30,28
1680679511862882296,30,28,30,28
1680679511864607425,30,28,30,28
1680679511866314002,30,28,30,28
1680679511868042301,30,28,30,28
1680679511869768375,30,28,30,28
1680679511871484524,30,28,30,28
1680679511873181019,30,28,30,28
1680679511874871325,30,28,30,28
1680679511876565872,30,28,30,28
1680679511878275254,30,28,30,28
1680679511880111392,30,28,30,28
1680679511881814561,30,28,30,28
1680679511883511403,30,28,30,28
1680679511885227880,30,28,30,28
1680679511886918273,30,28,30,28
1680679511888670145,30,28,30,28
1680679511890416774,30,28,30,28
1680679511892106310,30,28,30,28
1680679511893808846,30,28,30,28
1680679511895501925,30,28,30,28
1680679511897193388,30,28,30,28
1680679511898883128,30,28,30,28
1680679511900632286,30,28,30,28
1680679511902307319,30,28,30,28
1680679511904035472,30,28,30,28
1680679511905706897,30,28,30,28
1680679511907379403,30,28,30,28
1680679511909071431,30,28,30,28
1680679511910844221,30,28,30,28
1680679511912663529,30,28,30,28
1680679511914388719,30,28,30,28
1680679511916105695,30,28,30,28
1680679511917830600,30,28,30,28
1680679511919548065,30,28,30,28
1680679511921268317,30,28,30,28
1680679511922952707,30,28,30,28
1680679511924670011,30,28,30,28
1680679511926461388,30,28,30,28
1680679511928193742,30,28,30,28
1680679511929936021,30,28,30,28
1680679511931709658,30,28,30,28
1680679511933405423,30,28,30,28
1680679511935098138,30,28,30,28
1680679511936789831,30,28,30,28
1680679511938474355,30,28,30,28
1680679511940170735,30,28,29,28
1680679511941884092,30,28,29,28
1680679511943579646,30,28,29,28
1680679511945319911,30,28,29,28
1680679511947014911,29,28,29,28
1680679511948727637,29,28,29,28
1680679511950440996,29,28,29,28
1680679511952154370,29,28,29,28
1680679511953857136,29,28,29,28
1680679511955563339,29,28,29,28
1680679511957254846,29,28,29,28
1680679511958952041,29,28,29,28
1680679511960642632,29,28,29,28
1680679511962338964,29,28,29,28
1680679511964027617,29,28,29,28
1680679511965721753,29,28,29,28
1680679511967413657,29,28,29,28
1680679511969200199,29,28,29,28
1680679511970966157,29,28,29,28
1680679511972657582,29,28,29,28
1680679511974357148,29,28,29,28
1680679511976055670,29,28,29,28
1680679511977754842,29,28,29,28
1680679511979449921,29,28,29,28
1680679511981150203,29,28,29,28
1680679511982837035,29,28,29,28
1680679511984570454,29,28,29,28
1680679511986262002,29,28,29,28
1680679511987975732,29,28,29,28
1680679511989656307,29,28,29,28
1680679511991414252,29,28,29,28
1680679511993087417,29,28,29,28
1680679511994782568,29,28,29,28
1680679511996471684,29,28,29,28
1680679511998171225,29,28,29,28
1680679511999864726,29,28,29,28
1680679512001558910,29,28,29,28
1680679512003258821,29,28,29,28
1680679512005011493,29,28,29,28
1680679512006817165,29,28,29,28
1680679512008547697,29,28,29,28
1680679512010375818,29,28,29,28
1680679512012231842,29,28,29,28
1680679512013964216,29,28,29,28
1680679512015655134,29,28,29,28
1680679512017329350,29,28,29,28
1680679512018997658,29,28,29,28
1680679512020776671,29,28,29,28
1680679512022444062,29,28,29,28
1680679512024116743,29,28,29,28
1680679512025826899,29,28,29,28
1680679512027528934,29,28,29,28
1680679512029334468,29,28,29,28
1680679512031140673,29,28,29,28
1680679512032843998,29,28,29,28
1680679512034535599,29,28,29,28
1680679512036228710,29,28,29,28
1680679512037935904,29,28,29,28
1680679512039621712,29,28,29,28
1680679512041314652,29,28,29,28
1680679512043017909,29,28,29,28
1680679512044895360,29,28,29,28
1680679512046585657,29,28,29,28
1680679512048318856,29,28,29,28
1680679512050094146,29,28,29,28
1680679512051809788,29,28,29,28
1680679512053499637,29,28,29,28
1680679512055199613,29,28,29,28
1680679512056894059,29,28,29,28
1680679512058586984,29,28,29,28
1680679512060285413,29,28,29,28
1680679512061985982,29,28,29,28
1680679512063679927,29,28,29,28
1680679512065390558,29,28,29,28
1680679512067075415,29,28,29,28
1680679512068804723,29,28,29,28
1680679512070520358,29,28,29,28
1680679512072268052,29,28,29,28
1680679512073970859,29,28,29,28
1680679512075667438,29,28,29,28
1680679512077446768,29,28,29,28
1680679512079132891,29,28,29,28
1680679512080847402,29,28,29,28
1680679512082535047,29,28,29,28
1680679512084230468,29,28,29,28
1680679512085931698,29,28,29,28
1680679512087629135,29,28,29,28
1680679512089346979,29,28,29,28
1680679512091113196,29,28,29,28
1680679512092810492,29,28,29,28
1680679512094501266,29,28,29,28
1680679512096200591,29,28,29,28
1680679512097897303,29,28,29,28
1680679512099601634,29,28,29,28
1680679512101299705,29,28,29,28
1680679512102993410,29,28,29,28
1680679512104794197,29,28,29,28
1680679512106491020,29,28,29,28
1680679512108213544,29,28,29,28
1680679512109909973,29,28,29,28
1680679512111743959,29,28,29,28
1680679512113438604,29,28,29,28
1680679512115117624,29,28,29,28
1680679512116809769,29,28,29,28
1680679512118495866,29,28,29,28
1680679512120182344,29,28,29,28
1680679512121873980,29,28,29,28
1680679512123560932,29,28,29,28
1680679512125271362,29,28,29,28
1680679512127018340,29,28,29,28
1680679512128727574,29,28,29,28
1680679512130464931,29,28,29,28
1680679512132179843,29,28,29,28
1680679512133876611,29,28,29,28
1680679512135567119,29,28,29,28
1680679512137263495,29,28,29,28
1680679512138955708,29,28,29,28
1680679512140631544,29,28,29,28
1680679512142310043,29,28,29,28
1680679512143976759,29,28,29,28
1680679512145703274,29,28,29,28
1680679512147378270,29,28,29,28
1680679512149077567,29,28,29,28
1680679512150816188,29,28,29,28
1680679512152564198,29,28,29,28
1680679512154298255,29,28,29,28
1680679512156019876,29,28,29,28
1680679512157737646,29,28,29,28
1680679512159455747,29,28,29,28
1680679512161159162,29,28,29,28
1680679512162852584,29,28,29,28
1680679512164681087,29,28,29,28
1680679512166381907,29,28,29,28
1680679512168083923,29,28,29,28
1680679512169789790,29,28,29,28
1680679512171515585,29,28,29,28
1680679512173282906,29,28,29,28
1680679512174982714,29,28,29,28
1680679512176677228,29,28,29,28
1680679512178370609,29,28,29,28
1680679512180061423,29,28,29,28
1680679512181749960,29,28,29,28
1680679512183440356,29,28,29,28
1680679512185182945,29,28,29,28
1680679512186877463,29,28,29,28
1680679512188663027,29,28,29,28
1680679512190438887,29,28,29,28
1680679512192151969,29,28,29,28
1680679512193852541,29,28,29,28
1680679512195547467,29,28,29,28
1680679512197239183,29,28,29,28
1680679512198930035,29,28,29,28
1680679512200631572,29,28,29,28
1680679512202328583,29,28,29,28
1680679512204028468,29,28,29,28
1680679512205747477,29,28,29,28
1680679512207450753,29,28,29,28
1680679512209211027,29,28,29,28
1680679512210932937,29,28,29,28
1680679512212632284,29,28,29,28
1680679512214327639,29,28,29,28
1680679512216021653,29,28,29,28
1680679512217719289,29,28,29,28
1680679512219410155,29,28,29,28
1680679512221107014,29,28,29,28
1680679512222785895,29,28,29,28
1680679512224461953,29,28,29,28
1680679512226140826,29,28,29,28
1680679512227812839,29,28,29,28
1680679512229501797,29,28,29,28
1680679512231290023,29,28,29,28
1680679512232965511,29,28,29,28
1680679512234685319,29,28,29,28
1680679512236400733,29,28,29,28
1680679512238136003,29,28,29,28
1680679512239854518,29,28,29,28
1680679512241563312,29,28,29,28
1680679512243277395,29,28,29,28
1680679512245009389,29,28,29,28
1680679512246703195,29,28,29,28
1680679512248401640,29,28,29,28
1680679512250142748,29,28,29,28
1680679512251912703,29,28,29,28
1680679512253608407,29,28,29,28
1680679512255304970,29,28,29,28
1680679512257001156,29,28,29,28
1680679512258690616,29,28,29,28
1680679512260398714,29,28,29,28
1680679512262202666,29,28,29,28
1680679512263904258,29,28,29,28
1680679512265616704,29,28,29,28
1680679512267301953,29,28,29,28
1680679512269022455,29,28,29,28
1680679512270776292,29,28,29,28
1680679512272499165,29,28,29,28
1680679512274301295,29,28,30,28
1680679512275996434,29,28,30,28
1680679512277691571,29,28,30,28
1680679512279387072,29,28,30,28
1680679512281100126,29,28,30,28
1680679512282801340,29,28,30,28
1680679512284491974,29,28,30,28
1680679512286283651,29,28,30,28
1680679512287990211,29,28,30,28
1680679512289732735,29,28,30,28
1680679512291505376,29,28,30,28
1680679512293193836,29,28,30,28
1680679512294888213,29,28,30,28
1680679512296584336,29,28,30,28
1680679512298294829,29,28,30,28
1680679512299997269,29,28,30,28
1680679512301788875,29,28,30,28
1680679512303482368,29,28,30,28
1680679512305196399,29,28,30,28
1680679512306890663,29,28,30,28
1680679512308584915,29,28,30,28
1680679512310267455,29,28,30,28
1680679512312026085,29,28,30,28
1680679512313703080,29,28,30,28
1680679512315374532,29,28,30,28
1680679512317052086,29,28,30,28
1680679512318746856,29,28,30,28
1680679512320448501,29,28,30,28
1680679512322153148,29,28,30,28
1680679512323850818,29,28,30,28
1680679512325730011,29,28,30,28
1680679512327426987,29,28,30,28
1680679512329176704,29,28,30,28
1680679512330930201,29,28,30,28
1680679512332697165,29,28,30,28
1680679512334417832,29,28,30,28
1680679512336133421,29,28,30,28
1680679512337857730,29,28,30,28
1680679512339579325,29,28,30,28
1680679512341272679,29,28,30,28
1680679512342960444,29,28,30,28
1680679512344654608,29,28,30,28
1680679512346375821,29,28,30,28
1680679512348065010,29,28,30,28
1680679512349781510,29,28,30,28
1680679512351541843,29,28,30,28
1680679512353296587,29,28,30,28
1680679512355005692,29,28,30,28
1680679512356697205,29,28,30,28
1680679512358405043,29,28,30,28
1680679512360115975,29,28,30,28
1680679512361876036,29,28,30,28
1680679512363572223,29,28,30,28
1680679512365290236,29,28,30,28
1680679512366997922,29,28,30,28
1680679512368707765,29,28,30,28
1680679512370402613,29,28,30,28
1680679512372157827,29,28,30,28
1680679512373867216,29,28,30,28
1680679512375650669,29,28,30,28
1680679512377344836,29,28,30,28
1680679512379032890,29,28,30,28
1680679512380727910,29,28,30,28
1680679512382419455,29,28,30,28
1680679512384115046,29,28,30,28
1680679512385838641,29,28,30,28
1680679512387534496,29,28,30,28
1680679512389258803,29,28,30,28
1680679512390960433,29,28,30,28
1680679512392688662,29,28,30,28
1680679512394371996,29,28,30,28
1680679512396050984,29,28,30,28
1680679512397727395,29,28,30,28
1680679512399408621,29,28,30,28
1680679512401099627,29,28,30,28
1680679512402803870,29,28,30,28
1680679512404503204,29,28,30,28
1680679512406255081,29,28,30,28
1680679512407952429,29,28,30,28
1680679512409710383,29,28,30,28
1680679512411423157,29,28,30,28
1680679512413182369,29,28,30,28
1680679512414873900,29,28,30,28
1680679512416567714,29,28,30,28
1680679512418280119,29,28,30,28
1680679512419980853,29,28,30,28
1680679512421688895,29,28,30,28
1680679512423372744,29,28,30,28
1680679512425070101,29,28,30,28
1680679512426777198,29,28,30,28
1680679512428474413,29,28,30,28
1680679512430263115,29,28,30,28
1680679512432098661,29,28,30,28
1680679512433804457,29,28,30,28
1680679512435501838,29,28,30,28
1680679512437193523,29,28,30,28
1680679512438887156,29,28,30,28
1680679512440591537,29,28,30,28
1680679512442383622,29,28,30,28
1680679512444080317,29,28,30,28
1680679512445916713,29,28,30,28
1680679512447607879,29,28,30,28
1680679512449347180,29,28,30,28
1680679512451105353,29,28,30,28
1680679512453117257,29,28,30,28
1680679512454964148,29,28,30,28
1680679512456650683,29,28,30,28
1680679512458356117,29,28,30,28
1680679512460248737,29,28,30,28
1680679512461953420,29,28,30,28
1680679512463654500,29,28,30,28
1680679512465398673,29,28,30,28
1680679512467267550,29,28,30,28
1680679512469060395,29,28,30,28
1680679512470780935,29,28,30,28
1680679512472573278,29,28,30,28
1680679512474551692,29,28,30,28
1680679512476264783,29,28,30,28
1680679512477967365,29,28,30,28
1680679512479648701,29,28,30,28
1680679512481470026,29,28,30,28
1680679512483313045,29,28,30,28
1680679512484991144,29,28,30,28
1680679512486743096,29,28,30,28
1680679512488432914,29,28,30,28
1680679512490186463,29,28,30,28
1680679512491962634,29,28,30,28
1680679512493654619,29,28,30,28
1680679512495349078,29,28,30,28
1680679512497045624,29,28,30,28
1680679512498742798,29,28,30,28
1680679512500444459,29,28,30,28
1680679512502157536,29,28,30,28
1680679512503855135,29,28,30,28
1680679512505564251,29,28,30,29
1680679512507263322,29,28,30,29
1680679512509055074,29,28,30,29
1680679512510734055,29,28,30,29
1680679512512461263,29,28,30,29
1680679512514148837,29,28,30,29
1680679512515826543,29,28,30,29
1680679512517529602,29,28,30,29
1680679512519224973,29,28,30,29
1680679512520913761,29,28,30,29
1680679512522605235,29,28,30,29
1680679512524315970,29,28,30,29
1680679512526016958,29,28,30,29
1680679512527796173,29,28,30,29
1680679512529510684,29,28,30,29
1680679512531297303,29,28,30,29
1680679512533235589,29,28,30,29
1680679512535112652,29,28,30,29
1680679512537015762,29,28,30,29
1680679512538900393,29,28,30,29
1680679512540814010,29,28,30,29
1680679512542759545,29,28,30,29
1680679512544690469,29,28,30,29
1680679512547925304,29,28,30,29
1680679512549887981,29,28,30,29
1680679512551827208,29,28,30,29
1680679512553792594,29,28,30,29
1680679512555726553,29,28,30,29
1680679512557683439,29,28,30,29
1680679512559644131,29,28,30,29
1680679512561541467,29,28,30,29
1680679512564050446,29,28,30,29
1680679512565992980,29,28,30,29
1680679512567856372,29,28,30,29
1680679512569759645,29,28,30,29
1680679512571698359,29,28,30,29
1680679512573634140,29,28,30,29
1680679512575548068,29,28,30,29
1680679512577465915,29,28,30,29
1680679512580207408,29,28,30,29
1680679512582150139,29,28,30,29
1680679512584065822,29,28,30,29
1680679512586104935,29,28,30,29
1680679512588032070,29,28,30,29
1680679512590005805,29,28,30,29
1680679512592102426,29,28,30,29
1680679512594003337,29,28,30,29
1680679512596440819,29,28,30,29
1680679512599153536,29,28,30,29
1680679512601359250,29,28,30,29
1680679512603415043,30,28,30,29
1680679512669201189,30,28,30,30
1680679512737321837,30,28,30,30
1680679512740730363,30,28,30,30
1680679512743985650,30,28,30,30
1680679512747385441,30,28,30,30
1680679512749203459,30,28,30,30
1680679512751064025,30,28,30,30
1680679512752937324,30,28,30,30
1680679512754751537,30,28,30,30
1680679512756493989,30,28,30,30
1680679512758174979,30,28,30,30
1680679512759856103,30,28,30,30
1680679512761533733,30,28,30,30
1680679512763212661,30,28,30,30
1680679512764883499,30,28,30,30
1680679512766681056,30,28,30,30
1680679512768393011,30,28,30,30
1680679512770227996,30,28,30,30
1680679512771941420,30,28,30,30
1680679512773844946,30,28,30,30
1680679512775537682,30,28,30,30
1680679512777228807,30,28,30,30
1680679512778908802,30,28,30,30
1680679512780584611,30,28,30,30
1680679512782333336,30,28,30,30
1680679512784008972,29,28,30,30
1680679512785686664,29,28,30,30
1680679512787405559,29,28,30,30
1680679512789082335,29,28,30,30
1680679512790812637,29,28,30,30
1680679512792543140,29,28,30,30
1680679512794395165,29,28,30,30
1680679512798812204,29,28,30,30
1680679512800994878,29,28,30,30
1680679512802790460,29,28,30,30
1680679512823880921,29,28,30,30
1680679512826445893,29,28,30,30
1680679512828344725,29,28,30,30
1680679512830905163,29,28,30,30
1680679512832833901,29,28,30,30
1680679512834655469,29,28,30,30
1680679512837123580,29,28,30,30
1680679512838956853,29,28,30,30
1680679512840810631,29,28,30,32
1680679512842834868,29,28,30,32
1680679512844609282,29,28,30,32
1680679512846673259,29,28,30,32
1680679512848542393,29,28,30,32
1680679512850610908,29,28,30,32
1680679512852713059,29,28,30,32
1680679512854569088,29,28,30,32
1680679512856430100,29,28,30,32
1680679512858670914,29,28,30,32
1680679512860694829,29,28,30,32
1680679512862794998,29,28,30,32
1680679512864841045,29,28,30,32
1680679512866643183,29,28,30,32
1680679512868526087,29,28,30,32
1680679512889642423,29,28,30,32
1680679512892190613,29,28,30,32
1680679512894422474,29,28,30,32
1680679512897399081,29,28,30,32
1680679512899476328,29,28,30,32
1680679512901179962,29,28,30,32
1680679512903294306,29,28,30,32
1680679512905213815,29,28,30,32
1680679512906938095,29,28,30,32
1680679512908650605,29,28,30,32
1680679512910518688,29,28,30,32
1680679512912512298,29,28,30,32
1680679512914281655,29,28,30,32
1680679512916018775,29,28,30,32
1680679512917720288,29,28,30,32
1680679512919495261,29,28,30,32
1680679512921220720,29,28,30,32
1680679512922932665,29,28,30,32
1680679512925366960,29,28,30,32
1680679512927192584,29,28,30,32
1680679512928952150,29,28,30,32
1680679512930766349,29,28,30,32
1680679512932538214,29,28,30,32
1680679512934291797,29,28,30,32
1680679512936038946,29,28,30,32
1680679512937787384,29,28,30,32
1680679512939530967,29,28,30,32
1680679512941280465,29,28,30,32
1680679512943023791,29,28,30,32
1680679512944728827,29,28,30,32
1680679512946478914,29,28,30,32
1680679512948225073,29,28,30,32
1680679512950027015,29,28,30,32
1680679512951791249,29,28,30,32
1680679512953646954,29,28,30,32
1680679512955388530,29,28,30,32
1680679512957130693,29,28,30,32
1680679512958864041,29,28,30,32
1680679512960628522,29,28,30,32
1680679512962386605,29,28,30,32
1680679512964152010,29,28,30,32
1680679512965905189,29,28,30,32
1680679512967613617,29,28,30,32
1680679512969525475,29,28,30,32
1680679512971730808,29,28,30,32
1680679512973564405,29,28,30,32
1680679512976008480,29,28,30,32
1680679512977706510,29,28,30,32
1680679512981227333,29,28,30,32
1680679512983510265,29,28,30,32
1680679512985732725,29,28,30,32
1680679512988002924,29,28,30,32
1680679512989715674,29,28,30,32
1680679512991499554,29,28,30,32
1680679512993248799,29,28,30,32
1680679512994954093,29,28,30,32
1680679512996657673,29,28,30,32
1680679512998364487,29,28,30,32
1680679513000064694,29,28,30,32
1680679513001808041,29,28,30,32
1680679513003508198,29,28,30,32
1680679513005208384,29,28,30,32
1680679513006934068,29,28,30,32
1680679513008685268,29,28,30,30
1680679513010414543,29,28,30,30
1680679513012120046,29,28,30,30
1680679513013881019,29,28,30,30
1680679513015583102,29,28,30,30
1680679513017291704,29,28,30,30
1680679513019002552,29,28,30,30
1680679513020720805,29,28,30,30
1680679513022428820,29,28,30,30
1680679513024123240,29,28,30,30
1680679513025829747,29,28,30,30
1680679513027584988,29,28,30,30
1680679513029300584,29,28,30,30
1680679513031043091,29,28,30,30
1680679513032776339,29,28,30,30
1680679513034488864,29,28,30,30
1680679513036196870,29,28,30,30
1680679513037912872,29,28,30,30
1680679513039618554,29,28,30,30
1680679513041323904,29,28,30,30
1680679513043037238,29,28,30,30
1680679513044729450,29,28,30,30
1680679513046425796,29,28,30,30
1680679513048167396,29,28,30,30
1680679513049876805,29,28,30,30
1680679513051602656,29,28,30,30
1680679513053375388,29,28,30,30
1680679513055086929,29,28,30,30
1680679513056796238,29,28,30,30
1680679513058511935,29,28,30,30
1680679513060212933,29,28,30,30
1680679513061920987,29,28,30,30
1680679513063625533,29,28,30,30
1680679513065336999,29,28,30,30
1680679513067113796,29,28,30,30
1680679513068829089,29,28,30,30
1680679513070564697,29,28,30,30
1680679513072269425,29,28,30,30
1680679513074049135,29,28,30,30
1680679513075766263,29,28,30,30
1680679513077478389,29,28,30,30
1680679513079189905,29,28,30,30
1680679513080899460,29,28,30,30
1680679513082608397,29,28,30,30
1680679513084319455,29,28,30,30
1680679513086037525,29,28,30,30
1680679513087797198,29,28,30,30
1680679513089504732,29,28,30,30
1680679513091271964,29,28,30,30
1680679513093121108,29,28,30,30
1680679513094831046,29,28,30,30
1680679513096531669,29,28,30,30
1680679513098249039,29,28,30,30
1680679513099957152,29,28,30,30
1680679513101660509,29,28,30,30
1680679513103377588,29,28,30,30
1680679513105093274,29,28,30,30
1680679513106798550,29,28,30,30
1680679513108502143,29,28,30,30
1680679513110205305,29,28,30,30
1680679513111928935,29,28,30,30
1680679513113751305,29,28,30,30
1680679513115474659,29,28,30,30
1680679513117176673,29,28,30,30
1680679513118883916,29,28,30,30
1680679513120599576,29,28,30,30
1680679513122311033,29,28,30,30
1680679513124015472,29,28,30,30
1680679513125729842,29,28,30,30
1680679513127577738,29,28,30,30
1680679513129286259,29,28,30,30
1680679513131024125,29,28,30,30
1680679513132919694,29,28,30,30
1680679513134627209,29,28,30,30
1680679513136335386,29,28,30,30
1680679513138035045,29,28,30,30
1680679513139756177,29,28,30,30
1680679513141467822,29,28,30,30
1680679513143176817,29,28,30,30
1680679513144887813,29,28,30,30
1680679513146625789,29,28,30,30
1680679513148346839,29,28,30,30
1680679513150060639,29,28,30,30
1680679513151792412,29,28,30,30
1680679513153592775,29,28,30,30
1680679513155295620,29,28,30,30
1680679513156998502,29,28,30,30
1680679513158719319,29,28,30,30
1680679513160424249,29,28,30,30
1680679513162140946,29,28,30,30
1680679513163847687,29,28,30,30
1680679513165557641,29,28,30,30
1680679513167276906,29,28,30,30
1680679513168987846,29,28,30,30
1680679513170726226,29,28,30,30
1680679513172435608,29,28,30,30
1680679513174219832,29,28,30,30
1680679513175951637,29,28,30,30
1680679513177651459,29,28,30,30
1680679513179357228,29,28,30,30
1680679513181064526,29,28,30,30
1680679513182780769,29,28,30,30
1680679513184489875,29,28,30,30
1680679513186198478,29,28,30,30
1680679513187928073,29,28,30,30
1680679513189631491,29,28,30,30
1680679513191418504,29,28,30,30
1680679513193196445,29,28,30,30
1680679513194913219,29,28,30,30
1680679513196618453,29,30,30,30
1680679513198334950,29,30,30,30
1680679513200032158,29,30,30,30
1680679513201743717,29,30,30,30
1680679513203451668,29,30,30,30
1680679513205157635,29,30,30,30
1680679513206873739,29,30,30,30
1680679513208638155,29,30,30,30
1680679513210352595,29,30,30,30
1680679513212132403,29,30,30,30
1680679513213899612,29,30,30,30
1680679513215604826,29,30,30,30
1680679513217309794,29,30,30,30
1680679513219015770,29,30,30,30
1680679513220725793,29,30,30,30
1680679513222436575,29,30,30,30
1680679513224144577,29,30,30,30
1680679513225866012,29,30,30,30
1680679513227614428,29,30,30,30
1680679513229318446,29,30,30,30
1680679513231072472,29,30,30,30
1680679513232791395,29,30,30,30
1680679513234578008,29,30,30,30
1680679513236288986,29,30,30,30
1680679513238005409,29,30,30,30
1680679513239715953,29,30,30,30
1680679513241425990,29,30,30,30
1680679513243138671,29,30,30,30
1680679513244845804,29,30,30,30
1680679513246554570,29,30,30,30
1680679513248295441,29,30,30,30
1680679513250011742,29,30,30,30
1680679513251779964,29,30,30,30
1680679513253534773,29,30,30,30
1680679513255243124,29,30,30,30
1680679513256945698,29,30,30,30
1680679513258650969,29,30,30,30
1680679513260356654,29,30,30,30
1680679513262066859,29,30,30,30
1680679513263766655,29,30,30,30
1680679513265477678,29,30,30,30
1680679513267192864,29,30,30,30
1680679513268906245,29,30,30,30
1680679513270614719,29,30,30,30
1680679513272329403,29,30,30,30
1680679513274112946,29,30,30,30
1680679513275839567,29,30,30,30
1680679513277544270,29,30,30,30
1680679513279249111,29,30,30,30
1680679513280963159,29,30,30,30
1680679513282664974,29,30,30,30
1680679513284362763,29,30,30,30
1680679513286080758,29,30,30,30
1680679513287875494,29,30,30,30
1680679513289584298,29,30,30,30
1680679513291329719,29,30,30,30
1680679513293040073,29,30,30,30
1680679513294804069,29,30,30,30
1680679513296505058,29,30,30,30
1680679513298220890,29,30,30,30
1680679513299921010,29,30,30,30
1680679513302594691,29,30,30,30
1680679513304862445,29,30,30,30
1680679513306565338,29,30,30,30
1680679513308322798,29,30,30,30
1680679513310030031,29,30,30,30
1680679513311749878,29,30,30,30
1680679513313501727,29,30,30,30
1680679513315206212,29,30,30,30
1680679513316907002,29,30,30,30
1680679513318622413,29,30,30,30
1680679513320325445,29,30,30,30
1680679513322037179,29,30,30,30
1680679513323750543,29,30,30,30
1680679513325456600,29,30,30,30
1680679513327124406,29,30,30,30
1680679513328780875,29,30,30,30
1680679513330481509,29,30,30,30
1680679513332304309,29,30,30,30
1680679513334197080,29,30,30,30
1680679513335894365,29,30,30,30
1680679513337595522,29,30,30,30
1680679513339301605,29,30,30,30
1680679513340999801,29,30,30,30
1680679513342706379,29,30,30,30
1680679513344406361,29,30,30,30
1680679513346123923,29,30,30,30
1680679513347898412,29,30,30,30
1680679513349598748,29,30,30,30
1680679513351332077,29,30,30,30
1680679513353036330,29,30,30,30
1680679513354817326,29,30,30,30
1680679513356510799,29,30,30,30
1680679513358221856,29,30,30,30
1680679513359927356,29,30,30,30
1680679513361631793,29,30,30,30
1680679513363331163,29,32,30,30
1680679513365032316,29,32,30,30
1680679513366735369,29,32,30,30
1680679513368458312,29,32,30,30
1680679513370172405,29,32,30,30
1680679513371924053,29,32,30,30
1680679513373684087,29,32,30,30
1680679513375390222,29,32,30,30
1680679513377090631,29,32,30,30
1680679513378793133,29,32,30,30
1680679513380500333,29,32,30,30
1680679513382217860,29,32,30,30
1680679513383917722,29,32,30,30
1680679513385616553,29,32,30,30
1680679513387320299,29,32,30,30
1680679513389071038,29,32,30,30
1680679513390773839,29,32,30,30
1680679513392526782,29,32,30,30
1680679513394343539,29,32,30,30
1680679513396046763,29,32,30,30
1680679513397744503,29,32,30,30
1680679513399451474,29,32,30,30
1680679513407786567,29,32,30,30
1680679513409828696,29,32,30,30
1680679513411761425,29,32,30,30
1680679513432436155,29,32,30,30
1680679513435092864,29,32,30,30
1680679513437023441,29,32,30,30
1680679513439529648,29,32,30,30
1680679513441538700,29,32,30,30
1680679513443436464,29,32,30,30
1680679513445974566,29,32,29,30
1680679513447952380,29,32,29,30
1680679513449872910,29,32,29,30
1680679513452086014,29,32,29,30
1680679513454236372,29,32,29,30
1680679513456355854,29,32,29,30
1680679513458451841,29,32,29,30
1680679513460579686,29,32,29,30
1680679513462414645,29,32,29,30
1680679513464364833,29,32,29,30
1680679513466726466,29,32,29,30
1680679513469013468,29,32,29,30
1680679513471076480,29,32,29,30
1680679513473197930,29,32,29,30
1680679513475739010,29,32,29,30
1680679513477852179,29,32,29,30
1680679513479867583,29,32,29,30
1680679513500571742,29,32,29,30
1680679513503235723,29,32,29,30
1680679513505645878,29,32,29,30
1680679513508801118,29,32,29,30
1680679513511139428,29,32,29,30
1680679513513013652,29,32,29,30
1680679513515123521,29,32,29,30
1680679513517132668,29,32,29,30
1680679513518871296,29,32,29,30
1680679513520572971,29,32,29,30
1680679513522467218,29,32,29,30
1680679513524305849,29,32,29,30
1680679513526015142,29,32,29,30
1680679513527714320,29,32,29,30
1680679513529404309,29,32,29,30
1680679513531092488,29,30,29,30
1680679513532843268,29,30,29,30
1680679513535194501,29,30,29,30
1680679513536891682,29,30,29,30
1680679513538583796,29,30,29,30
1680679513540273438,29,30,29,30
1680679513541983694,29,30,29,30
1680679513543761012,29,30,29,30
1680679513545462032,29,30,29,30
1680679513547151057,29,30,29,30
1680679513548871820,29,30,29,30
1680679513550583143,29,30,29,30
1680679513552294876,29,30,29,30
1680679513554133094,29,30,29,30
1680679513555825891,29,30,29,30
1680679513557514228,29,30,29,30
1680679513559199013,29,30,29,30
1680679513560896515,29,30,29,30
1680679513562595453,29,30,29,30
1680679513564296090,29,30,29,30
1680679513566018212,29,30,29,30
1680679513567727592,29,30,29,30
1680679513569418721,29,30,29,30
1680679513571290071,29,30,29,30
1680679513573465587,29,30,29,30
1680679513576724667,29,30,29,30
1680679513579196018,29,30,29,30
1680679513581473640,29,30,29,30
1680679513583906415,29,30,29,30
1680679513586287367,29,30,29,30
1680679513588050920,29,30,29,30
1680679513589815252,29,30,29,30
1680679513591689978,29,30,29,30
1680679513593454544,29,30,29,30
1680679513595234414,29,30,29,30
1680679513596899561,29,30,29,30
1680679513598551444,29,30,29,30
1680679513600249356,29,30,29,30
1680679513601907191,29,30,29,30
1680679513603564549,29,30,29,30
1680679513605210664,29,30,29,30
1680679513606905416,29,30,29,30
1680679513608695090,29,30,29,30
1680679513610401987,29,30,29,30
1680679513612115356,29,30,29,30
1680679513613853313,29,30,29,30
1680679513615559657,29,30,29,30
1680679513617242892,29,30,29,30
1680679513618927535,29,30,29,30
1680679513620621699,29,30,29,30
1680679513622318691,29,30,29,30
1680679513624018602,29,30,29,30
1680679513625713768,29,30,29,30
1680679513627408147,29,30,29,30
1680679513629147527,29,30,29,30
1680679513630830298,29,30,29,30
1680679513632541450,29,30,29,30
1680679513634285998,29,30,29,30
1680679513635980807,29,30,29,30
1680679513637663323,29,30,29,30
1680679513639350618,29,30,29,30
1680679513641031380,29,30,29,30
1680679513642715890,29,30,29,30
1680679513644411019,29,30,29,30
1680679513646132748,29,30,29,30
1680679513647829219,29,30,29,30
1680679513649523065,29,30,29,30
1680679513651220727,29,30,29,30
1680679513652934032,29,30,29,30
1680679513654678309,29,30,29,30
1680679513656374412,29,30,29,30
1680679513658073311,29,30,29,30
1680679513659768703,29,30,29,30
1680679513661467529,29,30,29,30
1680679513663157774,29,30,29,30
1680679513664851071,29,30,29,30
1680679513666549237,29,30,29,30
1680679513668264087,29,30,29,30
1680679513669953144,29,30,29,30
1680679513671637235,29,30,29,30
1680679513673332398,29,30,29,30
1680679513675155230,29,30,29,30
1680679513676842104,29,30,29,30
1680679513678538613,29,30,29,30
1680679513680235513,29,30,29,30
1680679513681943163,29,30,29,30
1680679513683668557,29,30,29,30
1680679513685362488,29,30,29,30
1680679513687055480,29,30,29,30
1680679513688842413,29,30,29,30
1680679513690529453,29,30,29,30
1680679513692244628,29,30,29,30
1680679513694000585,29,30,29,30
1680679513695741902,29,30,29,30
1680679513697425670,29,30,29,30
1680679513699113299,29,30,29,30
1680679513700858792,29,30,29,30
1680679513702553561,29,30,29,30
1680679513704237172,29,30,29,30
1680679513705947918,29,30,29,30
1680679513707655335,29,30,29,30
1680679513709366301,29,30,29,30
1680679513711062466,29,30,29,30
1680679513712805978,29,30,29,30
1680679513714633134,29,30,29,30
1680679513716330737,29,30,29,30
1680679513718044313,29,30,29,30
1680679513719743340,29,30,29,30
1680679513721435797,29,30,29,30
1680679513723128573,29,30,29,30
1680679513724813595,29,30,29,30
1680679513726503973,29,30,29,30
1680679513728189807,29,30,29,30
1680679513729905616,29,30,29,30
1680679513731600747,29,30,29,30
1680679513733350551,29,30,29,30
1680679513735159817,29,30,29,30
1680679513736852684,29,30,29,30
1680679513738629078,29,30,29,30
1680679513740318729,29,30,29,30
1680679513742014791,29,30,29,30
1680679513743703940,29,30,29,30
1680679513745388286,29,30,29,30
1680679513747070490,29,30,29,30
1680679513748870156,29,30,29,30
1680679513750558108,29,30,29,30
1680679513752270396,29,30,29,30
1680679513753971467,29,30,29,30
1680679513755708869,29,30,29,30
1680679513757397226,29,30,29,30
1680679513759082137,29,30,29,30
1680679513760726957,29,30,29,30
1680679513762417758,29,30,29,30
1680679513764113931,29,30,29,30
1680679513765825106,29,30,29,30
1680679513767532450,29,30,29,30
1680679513769248971,29,30,29,30
1680679513771015137,29,30,29,30
1680679513773052546,29,30,29,30
1680679513774799055,29,30,29,30
1680679513776470816,29,30,29,30
1680679513778143787,29,30,29,30
1680679513779984129,29,30,29,30
1680679513781694024,29,30,29,30
1680679513783406798,29,30,29,30
1680679513785113910,29,30,29,30
1680679513787024689,29,30,29,30
1680679513788730327,29,30,29,30
1680679513790446396,29,30,29,30
1680679513792174638,29,30,29,30
1680679513794108070,29,30,29,30
1680679513795853056,29,30,29,30
1680679513797543722,29,30,29,30
1680679513799232701,29,30,29,30
1680679513800944376,29,30,29,30
1680679513802792175,29,30,29,30
1680679513804485647,29,30,29,30
1680679513806176913,29,30,29,30
1680679513807858204,29,30,29,30
1680679513809611918,29,30,29,30
1680679513811308426,29,30,29,30
1680679513813058117,29,30,29,30
1680679513814831464,29,30,29,30
1680679513816527995,29,30,29,30
1680679513818241415,29,30,29,30
1680679513819930080,29,30,29,30
1680679513821618190,29,30,29,30
1680679513823300437,29,30,29,30
1680679513824973220,29,30,29,30
1680679513826654812,29,30,29,30
1680679513828336287,29,30,29,30
1680679513830096410,29,30,29,30
1680679513831764738,29,30,29,30
1680679513833489961,29,30,29,30
1680679513835325695,29,30,29,30
1680679513837012387,29,30,29,30
1680679513838692945,29,30,29,30
1680679513840379826,29,30,29,30
1680679513842085680,29,30,29,30
1680679513843772106,29,30,29,30
1680679513845449170,29,30,29,30
1680679513847143264,29,30,29,30
1680679513848896445,29,30,29,30
1680679513850580496,29,30,29,30
1680679513852314141,29,30,29,30
1680679513854315403,29,30,29,30
1680679513856215656,29,30,29,30
1680679513858145138,29,30,29,30
1680679513860080957,29,30,29,30
1680679513861997128,29,30,29,30
1680679513863906294,29,30,29,30
1680679513865846823,29,30,29,30
1680679513868607747,29,30,29,30
1680679513870529058,29,30,29,30
1680679513872416744,29,30,29,30
1680679513874312638,29,30,29,30
1680679513876222649,29,30,29,30
1680679513878146230,29,30,29,30
1680679513880061002,29,30,29,30
1680679513881987297,29,30,29,30
1680679513884625336,29,30,29,30
1680679513886519500,29,30,29,30
1680679513888447913,29,30,29,30
1680679513890348617,29,30,29,30
1680679513892255349,29,30,29,30
1680679513894168040,29,30,29,30
1680679513896099526,29,30,29,30
1680679513898033189,29,30,29,30
1680679513900511090,29,30,29,30
1680679513902402238,29,30,29,30
1680679513904285694,29,30,29,30
1680679513906172373,29,30,29,30
1680679513908074389,29,30,29,30
1680679513910021118,29,30,29,30
1680679513911938892,29,30,29,30
1680679513913875365,29,30,29,30
1680679513917679647,29,30,29,30
1680679513920809291,29,30,29,30
1680679513923367198,29,30,29,30
1680679513925620781,29,30,29,30
1680679513992954785,29,30,29,30
1680679514061334871,29,31,29,30
1680679514063906958,29,31,29,30
1680679514065839252,29,31,29,30
1680679514067744360,29,31,29,30
1680679514069668906,29,31,29,30
1680679514071581742,29,31,29,30
1680679514073273570,29,31,29,30
1680679514075022589,29,31,29,30
1680679514076686719,29,31,29,30
1680679514078336791,29,31,29,30
1680679514079980530,29,31,29,30
1680679514081621636,29,31,29,30
1680679514083306346,29,31,29,30
1680679514085017518,29,31,29,30
1680679514086700212,29,31,29,30
1680679514088389066,29,31,29,30
1680679514090241528,29,31,29,30
1680679514091933609,29,31,29,30
1680679514093676520,29,31,29,30
1680679514095419240,29,31,29,30
1680679514097131272,29,31,29,30
1680679514098845614,29,31,29,30
1680679514100562498,29,31,29,30
1680679514102299503,29,31,29,30
1680679514104024370,29,31,29,30
1680679514105719333,29,31,29,30
1680679514107409536,29,31,29,30
1680679514109105075,29,31,29,30
1680679514110851201,29,31,29,30
1680679514112553115,29,31,29,30
1680679514114284692,29,31,30,30
1680679514116083760,29,31,30,30
1680679514117790909,29,31,30,30
1680679514119486995,29,31,30,30
1680679514121172238,29,31,30,30
1680679514122853716,30,31,30,30
1680679514124540773,30,31,30,30
1680679514126242380,30,31,30,30
1680679514127931797,30,31,30,30
1680679514129630970,30,31,30,30
1680679514131316302,30,31,30,30
1680679514133017730,30,31,30,30
1680679514134703948,30,31,30,30
1680679514136431945,30,31,30,30
1680679514138108897,30,31,30,30
1680679514139774688,30,31,30,30
1680679514141449554,30,31,30,30
1680679514143121136,30,31,30,30
1680679514144787068,30,31,30,30
1680679514146471779,30,31,30,30
1680679514148156941,30,31,30,30
1680679514149865192,30,31,30,30
1680679514151566701,30,31,30,30
1680679514153277260,30,31,30,30
1680679514155042798,30,31,30,30
1680679514156794879,30,31,30,30
1680679514158507455,30,31,30,30
1680679514160232190,30,31,30,30
1680679514161957698,30,31,30,30
1680679514163663461,30,31,30,30
1680679514165376312,30,31,30,30
1680679514167084026,30,31,30,30
1680679514168729949,30,31,30,30
1680679514170459891,30,31,30,30
1680679514172134726,30,31,30,30
1680679514173840598,30,31,30,30
1680679514175589781,30,31,30,30
1680679514177270315,30,31,30,30
1680679514178960992,30,31,30,30
1680679514180660081,30,31,30,30
1680679514182356843,30,31,30,30
1680679514184059215,30,31,30,30
1680679514185754095,30,31,30,30
1680679514187446449,30,31,30,30
1680679514189153794,30,31,30,30
1680679514190876828,30,31,30,30
1680679514192581825,30,31,30,30
1680679514194322070,30,31,30,30
1680679514196077388,30,31,30,30
1680679514197822339,30,31,30,30
1680679514199539807,30,31,30,30
1680679514201229059,30,31,30,30
1680679514202908023,30,31,30,30
1680679514204592741,30,31,30,30
1680679514206298187,30,31,30,30
1680679514207991855,30,31,30,30
1680679514209742366,30,31,30,30
1680679514211431080,30,31,30,30
1680679514213130928,30,31,30,30
1680679514214822360,30,31,30,30
1680679514216551304,30,31,30,30
1680679514218260937,30,31,30,30
1680679514219959652,30,31,30,30
1680679514221742361,30,31,30,30
1680679514223442055,30,31,30,30
1680679514225134769,30,31,30,30
1680679514226831555,30,31,30,30
1680679514228526800,30,31,30,30
1680679514230227211,30,31,30,30
1680679514231927638,30,31,30,30
1680679514233742848,30,31,30,30
1680679514235467889,30,31,30,30
1680679514237148774,30,31,30,30
1680679514238838492,30,31,30,30
1680679514240610323,30,31,30,30
1680679514242322717,30,31,30,30
1680679514244025945,30,31,30,30
1680679514245722439,30,31,30,30
1680679514247966040,30,31,30,30
1680679514250152742,30,31,30,30
1680679514251935240,30,31,30,30
1680679514254068518,30,31,30,30
1680679514256133076,30,31,30,30
1680679514295246643,29,31,29,30
1680679514297199936,29,31,29,30
1680679514299020975,29,31,29,30
1680679514300829672,29,31,29,30
1680679514302642618,29,31,29,30
1680679514304447758,29,31,29,30
1680679514306230852,29,31,29,30
1680679514307906397,29,31,29,30
1680679514309584722,29,31,29,30
1680679514311315482,29,31,29,30
1680679514312993095,29,31,29,30
1680679514314700965,29,31,29,30
1680679514316531704,29,31,29,30
1680679514318243822,29,31,29,30
1680679514319930025,29,31,29,30
1680679514321629306,29,31,29,30
1680679514323318304,29,31,29,30
1680679514325088887,29,31,29,30
1680679514326766502,29,31,29,30
1680679514328440183,29,31,29,30
1680679514330165009,29,31,29,30
1680679514331832394,29,31,29,30
1680679514333507820,29,31,29,30
1680679514335352840,29,31,29,30
1680679514337135974,29,31,29,30
1680679514338829703,29,31,29,30
1680679514340519494,29,31,29,30
1680679514342213425,29,31,29,30
1680679514343915235,29,31,29,30
1680679514345598529,29,31,29,30
1680679514347291129,29,31,29,30
1680679514348968809,29,31,29,30
1680679514350704932,29,31,29,30
1680679514352390554,29,31,29,30
1680679514354093358,29,31,29,30
1680679514355806955,29,31,29,30
1680679514357553157,29,31,29,30
1680679514359239726,29,31,29,30
1680679514360926316,29,31,29,30
1680679514362610717,29,31,29,30
1680679514364310448,29,31,29,30
1680679514366003419,29,30,29,30
1680679514367699618,29,30,29,30
1680679514369384358,29,30,29,30
1680679514371098195,29,30,29,30
1680679514372785677,29,30,29,30
1680679514374498329,29,30,29,30
1680679514376224798,29,30,29,30
1680679514377940960,29,30,29,30
1680679514379633615,29,30,29,30
1680679514381325866,29,30,29,30
1680679514383013754,29,30,29,30
1680679514384699902,29,30,29,30
1680679514386408959,29,30,29,30
1680679514388091862,29,30,29,30
1680679514389792896,29,30,29,30
1680679514391539595,29,30,29,30
1680679514393217815,29,30,29,30
1680679514394923578,29,30,29,30
1680679514396672266,29,30,29,30
1680679514398369112,29,30,29,30
1680679514400050269,29,30,29,30
1680679514401733465,29,30,29,30
1680679514403421653,29,30,29,30
1680679514405112461,29,30,29,30
1680679514406804411,29,30,29,30
1680679514408489344,29,30,29,30
1680679514410194049,29,30,29,30
1680679514411891123,29,30,29,30
1680679514413579483,29,30,29,30
1680679514415269292,29,30,29,30
1680679514417024969,29,30,29,30
1680679514418710074,29,30,29,30
1680679514420386130,29,30,29,30
1680679514422070653,29,30,29,30
1680679514423739317,29,30,29,30
1680679514425404773,29,30,29,30
1680679514427077002,29,30,29,30
1680679514428726888,29,30,29,30
1680679514430467469,29,30,29,30
1680679514433372241,29,30,29,30
1680679514435110328,29,30,29,30
1680679514436902982,29,30,29,30
1680679514438616628,29,30,29,30
1680679514440324943,29,30,29,30
1680679514441989633,29,30,29,30
1680679514443632253,29,30,29,30
1680679514445263508,29,30,29,30
1680679514446900564,29,30,29,30
1680679514448533737,29,30,29,30
1680679514450327514,29,30,29,30
1680679514452010641,29,30,29,30
1680679514453693942,29,30,29,30
1680679514455454516,29,30,29,30
1680679514457194736,29,30,29,30
1680679514458881628,29,30,29,30
1680679514460573202,29,30,29,30
1680679514462273500,29,30,29,30
1680679514463960186,29,30,29,30
1680679514465642074,29,30,29,30
1680679514467324095,29,30,29,30
1680679514469008996,29,30,29,30
1680679514470707106,29,30,29,30
1680679514472397593,29,30,29,30
1680679514474131008,29,30,29,30
1680679514475854221,29,30,29,30
1680679514477545455,29,30,29,30
1680679514479230507,29,30,29,30
1680679514480923747,29,30,29,30
1680679514482612158,29,30,29,30
1680679514484303295,29,30,29,30
1680679514486020331,29,30,29,30
1680679514487709901,29,30,29,30
1680679514489399229,29,30,29,30
1680679514491140114,29,30,29,30
1680679514492824802,29,30,29,30
1680679514494526160,29,30,29,30
1680679514496278713,29,30,29,30
1680679514497993448,29,30,29,30
1680679514499680436,29,30,29,30
1680679514501365375,29,30,29,30
1680679514503046867,29,30,29,30
1680679514504728087,29,30,29,30
1680679514506476478,29,30,29,30
1680679514508165098,29,30,29,30
1680679514509863560,29,30,29,30
1680679514511553285,29,30,29,30
1680679514513239514,29,30,29,30
1680679514514971547,29,30,29,30
1680679514516728928,29,30,29,30
1680679514518420502,29,30,29,30
1680679514520106707,29,30,29,30
1680679514521810445,29,30,29,30
1680679514523501604,29,30,29,30
1680679514525280346,29,30,29,30
1680679514526972980,29,30,29,30
1680679514528666163,29,30,29,30
1680679514530384384,29,30,29,30
1680679514532073905,29,30,29,30
1680679514533764823,29,30,29,30
1680679514535466869,29,30,29,30
1680679514537224225,29,30,29,30
1680679514538915511,29,30,29,30
1680679514540601894,29,30,29,30
1680679514542312911,29,30,29,30
1680679514544086327,29,30,29,30
1680679514545780368,29,30,29,30
1680679514547463319,29,30,29,30
1680679514549146421,29,30,29,30
1680679514550858558,29,30,29,30
1680679514552548116,29,30,29,30
1680679514554323684,29,30,29,30
1680679514556044975,29,30,29,30
1680679514557738397,29,30,29,30
1680679514559426466,29,30,29,30
1680679514561118108,29,30,29,30
1680679514562805511,29,30,29,30
1680679514564505239,29,30,29,30
1680679514566191951,29,30,29,30
1680679514567873173,29,30,29,30
1680679514569562945,29,30,29,30
1680679514571307245,29,30,29,30
1680679514572995116,29,30,29,30
1680679514574690838,29,30,29,30
1680679514576404754,29,30,29,30
1680679514578402769,29,30,29,30
1680679514580077475,29,30,29,30
1680679514581748647,29,30,29,30
1680679514583413826,29,30,29,30
1680679514585090256,29,30,29,30
1680679514586804749,29,30,29,30
1680679514588513575,29,30,29,30
1680679514590244520,29,30,29,30
1680679514591965838,29,30,29,30
1680679514593671712,29,30,29,30
1680679514595394633,29,30,29,30
1680679514597194414,29,30,29,30
1680679514598870431,29,30,29,30
1680679514600553852,29,30,29,30
1680679514602251955,29,30,29,30
1680679514603929515,29,30,29,30
1680679514605624081,29,30,29,30
1680679514607353217,29,30,29,30
1680679514609062746,29,30,29,30
1680679514610769576,29,30,29,30
1680679514612468928,29,30,29,30
1680679514614199920,29,30,29,30
1680679514615974343,29,30,29,30
1680679514617771646,29,30,30,30
1680679514619465776,29,30,30,30
1680679514621148931,29,30,30,30
1680679514622832158,29,30,30,30
1680679514624519432,29,30,30,30
1680679514626230435,29,30,30,30
1680679514627922627,29,30,30,30
1680679514629608955,29,30,30,30
1680679514631320634,29,30,30,30
1680679514633007786,29,30,30,30
1680679514634714557,29,30,30,30
1680679514636522858,29,30,30,30
1680679514638219797,29,30,30,30
1680679514639910723,29,30,30,30
1680679514641611033,29,30,30,30
1680679514643299078,29,30,30,30
1680679514644996401,29,30,30,30
1680679514646680485,29,30,30,30
1680679514648369813,29,30,30,30
1680679514650070243,29,30,30,30
1680679514651792650,29,30,30,30
1680679514653573666,29,30,30,30
1680679514655303986,29,30,30,30
1680679514657128975,29,30,30,30
1680679514658814249,29,30,30,30
1680679514660498412,29,30,30,30
1680679514662255093,29,30,30,30
1680679514663919700,29,30,30,30
1680679514665632032,29,30,30,30
1680679514667304218,29,30,30,30
1680679514669011874,29,30,30,30
1680679514670724442,29,30,30,30
1680679514672427050,29,30,30,30
1680679514674147804,29,30,30,30
1680679514675998187,29,30,30,30
1680679514677766222,29,30,30,30
1680679514679470484,29,30,30,30
1680679514681156673,29,30,30,30
1680679514682836073,29,30,30,30
1680679514684537284,29,30,30,30
1680679514686255052,29,30,30,30
1680679514687952886,29,30,30,30
1680679514689639737,29,30,30,30
1680679514691406960,29,30,30,30
1680679514693099320,29,30,30,30
1680679514694807771,29,30,30,30
1680679514696608643,29,30,30,30
1680679514698325954,29,30,30,30
1680679514700020963,29,30,30,30
1680679514701712630,29,30,30,30
1680679514703415119,29,30,30,30
1680679514705117253,29,30,30,30
1680679514706813086,29,30,30,30
1680679514708494609,29,30,30,30
1680679514710181641,29,30,30,30
1680679514711928234,29,30,30,30
1680679514713618537,29,30,30,30
1680679514715372371,29,30,30,30
1680679514717133625,29,30,30,30
1680679514718822180,29,30,30,30
1680679514720515622,29,30,30,30
1680679514722220374,29,30,30,30
1680679514723906679,29,30,30,30
1680679514725589136,29,30,30,30
1680679514727284710,29,30,30,30
1680679514728975493,29,30,30,30
1680679514730725572,29,30,30,30
1680679514732415139,29,30,30,30
1680679514734122913,29,30,30,30
1680679514735813744,29,30,30,30
1680679514737578572,29,30,30,30
1680679514739269706,29,30,30,30
1680679514740954246,29,30,30,30
1680679514742643109,29,30,30,30
1680679514744335193,29,30,30,30
1680679514746037127,29,30,30,30
1680679514747730857,29,30,30,30
1680679514749416322,29,30,30,30
1680679514751112697,29,30,30,30
1680679514752787016,29,30,30,30
1680679514754540638,29,30,30,30
1680679514756215495,29,30,30,30
1680679514757943020,29,30,30,30
1680679514759616507,29,30,30,30
1680679514761289057,29,30,30,30
1680679514762969150,29,30,30,30
1680679514764652724,29,30,30,30
1680679514766355259,29,30,30,30
1680679514768164870,29,30,30,30
1680679514769863016,29,30,30,30
1680679514771639164,29,30,30,30
1680679514773357748,29,30,30,30
1680679514775102970,29,30,30,30
1680679514776947651,29,30,30,30
1680679514778660809,29,30,30,30
1680679514780378602,29,30,30,30
1680679514782098457,29,30,30,30
1680679514783795144,29,30,30,30
1680679514785488864,29,30,30,30
1680679514787169286,29,30,30,30
1680679514788851031,29,30,30,30
1680679514790538900,29,30,30,30
1680679514792271292,29,30,30,30
1680679514793965749,29,30,30,30
1680679514795701505,29,30,30,30
1680679514797446794,29,30,30,30
1680679514799134939,29,30,30,30
1680679514800825791,29,30,30,30
1680679514802536714,29,30,30,30
1680679514804310515,29,30,30,30
1680679514806021950,29,30,30,30
1680679514807716696,29,30,30,30
1680679514809403729,29,30,30,30
1680679514811116912,29,30,30,30
1680679514812813931,29,30,30,30
1680679514814503806,29,30,30,30
1680679514816281559,29,30,30,30
1680679514818018062,29,30,30,30
1680679514819769452,29,30,30,30
1680679514821457100,29,30,30,30
1680679514823151193,29,30,30,30
1680679514824849760,29,30,30,30
1680679514826542311,29,30,30,30
1680679514828232822,29,30,30,30
1680679514829932812,29,30,30,30
1680679514831846113,29,30,30,30
1680679514833532268,29,30,30,30
1680679514835232778,29,30,30,30
1680679514836960170,29,30,30,30
1680679514838615114,29,30,30,30
1680679514840276664,29,30,30,30
1680679514841938650,29,30,30,30
1680679514843590071,29,30,30,30
1680679514845246985,29,30,30,30
1680679514846931796,29,30,30,30
1680679514848633390,29,30,30,30
1680679514850325388,29,30,30,30
1680679514852072844,29,30,30,30
1680679514853895871,29,30,30,30
1680679514855613115,29,30,30,30
1680679514857361747,29,30,30,30
1680679514859067500,29,30,30,30
1680679514860793046,29,30,30,30
1680679514862504184,29,30,30,30
1680679514864219169,29,30,30,30
1680679514865955205,29,30,30,30
1680679514867656752,29,30,30,30
1680679514869806741,29,30,30,30
1680679514871880823,29,30,30,30
1680679514873569503,29,30,30,30
1680679514875457173,29,30,30,30
1680679514877338708,29,30,30,30
1680679514910901916,29,30,30,30
1680679514912692130,29,30,30,30
1680679514914524582,29,30,30,30
1680679514916324654,29,30,30,30
1680679514918223376,29,30,30,30
1680679514920022846,29,30,30,30
1680679514921831286,29,30,30,30
1680679514923544568,29,30,30,30
1680679514925213719,29,30,30,30
1680679514926887038,29,30,30,30
1680679514928560301,29,30,30,30
1680679514930236403,29,30,30,30
1680679514931952942,29,30,30,30
1680679514933635524,29,30,30,30
1680679514935342362,29,30,30,30
1680679514937137712,29,30,30,30
1680679514938826476,29,30,30,30
1680679514940512475,29,30,30,30
1680679514942206130,29,30,30,30
1680679514943895550,29,30,30,30
1680679514945587112,29,30,30,30
1680679514947281960,29,30,30,30
1680679514948974620,29,30,30,30
1680679514950664323,29,30,29,30
1680679514952374148,29,30,29,30
1680679514954197307,29,30,29,30
1680679514955939017,29,30,29,30
1680679514957766096,29,30,29,30
1680679514959461416,29,30,29,30
1680679514961144570,29,30,29,30
1680679514962825215,29,30,29,30
1680679514964509833,29,30,29,30
1680679514966203678,29,30,29,30
1680679514967885310,29,30,29,30
1680679514969566487,29,30,29,30
1680679514971308706,29,30,29,30
1680679514972993355,29,30,29,30
1680679514974675382,29,30,29,30
1680679514976347094,29,30,29,30
1680679514978098008,29,30,29,30
1680679514979765878,29,30,29,30
1680679514981431960,29,30,29,30
1680679514983092699,29,30,29,30
1680679514984728336,29,30,29,30
1680679514986491893,29,30,29,30
1680679514988176297,29,30,29,30
1680679514989879561,29,30,29,30
1680679514991590492,29,30,29,30
1680679514993440035,29,30,29,30
1680679514995134904,29,30,29,30
1680679514996851349,29,30,29,30
1680679514998552312,29,30,29,30
1680679515000243725,29,30,29,30
1680679515001946836,29,30,29,30
1680679515003640372,29,30,29,30
1680679515005406892,29,30,29,30
1680679515007104146,29,30,29,30
1680679515008823146,29,30,29,30
1680679515010563462,29,30,29,30
1680679515012350890,29,30,29,30
1680679515014067710,29,30,29,30
1680679515015922974,29,30,29,30
1680679515017672667,29,30,29,30
1680679515019366839,29,30,29,30
1680679515021051778,29,30,29,30
1680679515022734090,29,30,29,30
1680679515024426667,29,30,29,30
1680679515026125937,29,30,29,30
1680679515027832172,29,30,29,30
1680679515029524666,29,30,29,30
1680679515031308609,29,30,29,30
1680679515033006362,29,30,29,30
1680679515034696680,29,30,29,30
1680679515036411947,29,30,29,30
1680679515038160099,29,30,29,30
1680679515039836833,29,30,29,30
1680679515041519349,29,30,29,30
1680679515043196567,29,30,29,30
1680679515044877689,29,30,29,30
1680679515046561112,29,30,29,30
1680679515048244034,29,30,29,30
1680679515049938977,29,30,29,30
1680679515051645769,29,30,29,30
1680679515053333700,29,30,29,30
1680679515055028043,29,30,29,30
1680679515056727922,29,30,29,30
1680679515058438593,29,30,29,30
1680679515060128616,29,30,29,30
1680679515061839841,29,30,29,30
1680679515063531884,29,30,29,30
1680679515065208175,29,30,29,30
1680679515066891572,29,30,29,30
1680679515068572921,29,30,29,30
1680679515070289389,29,30,29,30
1680679515072053946,29,30,29,30
1680679515073736302,29,30,29,30
1680679515075448520,29,30,29,30
1680679515077165977,29,30,29,30
1680679515078866379,29,30,29,30
1680679515080555210,29,30,29,30
1680679515082251909,29,30,29,30
1680679515083941053,29,30,29,30
1680679515085710826,29,30,29,30
1680679515087821199,29,30,29,30
1680679515089707217,29,30,29,30
1680679515091460029,29,30,29,30
1680679515093141188,29,30,29,30
1680679515094979842,29,30,29,30
1680679515096671187,29,30,29,30
1680679515098452888,29,30,29,30
1680679515100137091,29,30,29,30
1680679515101988643,29,30,29,30
1680679515103746437,29,30,29,30
1680679515105445628,29,30,29,30
1680679515107134113,29,30,29,30
1680679515109011599,29,30,29,30
1680679515110775310,29,30,29,30
1680679515112496790,29,30,29,30
1680679515114190592,29,30,29,30
1680679515115966502,29,30,29,30
1680679515117867548,29,30,29,30
1680679515119566697,29,30,29,30
1680679515121252333,29,30,29,30
1680679515122942053,29,30,29,30
1680679515124628935,29,30,29,30
1680679515126325409,30,30,29,30
1680679515128011069,30,30,29,30
1680679515129699697,30,30,29,30
1680679515131452758,30,30,29,30
1680679515133228626,30,30,29,30
1680679515134925035,30,30,29,30
1680679515136642091,30,30,29,30
1680679515138434800,30,30,29,30
1680679515140123016,30,30,29,30
1680679515141833188,30,30,29,30
1680679515143532697,30,30,29,30
1680679515145214390,30,30,29,30
1680679515146899032,30,30,29,30
1680679515148583127,30,30,29,30
1680679515150349952,30,30,29,30
1680679515152058683,30,30,29,30
1680679515153752686,30,30,29,30
1680679515155455345,30,30,29,30
1680679515157167306,30,30,29,30
1680679515158904094,30,30,29,30
1680679515160591451,30,30,29,30
1680679515162282859,30,30,29,30
1680679515163968674,30,30,29,30
1680679515165659048,30,30,29,30
1680679515167434004,30,30,29,30
1680679515169314627,30,30,29,30
1680679515171164833,30,30,29,30
1680679515173085115,30,30,29,30
1680679515174983101,30,30,29,30
1680679515176918524,30,30,29,30
1680679515178851579,30,30,29,30
1680679515180708316,30,30,29,30
1680679515182691545,30,30,29,30
1680679515184605212,30,30,29,30
1680679515186472948,30,30,29,30
1680679515188348433,30,30,29,30
1680679515190243561,30,30,29,30
1680679515192144828,30,30,29,30
1680679515194036700,30,30,29,30
1680679515195941770,30,30,29,30
1680679515199548480,30,30,29,30
1680679515201385360,30,30,29,30
1680679515203253316,30,29,29,30
1680679515205174914,30,29,29,30
1680679515207107981,30,29,29,30
1680679515209032301,30,29,29,30
1680679515210985466,30,29,29,30
1680679515212940065,30,29,29,30
1680679515215669166,30,29,29,30
1680679515217717163,30,29,29,30
1680679515219634724,30,29,29,30
1680679515221535434,30,29,29,30
1680679515223419297,30,29,29,30
1680679515225323750,30,29,29,30
1680679515227213685,30,29,29,30
1680679515229090274,30,29,29,30
1680679515231877505,30,29,29,30
1680679515234517811,30,29,29,30
1680679515236792687,30,29,29,30
1680679515238868421,30,29,29,30
1680679515305121232,29,29,29,30
1680679515371746740,29,30,29,30
1680679515374150268,29,30,29,30
1680679515376071785,29,30,29,30
1680679515378001808,29,30,29,30
1680679515379913870,29,30,29,30
1680679515381836466,29,30,29,30
1680679515383472468,29,30,29,30
1680679515385109332,29,30,29,30
1680679515386743231,29,30,29,30
1680679515388370880,29,30,29,30
1680679515390014717,29,30,29,30
1680679515391646220,29,30,29,30
1680679515393316069,29,30,29,30
1680679515395003393,29,30,29,30
1680679515396725881,29,30,29,30
1680679515398468638,29,30,29,30
1680679515400156390,29,30,29,30
1680679515401849707,29,30,29,30
1680679515403536910,29,30,29,30
1680679515405219236,29,30,29,30
1680679515406896983,29,30,29,30
1680679515408638543,29,30,29,30
1680679515410329963,29,30,29,30
1680679515412026397,29,30,29,30
1680679515413715848,29,30,29,30
1680679515415406764,29,30,29,30
1680679515417118805,29,30,29,30
1680679515418829494,29,30,29,30
1680679515420518542,29,30,29,30
1680679515422213544,29,30,29,30
1680679515423914084,29,30,29,30
1680679515425598438,29,30,29,30
1680679515427282472,29,30,29,30
1680679515428969481,29,30,29,30
1680679515430648350,29,30,29,30
1680679515432446299,29,30,29,30
1680679515434150945,29,30,29,30
1680679515435843403,29,30,29,30
1680679515437533568,29,30,29,30
1680679515439261017,29,30,29,30
1680679515440947953,29,30,29,30
1680679515442632372,29,30,29,30
1680679515444319706,29,30,29,30
1680679515446022762,29,30,29,30
1680679515447713399,29,30,29,30
1680679515449408629,29,30,29,30
1680679515451093827,29,30,29,30
1680679515452816883,29,30,30,30
1680679515454505463,29,30,30,30
1680679515456212880,29,30,30,30
1680679515457928214,29,30,30,30
1680679515459639799,29,30,30,30
1680679515461396054,29,30,30,30
1680679515463077902,29,30,30,30
1680679515464730468,29,30,30,30
1680679515466424438,29,30,30,30
1680679515468107938,29,30,30,30
1680679515469811880,29,30,30,30
1680679515471490209,29,30,30,30
1680679515473198305,29,30,30,30
1680679515474880317,29,30,30,30
1680679515476571772,29,30,30,30
1680679515478355915,29,30,30,30
1680679515480022773,29,30,30,30
1680679515481711363,29,30,30,30
1680679515483374995,29,30,30,30
1680679515485041196,29,30,30,30
1680679515486735553,29,30,30,30
1680679515488420857,29,30,30,30
1680679515490135461,29,30,30,30
1680679515491822220,29,30,30,30
1680679515493559801,29,30,30,30
1680679515495242940,29,30,30,30
1680679515496977486,29,30,30,30
1680679515498757013,29,30,30,30
1680679515500464665,29,30,30,30
1680679515502193671,29,30,30,30
1680679515503906264,29,30,30,30
1680679515505614497,29,30,30,30
1680679515507322704,29,30,30,30
1680679515508972848,29,30,30,30
1680679515510623754,29,30,30,30
1680679515512277880,29,30,30,30
1680679515513960808,29,30,30,30
1680679515515603209,29,30,30,30
1680679515517308880,29,30,30,30
1680679515519031897,29,30,30,30
1680679515520730293,29,30,30,30
1680679515522430434,29,30,30,30
1680679515524122174,29,30,30,30
1680679515525825742,29,30,30,30
1680679515527522098,29,30,30,30
1680679515529214045,29,30,30,30
1680679515530913464,29,30,30,30
1680679515532659859,29,30,30,30
1680679515534366634,29,30,30,30
1680679515536079013,29,30,30,30
1680679515537800831,29,29,30,30
1680679515539577189,29,29,30,30
1680679515541344420,29,29,30,30
1680679515543029481,29,29,30,30
1680679515544721682,29,29,30,30
1680679515546416859,29,29,30,30
1680679515548103265,29,29,30,30
1680679515549810839,29,29,30,30
1680679515551503079,29,29,30,30
1680679515553245292,29,29,30,30
1680679515555007322,29,29,30,30
1680679515556793333,29,29,30,30
1680679515558501879,29,29,30,30
1680679515560194350,29,29,30,30
1680679515561886064,29,29,30,30
1680679515563572480,29,29,30,30
1680679515565264334,29,29,30,30
1680679515566948037,29,29,30,30
1680679515568643110,29,29,30,30
1680679515570347382,29,29,30,30
1680679515572033482,29,29,30,30
1680679515573854050,29,29,30,30
1680679515575542663,29,29,30,30
1680679515577246567,29,29,30,30
1680679515579038198,29,29,30,30
1680679515580723679,29,29,30,30
1680679515582419598,29,29,30,30
1680679515584104738,29,29,30,30
1680679515585810395,29,29,30,30
1680679515587535384,29,29,30,30
1680679515589220430,29,29,30,30
1680679515590907318,29,29,30,30
1680679515592695958,29,29,30,30
1680679515594394363,29,29,30,30
1680679515596058287,29,29,30,30
1680679515597720046,29,29,30,30
1680679515599473883,29,29,30,30
1680679515601138228,29,29,30,30
1680679515602851777,29,29,30,30
1680679515604560227,29,29,30,30
1680679515606287307,29,29,30,30
1680679515608001835,29,29,30,30
1680679515609710690,29,29,30,30
1680679515611421421,29,29,30,30
1680679515613147729,29,29,30,30
1680679515614848632,29,29,30,30
1680679515616597109,29,29,30,30
1680679515618343915,29,29,30,30
1680679515620081431,29,29,29,30
1680679515621821800,29,29,29,30
1680679515623523777,29,29,29,30
1680679515625218466,29,29,29,30
1680679515626897364,29,29,29,30
1680679515628582902,29,29,29,30
1680679515630296604,29,29,29,30
1680679515631989358,29,29,29,30
1680679515633702299,29,29,29,30
1680679515635398872,29,29,29,30
1680679515637148759,29,29,29,30
1680679515638952610,29,29,29,30
1680679515640725069,29,29,29,30
1680679515642431443,29,29,29,30
1680679515644115838,29,29,29,30
1680679515645814563,29,29,29,30
1680679515647508117,29,29,29,30
1680679515649289071,29,29,29,30
1680679515650967760,29,29,29,30
1680679515652723012,29,29,29,30
1680679515654406703,29,29,29,30
1680679515656186566,29,29,29,30
1680679515657906437,29,29,29,30
1680679515659609647,29,29,29,30
1680679515661294090,29,29,29,30
1680679515662977659,29,29,29,30
1680679515664662661,29,29,29,30
1680679515666356715,29,29,29,30
1680679515668055964,29,29,29,30
1680679515669744477,29,29,29,30
1680679515671439685,29,29,29,30
1680679515673157322,29,29,29,30
1680679515674840799,29,29,29,30
1680679515676620716,29,29,29,30
1680679515678408353,29,29,29,30
1680679515680097039,29,29,29,30
1680679515681770568,29,29,29,30
1680679515683444711,29,29,29,30
1680679515685108567,29,29,29,30
1680679515686787246,29,29,29,30
1680679515688471312,29,29,29,30
1680679515690158547,29,29,29,30
1680679515691864238,29,29,29,30
1680679515693604929,29,29,29,30
1680679515695286703,29,29,29,30
1680679515697106033,29,29,29,30
1680679515698829623,29,29,29,30
1680679515700538091,29,29,29,30
1680679515702271781,29,29,29,30
1680679515703982252,29,29,29,30
1680679515705694815,29,29,29,30
1680679515707389236,29,29,29,30
1680679515709082447,29,29,29,30
1680679515710774495,29,29,29,30
1680679515712463693,29,29,29,30
1680679515714161749,29,29,29,30
1680679515715840687,29,29,29,30
1680679515717574171,29,29,29,30
1680679515719315677,29,29,29,30
1680679515720996286,29,29,29,30
1680679515722678516,29,29,29,30
1680679515724375914,29,29,29,30
1680679515726092477,29,29,29,30
1680679515727775774,29,29,29,30
1680679515729466442,29,29,29,30
1680679515731149404,29,29,29,30
1680679515732861026,29,29,29,30
1680679515734540236,29,29,29,30
1680679515736228864,29,29,29,30
1680679515737989597,29,29,29,30
1680679515739712131,29,29,29,30
1680679515741399915,29,29,29,30
1680679515743080777,29,29,29,30
1680679515744728917,29,29,29,30
1680679515746431620,29,29,29,30
1680679515748120428,29,29,29,30
1680679515749815699,29,29,29,30
1680679515751501107,29,29,29,30
1680679515753229436,29,29,29,30
1680679515754914623,29,29,29,30
1680679515756721984,29,29,29,30
1680679515758461307,29,29,29,30
1680679515760236158,29,29,29,30
1680679515761927067,29,29,29,30
1680679515763612380,29,29,29,30
1680679515765294138,29,29,29,30
1680679515766979054,29,29,29,30
1680679515768667840,29,29,29,30
1680679515770356642,29,29,29,30
1680679515772046580,29,29,29,30
1680679515773810736,29,29,29,30
1680679515775505293,29,29,29,30
1680679515777206805,29,29,29,30
1680679515778913368,29,29,29,30
1680679515780588913,29,29,29,30
1680679515782266556,29,29,29,30
1680679515783935450,29,29,29,30
1680679515785608190,29,29,29,30
1680679515787275458,29,29,29,30
1680679515788942676,29,29,29,30
1680679515790645287,29,29,29,30
1680679515792366235,29,29,29,30
1680679515794124243,29,29,29,30
1680679515795834208,29,29,29,30
1680679515797605307,29,29,29,30
1680679515799392896,29,29,29,30
1680679515801076136,29,29,29,30
1680679515802757269,29,29,29,30
1680679515804445109,29,29,29,30
1680679515806140877,29,29,29,30
1680679515807826295,29,29,29,30
1680679515809510042,29,29,29,30
1680679515811226777,29,29,29,30
1680679515812937719,29,29,29,30
1680679515814647865,29,29,29,30
1680679515816352223,29,29,29,30
1680679515818101501,29,29,29,30
1680679515819817360,29,29,29,30
1680679515821510621,29,29,29,30
1680679515823205839,29,29,29,30
1680679515824890813,29,29,29,30
1680679515826570566,29,29,29,30
1680679515828255907,29,29,29,30
1680679515829975846,29,29,29,30
1680679515831702807,29,29,29,30
1680679515833449478,29,29,29,30
1680679515835186623,29,29,29,30
1680679515836951949,29,29,29,30
1680679515838707732,29,29,29,30
1680679515840462956,29,29,29,30
1680679515842186962,29,29,29,30
1680679515843874500,29,29,29,30
1680679515845556994,29,29,29,30
1680679515847240240,29,29,29,30
1680679515848925079,29,29,29,30
1680679515850611570,29,29,29,30
1680679515852311322,29,29,29,30
1680679515854025427,29,29,29,30
1680679515855721054,29,29,29,30
1680679515857503172,29,29,29,30
1680679515859271195,29,29,29,30
1680679515860944800,29,29,29,30
1680679515862625894,29,29,29,30
1680679515864315823,29,29,29,30
1680679515866016836,29,29,29,30
1680679515867774397,29,29,29,30
1680679515869456062,29,29,29,30
1680679515871139182,29,29,29,30
1680679515872857302,29,29,29,30
1680679515874565420,29,29,29,30
1680679515876279548,29,29,29,30
1680679515878034585,29,29,29,30
1680679515879797057,29,29,29,30
1680679515881584830,29,29,29,30
1680679515883286504,29,29,29,30
1680679515884976660,29,29,29,30
1680679515886663212,29,29,29,30
1680679515888373541,29,29,29,30
1680679515890071520,29,29,29,30
1680679515891756639,29,29,29,30
1680679515893477252,29,29,29,30
1680679515895162423,29,29,29,30
1680679515896853022,29,29,29,30
1680679515898541645,29,29,29,30
1680679515900287878,29,29,29,30
1680679515901994587,29,29,29,30
1680679515903687695,29,29,29,30
1680679515905372935,29,29,29,30
1680679515907056886,29,29,29,30
1680679515908728112,29,29,29,30
1680679515910418092,29,29,29,30
1680679515912098125,29,29,29,30
1680679515914100083,29,29,29,30
1680679515915830604,29,29,29,30
1680679515917542445,29,29,29,30
1680679515919250389,29,29,29,30
1680679515920935028,29,29,29,30
1680679515922635994,29,29,29,30
1680679515924330214,29,29,29,30
1680679515926012207,29,29,29,30
1680679515927683926,29,29,29,30
1680679515929354910,29,29,29,30
1680679515931022422,29,29,29,30
1680679515932699394,29,29,29,30
1680679515934418501,29,29,29,30
1680679515936126018,29,29,29,30
1680679515937868163,29,29,29,30
1680679515939641155,29,29,29,30
1680679515941332066,29,29,29,30
1680679515943024973,29,29,29,30
1680679515944724622,29,29,29,30
1680679515946413262,29,29,29,30
1680679515948096485,29,29,29,30
1680679515949791039,29,29,29,30
1680679515951478825,29,29,29,30
1680679515953168189,29,29,29,30
1680679515954848107,29,29,30,30
1680679515956518027,29,29,30,30
1680679515958255981,29,29,30,30
1680679515959976435,29,29,30,30
1680679515961646641,29,29,30,30
1680679515963316727,29,29,30,30
1680679515964986957,29,29,30,30
1680679515966686520,29,29,30,30
1680679515968396188,29,29,30,30
1680679515970108139,29,29,30,30
1680679515971814320,29,29,30,30
1680679515973528487,29,29,30,30
1680679515975238408,29,29,30,30
1680679515976942575,29,29,30,30
1680679515978627926,29,29,30,30
1680679515980347092,29,29,30,30
1680679515982043572,29,29,30,30
1680679515983734593,29,29,30,30
1680679515985420256,29,29,30,30
1680679515987104094,29,29,30,30
1680679515988794719,29,29,30,30
1680679515990482012,29,29,30,30
1680679515992165521,29,29,30,30
1680679515994137039,29,29,30,30
1680679515995828958,29,29,30,30
1680679515997555918,29,29,30,30
1680679515999277996,29,29,30,30
1680679516001025124,29,29,30,30
1680679516002710017,29,29,30,30
1680679516004392235,29,29,30,30
1680679516006103131,29,29,30,30
1680679516007793392,29,29,30,30
1680679516009488109,29,29,30,30
1680679516011171283,29,29,30,30
1680679516012857906,29,29,30,30
1680679516014590219,29,29,30,30
1680679516016280533,29,29,30,30
1680679516018070787,29,29,30,30
1680679516019854228,29,29,30,29
1680679516021535635,29,29,30,29
1680679516023216176,29,29,30,29
1680679516024898286,29,29,30,29
1680679516026576514,29,29,30,29
1680679516028256018,29,29,30,29
1680679516029955698,29,29,30,29
1680679516031642623,29,29,30,29
1680679516033335653,29,29,30,29
1680679516035019496,29,29,30,29
1680679516036710187,29,29,30,29
1680679516038456533,29,29,30,29
1680679516040228514,29,29,30,29
1680679516041921647,29,29,30,29
1680679516043604092,29,29,30,29
1680679516045297932,29,29,30,29
1680679516046986739,29,29,30,29
1680679516048679424,29,29,30,29
1680679516050376457,29,29,30,29
1680679516052071303,29,29,30,29
1680679516053757136,29,29,30,29
1680679516055442934,29,29,30,29
1680679516057128811,29,29,30,29
1680679516058841896,29,29,30,29
1680679516060537180,29,29,30,29
1680679516062315258,29,29,30,29
1680679516063977458,29,29,30,29
1680679516065636002,29,29,30,29
1680679516067306745,29,29,30,29
1680679516068977148,29,29,30,29
1680679516070665978,29,29,30,29
1680679516072354195,29,29,30,29
1680679516074091782,29,29,30,29
1680679516075798850,29,29,30,29
1680679516077610802,29,29,30,29
1680679516079307476,29,29,30,29
1680679516081070989,29,29,30,29
1680679516082789124,29,29,30,29
1680679516084496581,29,29,30,29
1680679516086268714,29,29,30,29
1680679516088090045,29,29,30,29
1680679516089816913,29,29,30,29
1680679516091515247,29,29,30,29
1680679516093200231,29,29,30,29
1680679516094934335,29,29,30,29
1680679516096624227,29,29,30,29
1680679516098351795,29,29,30,29
1680679516100203781,29,29,30,29
1680679516101901256,29,29,30,29
1680679516103587050,29,29,30,29
1680679516105271998,29,29,30,29
1680679516106954549,29,29,30,29
1680679516108644448,29,29,30,29
1680679516110342169,29,29,30,29
1680679516112034754,29,29,30,29
1680679516113736082,29,29,30,29
1680679516115419362,29,29,30,29
1680679516117101534,29,29,30,29
1680679516118853416,29,29,30,29
1680679516120592467,29,29,30,29
1680679516122286213,29,29,29,29
1680679516123977557,29,29,29,29
1680679516125661451,29,29,29,29
1680679516127345958,29,29,29,29
1680679516129022363,30,29,29,29
1680679516130709409,30,29,29,29
1680679516132390840,30,29,29,29
1680679516134211472,30,29,29,29
1680679516135897140,30,29,29,29
1680679516137589293,30,29,29,29
1680679516139304578,30,29,29,29
1680679516141018867,30,29,29,29
1680679516142719232,30,29,29,29
1680679516144406249,30,29,29,29
1680679516146113476,30,29,29,29
1680679516147797249,30,29,29,29
1680679516149479095,30,29,29,29
1680679516151165248,30,29,29,29
1680679516152870117,30,29,29,29
1680679516154614897,30,29,29,29
1680679516156330420,30,29,29,29
1680679516158153506,30,29,29,29
1680679516159916232,30,29,29,29
1680679516161636505,30,29,29,29
1680679516163341923,30,29,29,29
1680679516165025183,30,29,29,29
1680679516166703987,30,29,29,29
1680679516168384604,30,29,29,29
1680679516170086955,30,29,29,29
1680679516171774577,30,29,29,29
1680679516173457126,30,29,29,29
1680679516175166541,30,29,29,29
1680679516176854527,30,29,29,29
1680679516178566269,30,29,29,29
1680679516180299283,30,29,29,29
1680679516181991531,30,29,29,29
1680679516183686807,30,29,29,29
1680679516185374104,30,29,29,29
1680679516187058376,30,29,29,30
1680679516188729139,30,29,29,30
1680679516190404553,30,29,29,30
1680679516192084621,30,29,29,30
1680679516193772061,30,29,29,30
1680679516195463891,30,29,29,30
1680679516197144217,30,29,29,30
1680679516198888306,30,29,29,30
1680679516200698357,30,29,29,30
1680679516202406535,30,29,29,30
1680679516204092459,30,29,29,30
1680679516205793559,30,29,29,30
1680679516207482482,30,30,29,30
1680679516209172231,30,30,29,30
1680679516210862792,30,30,29,30
1680679516212548313,30,30,29,30
1680679516214286744,30,30,29,30
1680679516215975373,30,30,29,30
1680679516217725004,30,30,29,30
1680679516219444710,30,30,29,30
1680679516221159410,30,30,29,30
1680679516222850838,30,30,29,30
1680679516224542363,30,30,29,30
1680679516226242737,30,30,29,30
1680679516227934139,30,30,29,30
1680679516229620031,30,30,29,30
1680679516231305858,30,30,29,30
1680679516232997718,30,30,29,30
1680679516234791135,30,30,29,30
1680679516236458836,30,30,29,30
1680679516238182575,30,30,29,30
1680679516239913610,30,30,29,30
1680679516241673744,30,30,29,30
1680679516243335034,30,30,29,30
1680679516244995714,30,30,29,30
1680679516246678275,30,30,29,30
1680679516248363277,30,30,29,30
1680679516250062719,30,30,29,30
1680679516251752922,30,30,29,30
1680679516253511651,30,30,29,30
1680679516255260007,30,30,29,30
1680679516257018080,30,30,29,30
1680679516258782574,30,30,29,30
1680679516260548123,30,30,29,30
1680679516262279679,30,30,29,30
1680679516263982728,30,30,29,30
1680679516265697640,30,30,29,30
1680679516267384669,30,30,29,30
1680679516269067544,30,30,29,30
1680679516270924861,30,30,29,30
1680679516272605755,30,30,29,30
1680679516274330534,30,30,29,30
1680679516276019500,30,30,29,30
1680679516277829529,30,30,29,30
1680679516279542198,30,30,29,30
1680679516281288607,30,30,29,30
1680679516282981083,30,30,29,30
1680679516284729828,30,30,29,30
1680679516286437028,30,30,29,30
1680679516288126748,30,30,29,30
1680679516289832901,30,30,30,30
1680679516291534651,30,30,30,30
1680679516293322982,30,30,30,30
1680679516295060053,30,30,30,30
1680679516296744854,29,30,30,30
1680679516298487213,29,30,30,30
1680679516300252839,29,30,30,30
1680679516301935283,29,30,30,30
1680679516303619432,29,30,30,30
1680679516305310684,29,30,30,30
1680679516306989352,29,30,30,30
1680679516308672612,29,30,30,30
1680679516310369838,29,30,30,30
1680679516312061268,29,30,30,30
1680679516313747359,29,30,30,30
1680679516315437030,29,30,30,30
1680679516317121182,29,30,30,30
1680679516318877142,29,30,30,30
1680679516320604174,29,30,30,30
1680679516322282532,29,30,30,30
1680679516323948079,29,30,30,30
1680679516325620036,29,30,30,30
1680679516327290647,29,30,30,30
1680679516328961865,29,30,30,30
1680679516330655545,29,30,30,30
1680679516332339019,29,30,30,30
1680679516334065984,29,30,30,30
1680679516335755539,29,30,30,30
1680679516337439376,29,30,30,30
1680679516339208718,29,30,30,30
1680679516340981658,29,30,30,30
1680679516342689841,29,30,30,30
1680679516344391237,29,30,30,30
1680679516346115307,29,30,30,30
1680679516347826065,29,30,30,30
1680679516349529973,29,30,30,30
1680679516351231329,29,30,30,30
1680679516352914743,29,30,30,30
1680679516354602754,29,30,30,30
1680679516356305205,29,30,30,30
1680679516358033265,29,30,30,30
1680679516359777360,29,30,30,30
1680679516361490559,29,30,30,30
1680679516363179402,29,30,30,30
1680679516364858967,29,30,30,30
1680679516366537364,29,30,30,30
1680679516368232355,29,30,30,30
1680679516369950249,29,30,30,30
1680679516371642694,29,30,30,30
1680679516373333885,29,30,30,30
1680679516375079711,29,29,30,30
1680679516376728212,29,29,30,30
1680679516378433934,29,29,30,30
1680679516380241482,29,29,30,30
1680679516381958216,29,29,30,30
1680679516383648997,29,29,30,30
1680679516385327380,29,29,30,30
1680679516387015568,29,29,30,30
1680679516388704869,29,29,30,30
1680679516390406132,29,29,30,30
1680679516392095072,29,29,30,30
1680679516393784660,29,29,30,30
1680679516395667582,29,29,30,30
1680679516397400429,29,29,30,30
1680679516399201696,29,29,30,30
1680679516400979275,29,29,30,30
1680679516402662995,29,29,30,30
1680679516404465589,29,29,30,30
1680679516406169009,29,29,30,30
1680679516407856103,29,29,30,30
1680679516409549675,29,29,30,30
1680679516411359391,29,29,30,30
1680679516413083922,29,29,30,30
1680679516414894735,29,29,30,30
1680679516416603390,29,29,30,30
1680679516418596594,29,29,30,30
1680679516420367130,29,29,30,30
1680679516422145783,29,29,30,30
1680679516423846706,29,29,30,30
1680679516425538132,29,29,30,30
1680679516427220380,29,29,30,30
1680679516428909963,29,29,30,30
1680679516430597405,29,29,30,30
1680679516432292622,29,29,30,30
1680679516433996924,29,29,30,30
1680679516435727999,29,29,30,30
1680679516437422462,29,29,30,30
1680679516439164229,29,29,30,30
1680679516440930572,29,29,30,30
1680679516442616210,29,29,30,30
1680679516444308944,29,29,30,30
1680679516446008084,29,29,30,30
1680679516447697467,29,29,30,30
1680679516449380877,29,29,30,30
1680679516451061625,29,29,30,30
1680679516452730716,29,29,30,30
1680679516454450965,29,29,30,30
1680679516456143453,29,29,30,30
1680679516457855942,29,29,29,30
1680679516459600053,29,29,29,30
1680679516461365485,29,29,29,30
1680679516463050935,29,29,29,30
1680679516464730300,29,29,29,30
1680679516466417907,29,29,29,30
1680679516468098652,29,29,29,30
1680679516469792226,29,29,29,30
1680679516471479817,29,29,29,30
1680679516473168657,29,29,29,30
1680679516474939809,29,29,29,30
1680679516476729076,29,29,29,30
1680679516478618738,29,29,29,30
1680679516480529929,29,29,29,30
1680679516482377581,29,29,29,30
1680679516484240759,29,29,29,30
1680679516486145980,29,29,29,30
1680679516488039623,29,29,29,30
1680679516489934242,29,29,29,30
1680679516491795935,29,29,29,30
1680679516493679632,29,29,29,30
1680679516495630682,29,29,29,30
1680679516497502835,29,29,29,30
1680679516499370058,29,29,29,30
1680679516501293511,29,29,29,30
1680679516503120804,29,29,29,30
1680679516505005588,29,29,29,30
1680679516507531574,29,29,29,30
1680679516509410339,29,29,29,30
1680679516511314431,29,29,29,30
1680679516513219674,29,29,29,30
1680679516515092885,29,29,29,30
1680679516516993654,29,29,29,30
1680679516518924308,29,29,29,30
1680679516520982669,29,29,29,30
1680679516523471348,29,29,29,30
1680679516525356826,29,29,29,30
1680679516527259029,29,29,29,30
1680679516529133806,29,29,29,30
1680679516531014027,29,29,29,30
1680679516532893919,29,29,29,30
1680679516534834762,29,29,29,30
1680679516536722535,29,29,29,30
1680679516539172826,29,29,29,30
1680679516541863288,29,29,29,30
1680679516544049704,29,29,29,30
1680679516546195706,29,29,29,30
1680679516612313234,29,29,29,30
1680679516679275813,29,29,29,30
1680679516681707413,29,29,29,30
1680679516683610693,29,29,29,30
1680679516685523307,29,29,29,30
1680679516687442227,29,29,29,30
1680679516689349130,29,29,29,30
1680679516690996017,29,29,29,30
1680679516692633135,29,29,29,30
1680679516694274223,29,29,29,30
1680679516695930095,29,29,29,30
1680679516697564095,29,29,29,30
1680679516699236963,29,29,29,30
1680679516700921792,29,29,29,30
1680679516702626944,29,29,29,30
1680679516704311380,29,29,29,30
1680679516706023957,29,29,29,30
1680679516707717902,29,29,29,30
1680679516709413595,29,30,29,30
1680679516711103862,29,30,29,30
1680679516712776393,29,30,29,30
1680679516714789472,29,30,29,30
1680679516716705469,29,30,29,30
1680679516718654008,29,30,29,30
1680679516720578967,29,30,29,30
1680679516722499434,29,30,29,30
1680679516724269445,29,30,29,30
1680679516726062403,29,30,29,30
1680679516727834220,29,30,29,30
1680679516729603713,29,30,29,30
1680679516731365520,29,30,29,30
1680679516733086695,29,30,29,30
1680679516734760750,29,30,29,30
1680679516736424455,29,30,29,30
1680679516738119938,29,30,29,30
1680679516739849661,29,30,29,30
1680679516741665477,29,30,29,30
1680679516743360869,29,30,29,30
1680679516745042417,29,30,29,30
1680679516746726708,29,30,29,30
1680679516748412243,29,30,29,30
1680679516750112297,29,30,29,30
1680679516751796900,29,30,29,30
1680679516753483684,29,30,29,30
1680679516755218004,29,30,29,30
1680679516756909227,29,30,29,30
1680679516758596605,29,30,29,30
1680679516760396950,29,30,29,30
1680679516762211248,29,30,29,30
1680679516763896721,29,30,29,30
1680679516765593015,29,30,29,30
1680679516767272780,29,30,29,30
1680679516768949589,29,30,29,30
1680679516770638988,29,30,29,30
1680679516772327886,29,30,29,30
1680679516774010163,29,30,29,30
1680679516775704647,29,30,29,30
1680679516777385648,29,30,29,30
1680679516779134019,29,30,29,30
1680679516780854836,29,30,29,30
1680679516782596624,29,30,29,30
1680679516784283818,29,30,29,30
1680679516785978609,29,30,29,30
1680679516787668898,29,30,29,30
1680679516789359195,29,30,29,30
1680679516791048209,29,30,30,30
1680679516792742899,29,30,30,30
1680679516794513892,29,30,30,30
1680679516796217020,29,30,30,30
1680679516797904975,29,30,30,30
1680679516799600450,29,30,30,30
1680679516801310523,29,30,30,30
1680679516803046796,29,30,30,30
1680679516804727201,29,30,30,30
1680679516806421029,29,30,30,30
1680679516808108739,29,30,30,30
1680679516809810827,29,30,30,30
1680679516811523856,29,30,30,30
1680679516813208955,29,30,30,30
1680679516814893957,29,30,30,30
1680679516816583442,29,30,30,30
1680679516818308213,29,30,30,30
1680679516820056092,29,30,30,30
1680679516821787018,29,30,30,30
1680679516823454342,29,30,30,30
1680679516825117435,29,30,30,30
1680679516826808956,29,30,30,30
1680679516828493665,29,30,30,30
1680679516830184983,29,30,30,30
1680679516831866347,29,30,30,30
1680679516833547204,29,30,30,30
1680679516835323828,29,30,30,30
1680679516837042047,29,30,30,30
1680679516838746306,29,30,30,30
1680679516840511365,29,30,30,30
1680679516842303586,29,30,30,30
1680679516844004352,29,30,30,30
1680679516845710628,29,30,30,30
1680679516847410313,29,30,30,30
1680679516849090720,29,30,30,30
1680679516850773595,29,30,30,30
1680679516852457649,29,30,30,30
1680679516854154861,29,30,30,30
1680679516855873296,29,30,30,30
1680679516857564255,29,30,30,30
1680679516859265926,29,30,30,30
1680679516860987538,29,30,30,30
1680679516862708854,29,30,30,30
1680679516864395959,29,30,30,30
1680679516866093700,29,30,30,30
1680679516867859299,29,30,30,30
1680679516869556259,29,30,30,30
1680679516871242347,29,30,30,30
1680679516872931405,29,30,30,30
1680679516874617108,29,30,30,30
1680679516876334268,29,30,30,30
1680679516878020841,29,30,30,30
1680679516879727770,29,30,30,30
1680679516881442669,29,30,30,30
1680679516883184643,29,30,30,30
1680679516884870397,29,30,30,30
1680679516886563843,29,30,30,30
1680679516888334721,29,30,30,30
1680679516890112754,29,30,30,30
1680679516891799957,29,30,30,30
1680679516893484945,29,30,30,30
1680679516895165000,29,30,30,30
1680679516896876342,29,30,30,30
1680679516898557305,29,30,30,30
1680679516900270281,29,30,30,30
1680679516901992190,29,30,30,30
1680679516903683507,29,30,30,30
1680679516905356609,29,30,30,30
1680679516907039992,29,30,30,30
1680679516908724809,29,30,30,30
1680679516910408426,29,30,30,30
1680679516912093593,29,30,30,30
1680679516913794436,29,30,30,30
1680679516915509339,29,30,30,30
1680679516917198105,29,30,30,30
1680679516918881662,29,30,30,30
1680679516920637111,29,30,30,30
1680679516922412088,29,30,30,30
1680679516924109450,29,30,30,30
1680679516925813392,29,30,30,30
1680679516927502626,29,30,30,30
1680679516929185798,29,30,30,30
1680679516930870891,29,30,30,30
1680679516932556111,29,30,30,30
1680679516934273409,29,30,30,30
1680679516936007086,29,30,30,30
1680679516937694563,29,30,30,30
1680679516939384931,29,30,30,30
1680679516941082034,29,30,30,30
1680679516942798159,29,30,30,30
1680679516944540224,29,30,30,30
1680679516946289891,29,30,30,30
1680679516947994230,29,30,30,30
1680679516949707809,29,30,30,30
1680679516951410776,29,30,30,30
1680679516953150447,29,30,30,30
1680679516954909789,29,30,30,30
1680679516956636875,29,30,30,30
1680679516958467256,29,30,29,30
1680679516960266713,29,30,29,30
1680679516962022082,29,30,29,30
1680679516963705974,29,30,29,30
1680679516965416988,29,30,29,30
1680679516985172678,29,30,29,30
1680679516986948751,29,30,29,30
1680679516988725664,29,30,29,30
1680679516990498267,29,30,29,30
1680679516992261187,29,30,29,30
1680679516994173259,29,30,29,30
1680679516995936629,29,30,29,30
1680679516997766871,29,30,29,30
1680679516999540008,29,30,29,30
1680679517001353612,29,30,29,30
1680679517003145128,29,30,29,30
1680679517004893996,29,30,29,30
1680679517006559561,29,30,29,30
1680679517008232173,29,30,29,30
1680679517009909922,29,30,29,30
1680679517011582777,29,30,29,30
1680679517013256463,29,30,29,30
1680679517014918531,29,30,29,30
1680679517016593874,29,30,29,30
1680679517018267763,29,30,29,30
1680679517019969742,29,30,29,30
1680679517021728553,29,30,29,30
1680679517023454568,29,30,29,30
1680679517025120100,29,30,29,30
1680679517026821726,29,30,29,30
1680679517028531413,29,30,29,30
1680679517030258316,29,30,29,30
1680679517031958042,29,30,29,30
1680679517033659940,29,30,29,30
1680679517035375677,29,30,29,30
1680679517037089309,29,30,29,30
1680679517038793617,29,30,29,30
1680679517040529192,29,30,29,30
1680679517042326550,29,30,29,30
1680679517044038418,29,30,29,30
1680679517045749324,29,30,29,30
1680679517047442272,29,30,29,30
1680679517049126826,29,30,29,30
1680679517050813262,29,30,29,30
1680679517052499399,29,30,29,30
1680679517054191804,29,30,29,30
1680679517055875189,29,30,29,30
1680679517057580721,29,30,29,30
1680679517059264829,29,30,29,30
1680679517060981383,29,30,29,30
1680679517062745834,29,30,29,30
1680679517064439949,29,30,29,30
1680679517066135000,29,30,29,30
1680679517067812363,29,30,29,30
1680679517069490185,29,30,29,30
1680679517071173568,29,30,29,30
1680679517072853535,29,30,29,30
1680679517074532595,29,30,29,30
1680679517076217546,29,30,29,30
1680679517077930433,29,30,29,30
1680679517079617780,29,30,29,30
1680679517081441376,29,30,29,30
1680679517083143403,29,30,29,30
1680679517084825220,29,30,29,30
1680679517086499723,29,30,29,30
1680679517088180953,29,30,29,30
1680679517089868957,29,30,29,30
1680679517091571443,29,30,29,30
1680679517093250384,29,30,29,30
1680679517094929365,29,30,29,30
1680679517096612352,29,30,29,30
1680679517098325501,29,30,29,30
1680679517100015084,29,30,29,30
1680679517101765797,29,30,29,30
1680679517103479010,29,30,29,30
1680679517105163952,29,30,29,30
1680679517106844869,29,30,29,30
1680679517108533926,29,30,29,30
1680679517110233053,29,30,29,30
1680679517111923985,29,30,29,30
1680679517113610299,29,30,29,30
1680679517115304813,29,30,29,30
1680679517117023418,29,30,29,30
1680679517118710143,29,30,29,30
1680679517120408459,29,30,29,30
1680679517122111215,29,30,29,30
1680679517123814012,29,30,29,30
1680679517125515586,29,30,29,30
1680679517127178308,29,30,29,30
1680679517128858407,29,30,29,30
1680679517130565347,29,30,29,30
1680679517132273240,29,30,29,30
1680679517133982578,29,30,29,30
1680679517135694677,29,30,29,30
1680679517137413765,29,30,29,30
1680679517139118206,29,30,29,30
1680679517140841175,29,30,29,30
1680679517142661750,29,30,29,30
1680679517144416301,29,30,29,30
1680679517146118696,29,30,29,30
1680679517147799679,29,30,29,30
1680679517149488926,29,30,29,30
1680679517151171646,29,30,29,30
1680679517152852263,29,30,29,30
1680679517154531057,29,30,29,30
1680679517156218025,29,30,29,30
1680679517157969440,29,30,29,30
1680679517159656165,29,30,29,30
1680679517161360445,29,30,29,30
1680679517163140541,29,30,29,30
1680679517164833585,29,30,29,30
1680679517166521402,29,30,29,30
1680679517168208467,29,30,29,30
1680679517169912875,29,30,29,30
1680679517171658846,29,30,29,30
1680679517173354407,29,30,29,30
1680679517175029140,29,30,29,30
1680679517176719755,29,30,29,30
1680679517178468300,29,30,29,30
1680679517180172256,29,30,29,30
1680679517181934396,29,30,29,30
1680679517183639235,29,30,29,30
1680679517185392250,29,30,29,30
1680679517187066231,29,30,29,30
1680679517188728593,29,30,29,30
1680679517190416716,29,30,29,29
1680679517192102993,29,30,29,29
1680679517193789678,29,30,29,29
1680679517195473949,29,30,29,29
1680679517197171815,29,30,29,29
1680679517198849972,29,30,29,29
1680679517200551500,29,30,29,29
1680679517202257428,29,30,29,29
1680679517204002723,29,30,29,29
1680679517205687839,29,30,29,29
1680679517207370036,29,30,29,29
1680679517209051785,29,30,29,29
1680679517210732162,29,30,29,29
1680679517212417890,29,30,29,29
1680679517214124214,29,30,29,29
1680679517215813217,29,30,29,29
1680679517217527577,29,30,29,29
1680679517219217349,29,30,29,29
1680679517220957345,29,30,29,29
1680679517222699083,29,30,29,29
1680679517224371872,29,30,29,29
1680679517226049347,29,30,29,29
1680679517227711050,29,30,29,29
1680679517229374995,29,30,29,29
1680679517231040825,29,30,29,29
1680679517232709191,29,30,29,29
1680679517234410601,29,30,29,29
1680679517236124976,29,30,29,29
1680679517237851927,29,30,29,29
1680679517239568778,29,30,29,29
1680679517241332715,29,30,29,29
1680679517243136001,29,30,29,29
1680679517244839695,29,30,29,29
1680679517246522602,29,30,29,29
1680679517248204348,29,30,29,29
1680679517249908530,29,30,29,29
1680679517251584491,29,30,29,29
1680679517253267971,29,30,29,29
1680679517254947670,29,30,29,29
1680679517256627633,29,30,29,29
1680679517258391532,29,30,29,29
1680679517260133734,29,30,29,29
1680679517261825300,29,30,29,29
1680679517263505757,29,30,29,29
1680679517265165410,29,30,29,29
1680679517266862595,29,30,29,29
1680679517268573209,29,30,29,29
1680679517270302545,29,30,29,29
1680679517272016490,29,30,29,29
1680679517273722935,29,30,29,29
1680679517275429741,29,30,29,29
1680679517277142501,29,30,29,29
1680679517278881529,29,30,29,29
1680679517280618314,29,30,29,29
1680679517282399306,29,30,29,29
1680679517284156979,29,30,29,29
1680679517285873239,29,30,29,29
1680679517287566300,29,30,29,29
1680679517289244360,29,30,29,29
1680679517290920992,29,30,29,29
1680679517292601282,29,30,29,29
1680679517294294722,29,30,30,29
1680679517295979900,29,30,30,29
1680679517297668145,29,30,30,29
1680679517299347711,29,30,30,29
1680679517301085982,29,30,30,29
1680679517302805102,29,30,30,29
1680679517304490818,29,30,30,29
1680679517306177276,29,30,30,29
1680679517307872184,29,30,30,29
1680679517309545538,29,30,30,29
1680679517311223526,29,30,30,29
1680679517312905097,29,30,30,29
1680679517314586580,29,30,30,29
1680679517316272680,29,30,30,29
1680679517318000697,29,30,30,29
1680679517319690065,29,30,30,29
1680679517321432039,29,30,30,29
1680679517323176276,29,30,30,29
1680679517324870484,29,30,30,29
1680679517326559672,29,30,30,29
1680679517328249980,29,30,30,29
1680679517329942658,29,30,30,29
1680679517331630100,29,30,30,29
1680679517333323072,29,30,30,29
1680679517335006351,29,30,30,29
1680679517336695405,29,30,30,29
1680679517338440622,29,30,30,29
1680679517340116622,29,30,30,29
1680679517341809455,29,30,30,29
1680679517343547207,29,30,30,29
1680679517345228759,29,30,30,29
1680679517346901992,29,30,30,29
1680679517348576083,29,30,30,29
1680679517350266507,29,30,30,29
1680679517351952126,29,30,30,29
1680679517353724366,29,30,30,29
1680679517355412026,29,30,30,29
1680679517357099753,29,30,30,29
1680679517358832745,29,30,30,30
1680679517360532379,29,30,30,30
1680679517362236184,29,30,30,30
1680679517363954895,29,30,30,30
1680679517365617527,29,30,30,30
1680679517367285600,29,30,30,30
1680679517368945325,29,30,30,30
1680679517370658104,29,30,30,30
1680679517372367756,29,30,30,30
1680679517374097087,29,30,30,30
1680679517375801215,29,30,30,30
1680679517377506810,29,30,30,30
1680679517379219084,29,30,30,30
1680679517380942106,29,30,30,30
1680679517382660789,29,30,30,30
1680679517384457082,29,30,30,30
1680679517386150782,29,30,30,30
1680679517387844608,29,30,30,30
1680679517389535538,29,30,30,30
1680679517391245208,29,30,30,30
1680679517392933096,29,30,30,30
1680679517394615126,29,30,30,30
1680679517396306689,29,30,30,30
1680679517398010706,29,30,30,30
1680679517399699680,29,30,30,30
1680679517401430108,29,30,30,30
1680679517403151869,29,30,30,30
1680679517404834660,29,30,30,30
1680679517406521924,29,30,30,30
1680679517408210300,29,30,30,30
1680679517409908167,29,30,30,30
1680679517411591365,29,30,30,30
1680679517413273679,29,30,30,30
1680679517414954029,29,30,30,30
1680679517416648872,29,30,30,30
1680679517418382569,29,30,30,30
1680679517420064060,29,30,30,30
1680679517421814932,29,30,30,30
1680679517423609457,29,30,30,30
1680679517425290818,29,30,30,30
1680679517426995339,29,30,30,30
1680679517428680060,29,30,30,30
1680679517430430010,29,30,30,30
1680679517432117348,29,30,30,30
1680679517433812613,29,30,30,30
1680679517435503816,29,30,30,30
1680679517437208535,29,30,30,30
1680679517438911027,29,30,30,30
1680679517440673470,29,30,30,30
1680679517442409235,29,30,30,30
1680679517444164708,29,30,30,30
1680679517445935855,29,30,30,30
1680679517447612398,29,30,30,30
1680679517449287635,29,30,30,30
1680679517450968726,29,30,30,30
1680679517452649609,29,30,30,30
1680679517454339973,29,30,30,30
1680679517456048424,29,30,30,30
1680679517457822856,29,30,30,30
1680679517459525858,29,30,30,30
1680679517461247621,29,30,29,30
1680679517462981676,29,30,29,30
1680679517464701375,29,30,29,30
1680679517466381290,29,30,29,30
1680679517468046759,29,30,29,30
1680679517469710440,29,30,29,30
1680679517471370422,29,30,29,30
1680679517473036274,29,30,29,30
1680679517474741816,29,30,29,30
1680679517476448524,29,30,29,30
1680679517478185823,29,30,29,30
1680679517479894457,29,30,29,30
1680679517481626666,29,30,29,30
1680679517483410767,29,30,29,30
1680679517485094138,29,30,29,30
1680679517486778019,29,30,29,30
1680679517488477223,29,30,29,30
1680679517490256033,29,30,29,30
1680679517491949089,29,30,29,30
1680679517493640243,29,30,29,30
1680679517495325680,29,30,29,30
1680679517497020669,29,30,29,30
1680679517498793978,29,30,29,30
1680679517500486700,29,30,29,30
1680679517502187206,29,30,29,30
1680679517503895310,29,30,29,30
1680679517505579161,29,30,29,30
1680679517507255958,29,30,29,30
1680679517508937119,29,30,29,30
1680679517510613442,29,30,29,30
1680679517512293806,29,30,29,30
1680679517513991929,29,30,29,30
1680679517515718980,29,30,29,30
1680679517517453044,29,30,29,30
1680679517519198858,29,30,29,30
1680679517520960626,29,30,29,30
1680679517522744192,29,30,29,30
1680679517524532163,29,30,29,30
1680679517526240663,29,30,29,30
1680679517527907844,29,30,29,30
1680679517529574974,29,30,29,30
1680679517531237505,29,30,29,30
1680679517532953471,29,30,29,30
1680679517534619210,29,30,29,30
1680679517536317775,29,30,29,30
1680679517538012442,29,30,29,30
1680679517539704007,29,30,29,30
1680679517541399964,29,30,29,30
1680679517543111752,29,30,29,30
1680679517545033010,29,30,29,30
1680679517546721544,29,30,29,30
1680679517548412361,29,30,29,30
1680679517550125122,29,30,29,30
1680679517551815277,29,30,29,30
1680679517553505248,29,30,29,30
1680679517555188539,29,30,29,30
1680679517556892752,29,30,29,30
1680679517558610633,29,30,29,30
1680679517560313378,29,30,29,30
1680679517562049852,29,30,29,30
1680679517563900040,29,30,29,30
1680679517565661653,29,30,29,30
1680679517567369950,29,30,29,30
1680679517569053405,29,30,29,30
1680679517570733143,29,30,29,30
1680679517572414612,29,30,29,30
1680679517574114255,29,30,29,30
1680679517575803329,29,30,29,30
1680679517577483226,29,30,29,30
1680679517579185912,29,30,29,30
1680679517581359929,29,30,29,30
1680679517583092050,29,30,29,30
1680679517584817875,29,30,29,30
1680679517586504835,29,30,29,30
1680679517588191404,29,30,29,30
1680679517589873802,29,30,29,30
1680679517591555939,29,30,29,30
1680679517593237333,29,30,29,30
1680679517594918394,29,30,29,30
1680679517596606308,29,30,29,30
1680679517598339704,29,30,29,30
1680679517600030396,29,30,29,30
1680679517601735256,29,30,29,30
1680679517603587324,29,30,29,30
1680679517605273552,29,30,29,30
1680679517606963435,29,30,29,30
1680679517608656401,29,30,29,30
1680679517610345311,29,30,29,30
1680679517612033477,29,30,29,30
1680679517613717332,29,30,29,30
1680679517615400057,29,30,29,30
1680679517617077663,29,30,29,30
1680679517618767828,29,30,29,30
1680679517620428521,29,30,29,30
1680679517622165852,29,30,29,30
1680679517623858636,29,30,29,30
1680679517625525148,29,30,29,30
1680679517627193770,29,30,29,30
1680679517628859979,29,30,29,30
1680679517630555036,29,30,29,30
1680679517632259371,29,30,29,30
1680679517633971277,29,30,29,30
1680679517635734647,29,30,29,30
1680679517637501726,29,30,29,30
1680679517639266136,29,30,29,30
1680679517640961020,29,30,29,30
1680679517642649241,29,30,29,30
1680679517644452171,29,30,29,30
1680679517646156091,29,30,29,30
1680679517647841924,29,30,29,30
1680679517649526283,29,30,29,30
1680679517651210124,29,30,29,30
1680679517652898778,29,30,29,30
1680679517654581398,29,30,29,30
1680679517656417917,29,30,29,30
1680679517658120024,29,30,29,30
1680679517659836725,29,30,29,30
1680679517661557222,29,30,29,30
1680679517663266828,29,30,29,30
1680679517665007629,29,30,29,30
1680679517666696374,29,30,29,30
1680679517668381383,29,30,29,30
1680679517670066942,29,30,29,30
1680679517671759439,29,30,29,30
1680679517673446052,29,30,29,30
1680679517675128109,29,30,29,30
1680679517676808847,29,30,29,30
1680679517678587303,29,30,29,30
1680679517680274832,29,30,29,30
1680679517682024309,29,30,29,30
1680679517683823274,29,30,29,30
1680679517685510928,29,30,29,30
1680679517687183822,29,30,29,30
1680679517688865131,29,30,29,30
1680679517690547925,29,30,29,30
1680679517692227511,29,30,29,30
1680679517693917058,29,30,29,30
1680679517695601118,29,30,29,30
1680679517697284842,29,30,29,30
1680679517698984806,29,30,29,30
1680679517700668864,29,30,29,30
1680679517702382572,29,30,29,30
1680679517704489318,29,30,29,30
1680679517706394313,29,30,29,30
1680679517708076060,29,30,29,30
1680679517709762045,29,30,29,30
1680679517711457449,29,30,29,30
1680679517713292405,29,30,29,30
1680679517714986007,29,30,29,30
1680679517716680716,29,30,29,30
1680679517718392340,29,30,29,30
1680679517720194840,29,30,29,30
1680679517721933083,29,30,29,30
1680679517723626815,29,30,29,30
1680679517725495290,29,30,29,30
1680679517727212256,29,30,29,30
1680679517728895666,29,30,29,30
1680679517730573898,29,30,29,30
1680679517732505314,29,30,29,30
1680679517734190575,29,30,29,30
1680679517735872909,29,30,29,30
1680679517737567859,29,30,29,30
1680679517739272386,29,30,29,30
1680679517740953159,29,30,29,30
1680679517742689677,29,30,29,30
1680679517744485128,29,30,29,30
1680679517746169811,29,30,29,30
1680679517747843571,29,30,29,30
1680679517749529335,29,30,29,30
1680679517751207244,29,30,29,30
1680679517752891413,29,30,29,30
1680679517754573657,29,30,29,30
1680679517756256934,29,30,29,30
1680679517757951289,29,30,29,30
1680679517759704543,29,30,29,30
1680679517761422165,29,30,29,30
1680679517763191840,29,30,29,30
1680679517764934765,29,30,29,30
1680679517766617568,29,30,29,30
1680679517768309774,29,30,29,30
1680679517770010059,29,30,29,30
1680679517771705145,29,30,29,30
1680679517773382709,29,30,29,30
1680679517775056216,29,30,29,30
1680679517776817143,29,30,29,30
1680679517778515980,29,30,29,30
1680679517780201735,29,30,29,30
1680679517781920401,29,30,29,30
1680679517783760880,29,30,29,30
1680679517785638324,29,30,29,30
1680679517787519101,29,30,29,30
1680679517789394782,29,30,29,30
1680679517791282096,29,30,29,30
1680679517793240462,29,30,29,30
1680679517795103638,29,30,29,30
1680679517796954048,29,30,29,30
1680679517798823139,29,30,29,30
1680679517800663652,29,30,29,30
1680679517802584502,29,30,29,30
1680679517804468728,29,30,29,30
1680679517806374215,29,30,29,30
1680679517808276224,29,30,29,30
1680679517810177362,29,30,29,30
1680679517812095930,29,30,29,30
1680679517814632215,29,30,29,30
1680679517816562918,29,30,29,30
1680679517818484184,29,30,29,30
1680679517820373745,29,30,29,30
1680679517822499067,29,30,29,30
1680679517824603157,29,30,29,30
1680679517826537684,29,30,29,30
1680679517828441510,29,30,29,30
1680679517831960193,29,30,29,30
1680679517833834039,29,30,29,30
1680679517856077109,29,30,29,30
1680679517858274662,29,30,29,30
1680679517860375502,29,30,29,29
1680679517862477958,29,30,29,29
1680679517864502198,29,30,29,29
1680679517866404577,29,30,29,29
1680679517868362564,29,30,29,29
1680679517870269412,29,30,29,29
1680679517872177281,29,30,29,29
1680679517874059804,29,30,29,29
1680679517876660070,29,30,29,29
1680679517878817765,29,30,29,29
1680679517880787685,29,30,29,29
1680679517949540666,30,30,29,29
1680679518017952024,30,30,29,29
1680679518020471552,30,30,29,29
1680679518022413582,30,30,29,29
1680679518024406517,30,30,29,29
1680679518026298868,30,30,29,29
1680679518028129779,30,30,29,29
1680679518029960565,30,30,29,29
1680679518031780710,30,30,29,29
1680679518033556435,30,30,29,29
1680679518035323742,30,30,29,29
1680679518037048582,30,30,29,29
1680679518038847579,30,30,29,29
1680679518058283013,30,30,29,29
1680679518060073611,30,30,29,29
1680679518061953501,30,30,29,29
1680679518063731599,30,30,29,29
1680679518065493395,30,30,29,29
1680679518067276564,30,30,29,29
1680679518068983760,30,30,29,29
1680679518070649952,30,30,29,29
1680679518072315958,30,30,29,29
1680679518074200323,30,30,29,29
1680679518075871588,30,30,29,29
1680679518077536693,30,30,29,29
1680679518079235346,30,30,29,29
1680679518080917826,30,30,29,29
1680679518082605328,30,30,29,29
1680679518084354574,30,30,29,29
1680679518086109674,30,30,29,29
1680679518087799865,30,30,29,29
1680679518089486256,30,30,29,29
1680679518091166938,30,30,29,29
1680679518092854222,30,30,29,29
1680679518094536155,30,30,29,29
1680679518096218322,30,30,29,29
1680679518097915749,30,30,29,29
1680679518099637809,30,30,29,29
1680679518101335995,30,30,29,29
1680679518103030901,30,30,29,29
1680679518104730840,30,30,29,29
1680679518106445271,30,30,29,29
1680679518108135566,30,30,29,29
1680679518109827422,30,30,29,29
1680679518111508494,30,30,29,29
1680679518113188668,30,30,29,29
1680679518114870495,30,30,29,29
1680679518116555390,30,30,29,29
1680679518118262357,30,30,29,29
1680679518120052321,30,30,29,29
1680679518121846618,30,30,29,29
1680679518123594333,30,30,29,29
1680679518125333001,30,30,29,29
1680679518127072084,30,30,29,29
1680679518128729975,30,30,29,29
1680679518130405640,30,30,29,29
1680679518132087009,30,30,30,29
1680679518133769068,30,30,30,29
1680679518135452703,30,30,30,29
1680679518137138363,30,30,30,29
1680679518138850584,29,30,30,29
1680679518140564908,29,30,30,29
1680679518142262487,29,30,30,29
1680679518144069261,29,30,30,29
1680679518145766072,29,30,30,29
1680679518147455795,29,30,30,29
1680679518149144074,29,30,30,29
1680679518150830725,29,30,30,29
1680679518152497706,29,30,30,29
1680679518154167927,29,30,30,29
1680679518155836334,29,30,30,29
1680679518157505006,29,30,30,29
1680679518159172816,29,30,30,29
1680679518160896088,29,30,30,29
1680679518162572926,29,30,30,29
1680679518164346273,29,30,30,29
1680679518166033156,29,30,30,29
1680679518167723740,29,30,30,29
1680679518169403091,29,30,30,29
1680679518171084891,29,30,30,29
1680679518172805097,29,30,30,29
1680679518174514424,29,30,30,29
1680679518176226620,29,30,30,29
1680679518177945904,29,30,30,29
1680679518179710229,29,30,30,29
1680679518181411603,29,30,30,29
1680679518183109809,29,30,30,29
1680679518184846199,29,30,30,29
1680679518186539446,29,30,30,29
1680679518188216534,29,30,30,29
1680679518189885954,29,30,30,29
1680679518191557999,29,30,30,29
1680679518193218286,29,30,30,29
1680679518194922230,29,30,30,29
1680679518196633214,29,30,30,29
1680679518198346279,29,30,30,29
1680679518200169607,29,30,30,29
1680679518201890490,29,30,30,29
1680679518203594386,29,30,30,29
1680679518205346959,29,30,30,29
1680679518207086714,29,30,30,29
1680679518208725414,29,30,30,29
1680679518210415832,29,30,30,29
1680679518212099656,29,30,30,29
1680679518213773666,29,30,30,29
1680679518215460341,29,30,30,29
1680679518217136449,29,30,30,29
1680679518218811546,29,30,30,29
1680679518220552331,29,30,30,29
1680679518222246854,29,30,30,29
1680679518223960425,29,30,30,29
1680679518225648268,29,30,30,29
1680679518227384588,29,30,30,29
1680679518229074967,29,30,30,29
1680679518230757001,29,30,30,29
1680679518232437944,29,30,30,29
1680679518234127850,29,30,30,29
1680679518235814700,29,30,30,29
1680679518237506415,29,30,30,29
1680679518239189000,29,30,30,29
1680679518240899305,29,30,30,29
1680679518242578531,29,30,30,29
1680679518244426095,29,30,30,29
1680679518246121157,29,30,30,29
1680679518247801210,29,30,30,29
1680679518249483642,29,30,30,29
1680679518251160501,29,30,30,29
1680679518252846479,29,30,30,29
1680679518254528304,29,30,30,29
1680679518256215673,29,30,30,29
1680679518257925236,29,30,30,29
1680679518259696958,29,30,30,29
1680679518261379771,29,30,30,29
1680679518263062943,29,30,30,29
1680679518264796423,29,30,30,29
1680679518266588343,29,30,30,29
1680679518268284968,29,30,30,29
1680679518269978070,29,30,30,29
1680679518271661484,29,30,30,29
1680679518273343297,29,30,30,29
1680679518275025561,29,30,30,29
1680679518276722381,29,30,30,29
1680679518278411069,29,30,30,29
1680679518280115941,29,30,30,29
1680679518281814606,29,30,30,29
1680679518283515086,29,30,30,29
1680679518285354298,29,30,30,29
1680679518287117873,29,30,30,29
1680679518288789799,29,30,30,29
1680679518290455701,29,30,30,29
1680679518292126663,29,30,30,29
1680679518293812019,29,30,30,29
1680679518295478858,29,30,30,29
1680679518297147668,29,30,30,29
1680679518298844994,29,30,29,29
1680679518300557272,29,30,29,29
1680679518302313893,29,30,29,29
1680679518304080828,29,30,29,29
1680679518305820373,29,30,29,29
1680679518307616718,29,30,29,29
1680679518309300739,29,30,29,29
1680679518310984120,29,30,29,29
1680679518312670948,29,30,29,29
1680679518314367340,29,30,29,29
1680679518316057211,29,30,29,29
1680679518317754457,29,30,29,29
1680679518319443706,29,30,29,29
1680679518321140385,29,30,29,29
1680679518322820764,29,30,29,29
1680679518324547487,29,30,29,29
1680679518326244573,29,30,29,29
1680679518327924738,29,30,29,29
1680679518329605977,29,30,29,29
1680679518331289577,29,30,29,29
1680679518332971283,29,30,29,29
1680679518334652866,29,30,29,29
1680679518336334528,29,30,29,29
1680679518338015826,29,30,29,29
1680679518339705125,29,30,29,29
1680679518341397951,29,30,29,29
1680679518343079039,29,30,29,29
1680679518344845059,29,30,29,29
1680679518346577059,29,30,29,29
1680679518348270324,29,30,29,29
1680679518349977036,29,30,29,29
1680679518351683433,29,30,29,29
1680679518353396252,29,30,29,29
1680679518355102145,29,30,29,29
1680679518356811849,29,30,29,29
1680679518358537498,29,30,29,29
1680679518360318294,29,30,29,29
1680679518362007499,29,30,29,29
1680679518363693473,29,30,29,29
1680679518365432808,29,30,29,29
1680679518367145350,29,30,29,29
1680679518368835674,29,30,29,29
1680679518370521749,29,30,29,29
1680679518372206384,29,30,29,29
1680679518373888843,29,30,29,29
1680679518375572867,29,30,29,29
1680679518377248570,29,30,29,29
1680679518378923944,29,30,29,29
1680679518380642116,29,30,29,29
1680679518382349818,29,29,29,29
1680679518384061924,29,29,29,29
1680679518385796214,29,29,29,29
1680679518387561646,29,29,29,29
1680679518389272611,29,29,29,29
1680679518390981007,29,29,29,29
1680679518392726651,29,29,29,29
1680679518394497357,29,29,29,29
1680679518396170759,29,29,29,29
1680679518397850472,29,29,29,29
1680679518399520061,29,29,29,29
1680679518401202881,29,29,29,29
1680679518402893444,29,29,29,29
1680679518404597171,29,29,29,29
1680679518406282306,29,29,29,29
1680679518408004375,29,29,29,29
1680679518409688919,29,29,29,29
1680679518411373425,29,29,29,29
1680679518413059390,29,29,29,29
1680679518414744913,29,29,29,29
1680679518416431932,29,29,29,29
1680679518418125245,29,29,29,29
1680679518419815218,29,29,29,29
1680679518421553809,29,29,29,29
1680679518423234089,29,29,29,29
1680679518424990597,29,29,29,29
1680679518426754463,29,29,29,29
1680679518428443183,29,29,29,29
1680679518430140248,29,29,29,29
1680679518431812711,29,29,29,29
1680679518433501047,29,29,29,29
1680679518435260044,29,29,29,29
1680679518437284406,29,29,29,29
1680679518439188152,29,29,29,29
1680679518441151175,29,29,29,29
1680679518443035676,29,29,29,29
1680679518444877457,29,29,29,29
1680679518446560236,29,29,29,29
1680679518448249230,29,29,29,29
1680679518449943701,29,29,29,29
1680679518451626273,29,29,29,29
1680679518453327869,29,29,29,29
1680679518455011746,29,29,29,29
1680679518456727596,29,29,29,29
1680679518458411802,29,29,29,29
1680679518460109796,29,29,29,29
1680679518461800073,29,29,29,29
1680679518463489934,29,29,29,29
1680679518465287027,29,29,29,29
1680679518467051051,29,29,29,29
1680679518468780845,29,29,29,29
1680679518470515507,29,29,29,29
1680679518472243479,29,29,29,29
1680679518473998480,29,29,29,29
1680679518475685270,29,29,29,29
1680679518477348258,29,29,29,29
1680679518479006734,29,29,29,29
1680679518480677659,29,29,29,29
1680679518482356107,29,29,29,29
1680679518484024720,29,29,29,29
1680679518485819183,29,29,29,29
1680679518487591058,29,29,29,29
1680679518489304974,29,29,29,29
1680679518491005755,29,29,29,29
1680679518492722293,29,29,29,29
1680679518494456266,29,29,29,29
1680679518496161184,29,29,29,29
1680679518497852364,29,29,29,29
1680679518499538007,29,29,29,29
1680679518501239978,29,29,29,29
1680679518502922670,29,29,29,29
1680679518504618112,29,29,29,29
1680679518506363441,29,29,29,29
1680679518508095375,29,29,29,29
1680679518509794228,29,29,29,29
1680679518511490451,29,29,29,29
1680679518513178522,29,29,29,29
1680679518514854237,29,29,29,29
1680679518516531877,29,29,29,29
1680679518518229379,29,29,29,29
1680679518519921424,29,29,29,29
1680679518521658999,29,29,29,29
1680679518523344210,29,29,29,29
1680679518525062790,29,29,29,29
1680679518526745141,29,29,29,29
1680679518528408818,29,29,29,29
1680679518530089406,29,29,29,29
1680679518531726395,29,29,29,29
1680679518533454649,29,29,29,29
1680679518535123075,29,29,29,29
1680679518536872188,29,29,29,29
1680679518538565662,29,29,29,29
1680679518540264386,29,29,29,29
1680679518541970647,29,29,29,29
1680679518543651612,29,29,29,29
1680679518545368237,29,29,29,29
1680679518547051496,29,29,29,29
1680679518548728310,29,29,29,29
1680679518550397140,29,30,29,29
1680679518552058877,29,30,29,29
1680679518553725391,29,30,29,29
1680679518555386787,29,30,29,29
1680679518557057751,29,30,29,29
1680679518558757973,29,30,29,29
1680679518560487800,29,30,29,29
1680679518562196513,29,30,29,29
1680679518563900795,29,30,29,29
1680679518565674815,29,30,29,29
1680679518567401176,29,30,29,29
1680679518569145003,29,30,29,29
1680679518570834745,29,30,29,29
1680679518572511972,29,30,29,29
1680679518574200396,29,30,29,29
1680679518575879834,29,30,29,29
1680679518577581881,29,30,29,29
1680679518579266290,29,30,29,29
1680679518581434796,29,30,29,29
1680679518583344887,29,30,29,29
1680679518585332929,29,30,29,29
1680679518587289141,29,30,29,29
1680679518589194877,29,30,29,29
1680679518591091861,29,30,29,29
1680679518592998085,29,30,29,29
1680679518594914289,29,30,29,29
1680679518596603784,29,30,29,29
1680679518598230120,29,30,29,29
1680679518599848878,29,30,29,29
1680679518601520514,29,30,29,29
1680679518603137498,29,30,29,29
1680679518604783721,29,30,29,29
1680679518606474900,29,30,29,29
1680679518608219629,29,30,29,29
1680679518610039486,29,30,29,29
1680679518611753364,29,30,29,29
1680679518613439613,29,30,29,29
1680679518615118937,29,30,29,29
1680679518616801383,29,30,29,29
1680679518618481483,29,30,29,29
1680679518620166626,29,30,29,29
1680679518621865524,29,30,29,29
1680679518623550068,29,30,29,29
1680679518625278035,29,30,29,29
1680679518626961350,29,30,29,29
1680679518628650232,29,30,29,29
1680679518630330819,29,30,29,29
1680679518632010497,29,30,29,29
1680679518633698784,29,30,30,29
1680679518635389218,29,30,30,29
1680679518637074717,29,30,30,29
1680679518638762191,29,30,30,29
1680679518640452590,29,30,30,29
1680679518642148387,29,30,30,29
1680679518643834616,29,30,30,29
1680679518645619198,29,30,30,29
1680679518647309112,29,30,30,29
1680679518648989198,29,30,30,29
1680679518650674069,29,30,30,29
1680679518652350197,29,30,30,29
1680679518654027989,29,30,30,29
1680679518655702703,29,30,30,29
1680679518657380003,29,30,30,29
1680679518659062628,29,30,30,29
1680679518660728948,29,30,30,29
1680679518662418294,29,30,30,29
1680679518664102405,29,30,30,29
1680679518665838605,29,30,30,29
1680679518667622407,29,30,30,29
1680679518669299893,29,30,30,29
1680679518670982686,29,30,30,29
1680679518672665672,29,30,30,29
1680679518674351155,29,30,30,29
1680679518676044468,29,30,30,29
1680679518677725213,29,30,30,29
1680679518679407914,29,30,30,29
1680679518681232597,29,30,30,29
1680679518682909308,29,30,30,29
1680679518684595102,29,30,30,29
1680679518686362541,29,30,30,29
1680679518688083442,29,30,30,29
1680679518689768442,29,30,30,29
1680679518691458832,29,30,30,29
1680679518693176775,29,30,30,29
1680679518694889438,29,30,30,29
1680679518696580815,29,30,30,29
1680679518698281157,29,30,30,29
1680679518699964955,29,30,30,29
1680679518701672943,29,30,30,29
1680679518703350985,29,30,30,29
1680679518705063542,29,30,30,29
1680679518706795977,29,30,30,29
1680679518708533790,29,30,30,29
1680679518710222514,29,30,30,29
1680679518711899262,29,30,30,29
1680679518713581172,29,30,30,29
1680679518715260981,29,30,30,29
1680679518716940043,29,29,30,29
1680679518718621312,29,29,30,29
1680679518720288053,29,29,30,29
1680679518722005669,29,29,30,29
1680679518723679835,29,29,30,29
1680679518725373350,29,29,30,29
1680679518727036349,29,29,30,29
1680679518728707071,29,29,30,29
1680679518730421631,29,29,30,29
1680679518732173424,29,29,30,29
1680679518733882019,29,29,30,29
1680679518735593382,29,29,30,29
1680679518737292595,29,29,30,29
1680679518738996093,29,29,30,29
1680679518740703695,29,29,30,29
1680679518742400541,29,29,30,29
1680679518744098165,29,29,30,29
1680679518745862857,29,29,30,29
1680679518747634477,29,29,30,29
1680679518749317908,29,29,30,29
1680679518751005710,29,29,30,29
1680679518752692358,29,29,30,29
1680679518754387168,29,29,30,29
1680679518756081965,29,29,30,29
1680679518757769022,29,29,30,29
1680679518759450241,29,29,30,29
1680679518761188950,29,29,30,29
1680679518762886978,29,29,30,29
1680679518764657460,29,29,30,29
1680679518766417595,29,29,30,29
1680679518768261467,29,29,30,29
1680679518769971378,29,29,30,29
1680679518771657037,29,29,30,29
1680679518773339120,29,29,30,29
1680679518775019191,29,29,30,29
1680679518776705505,29,29,30,29
1680679518778402608,29,29,30,29
1680679518780084265,29,29,30,29
1680679518781810841,29,29,30,29
1680679518783503333,29,29,30,29
1680679518785260572,29,29,30,29
1680679518786951455,29,29,30,29
1680679518788686952,29,29,30,29
1680679518790377541,29,29,30,29
1680679518792062552,29,29,30,29
1680679518793742681,29,29,30,29
1680679518795424743,29,29,30,29
1680679518797112849,29,29,30,29
1680679518798800279,29,29,30,29
1680679518800483322,29,29,29,29
1680679518802227830,29,29,29,29
1680679518803930613,29,29,29,29
1680679518805684412,29,29,29,29
1680679518807379481,29,29,29,29
1680679518809059961,29,29,29,29
1680679518810743875,29,29,29,29
1680679518812429838,29,29,29,29
1680679518814196569,29,29,29,29
1680679518815887232,29,29,29,29
1680679518817586140,29,29,29,29
1680679518819258368,29,29,29,29
1680679518820977654,29,29,29,29
1680679518822659444,29,29,29,29
1680679518824324247,29,29,29,29
1680679518826095162,29,29,29,29
1680679518827814248,29,29,29,29
1680679518829487469,29,29,29,29
1680679518831158575,29,29,29,29
1680679518832920147,29,29,29,29
1680679518834598626,29,29,29,29
1680679518836282751,29,29,29,29
1680679518837979503,29,29,29,29
1680679518839667318,29,29,29,29
1680679518841367362,29,29,29,29
1680679518843059010,29,29,29,29
1680679518844731709,29,29,29,29
1680679518846541658,29,29,29,29
1680679518848336796,29,29,29,29
1680679518850043134,29,29,29,29
1680679518851750578,29,29,29,29
1680679518853457738,29,29,29,29
1680679518855168931,29,29,29,29
1680679518856853427,29,29,29,29
1680679518858542629,29,29,29,29
1680679518860283732,29,29,29,29
1680679518862011752,29,29,29,29
1680679518863699975,29,29,29,29
1680679518865410555,29,29,29,29
1680679518867145403,29,29,29,29
1680679518868881223,29,29,29,29
1680679518870560923,29,29,29,29
1680679518872239645,29,29,29,29
1680679518873926204,29,29,29,29
1680679518875604582,29,29,29,29
1680679518877285462,29,29,29,29
1680679518878963744,29,29,29,29
1680679518880649184,29,29,29,29
1680679518882360644,29,29,29,29
1680679518884044651,29,29,29,29
1680679518885765624,29,29,29,29
1680679518887454048,29,29,29,29
1680679518889140759,29,29,29,29
1680679518890820880,29,29,29,29
1680679518892502902,29,29,29,29
1680679518894192231,29,29,29,29
1680679518895882761,29,29,29,29
1680679518897562390,29,29,29,29
1680679518899246512,29,29,29,29
1680679518900932398,29,29,29,29
1680679518902614566,29,29,29,29
1680679518904311691,29,29,29,29
1680679518906078195,29,29,29,29
1680679518907819384,29,29,29,29
1680679518909506743,29,29,29,29
1680679518911190329,29,29,29,29
1680679518912938651,29,29,29,29
1680679518914628060,29,29,29,29
1680679518916320128,29,29,29,29
1680679518918004941,29,29,29,29
1680679518919700532,29,29,29,29
1680679518921395584,29,29,29,29
1680679518923072469,29,29,29,29
1680679518924728143,29,29,29,29
1680679518926489489,29,29,29,29
1680679518928290204,29,29,29,29
1680679518929976875,29,29,29,29
1680679518931661888,29,29,29,29
1680679518933350334,29,29,29,29
1680679518935030206,29,29,29,29
1680679518936723265,29,29,29,29
1680679518938408679,29,29,29,29
1680679518940172496,29,29,29,29
1680679518941882053,29,29,29,29
1680679518943580655,29,29,29,29
1680679518945327533,29,29,29,29
1680679518947060301,29,29,29,29
1680679518948796310,29,29,29,29
1680679518950482507,29,29,29,29
1680679518952162150,29,29,29,29
1680679518953851557,29,29,29,29
1680679518955534103,29,29,29,29
1680679518957230736,29,29,29,29
1680679518958886531,29,29,29,29
1680679518960601393,29,29,29,29
1680679518962296336,29,29,29,29
1680679518963957494,29,29,29,29
1680679518965667343,29,29,29,29
1680679518967495259,29,29,29,29
1680679518969232985,29,29,29,29
1680679518970917416,29,29,29,29
1680679518972602061,29,29,29,29
1680679518974307104,29,29,29,29
1680679518975987585,29,29,29,29
1680679518977672794,29,29,29,29
1680679518979353611,29,29,29,29
1680679518981045749,29,29,29,29
1680679518982729900,29,29,29,29
1680679518984408653,29,29,29,29
1680679518986136185,29,29,29,29
1680679518987848388,29,29,29,29
1680679518989558777,29,29,29,29
1680679518991267805,29,29,29,29
1680679518992974336,29,29,29,29
1680679518994683714,29,29,29,29
1680679518996397333,29,29,29,29
1680679518998118563,29,29,29,29
1680679518999824621,29,29,29,29
1680679519001526017,29,29,29,29
1680679519003209414,29,29,29,29
1680679519004902953,29,29,29,29
1680679519006698245,29,29,29,29
1680679519008395680,29,29,29,29
1680679519010115968,29,29,29,29
1680679519011861434,29,29,29,29
1680679519013541894,29,29,29,29
1680679519015220545,29,29,29,29
1680679519016909024,29,29,29,29
1680679519018591495,29,29,29,29
1680679519020278409,29,29,29,29
1680679519022007453,29,29,29,29
1680679519023760335,29,29,29,29
1680679519025451452,29,29,29,29
1680679519027247368,29,29,29,29
1680679519029018650,29,29,29,29
1680679519030688486,29,29,29,29
1680679519032360046,29,29,29,29
1680679519034033623,29,29,29,29
1680679519035705412,29,29,29,29
1680679519037376987,29,29,29,29
1680679519039044410,29,29,29,29
1680679519040728539,29,29,29,29
1680679519042456120,29,29,29,29
1680679519044165076,29,29,29,29
1680679519046053215,29,29,29,29
1680679519047766868,29,29,29,29
1680679519049473527,29,29,29,29
1680679519051174911,29,29,29,29
1680679519053086718,29,29,29,29
1680679519054772314,29,29,29,29
1680679519056463932,29,29,29,29
1680679519058160385,29,29,29,29
1680679519059990398,29,29,29,29
1680679519061735778,29,29,29,29
1680679519063413646,29,29,29,29
1680679519065101948,29,29,29,29
1680679519067067211,29,29,29,29
1680679519068778609,29,29,29,29
1680679519070459388,29,29,29,29
1680679519072144742,29,29,29,29
1680679519073875020,29,29,29,29
1680679519075561584,29,29,29,29
1680679519077252931,29,29,29,29
1680679519078939085,29,29,29,29
1680679519080629164,29,29,29,29
1680679519082342553,29,29,29,29
1680679519084036249,29,29,29,29
1680679519085722229,29,29,29,29
1680679519087493675,29,29,29,29
1680679519089227903,29,29,29,29
1680679519090912509,29,29,29,29
1680679519092661689,29,29,29,29
1680679519094354843,29,29,29,29
1680679519096044048,29,29,29,29
1680679519097728103,29,29,29,29
1680679519099411257,29,29,29,29
1680679519101093373,29,29,29,29
1680679519102798047,29,29,29,29
1680679519104468722,29,29,29,29
1680679519106208536,29,29,29,29
1680679519107876398,29,29,29,29
1680679519109598112,29,29,29,29
1680679519111262843,29,29,29,29
1680679519112928266,29,29,29,29
1680679519114616454,29,29,29,29
1680679519116296286,29,29,29,29
1680679519117986354,29,29,29,29
1680679519119678622,29,29,29,29
1680679519121358422,29,29,29,29
1680679519123138088,29,29,29,29
1680679519125043613,29,29,29,29
1680679519127017815,29,29,29,29
1680679519128993116,29,29,29,29
1680679519130903264,29,29,29,29
1680679519132817195,29,29,29,29
1680679519134738754,29,29,29,29
1680679519136697596,29,29,29,29
1680679519138604743,29,29,29,29
1680679519140527078,29,29,29,29
1680679519142408461,29,29,29,29
1680679519144283079,29,29,29,29
1680679519146188538,29,29,29,29
1680679519148053283,29,29,29,29
1680679519149907476,29,29,29,29
1680679519151781169,29,29,29,29
1680679519154334356,29,29,29,29
1680679519156241614,29,29,29,29
1680679519158115688,29,29,29,29
1680679519160019006,29,29,29,29
1680679519162017174,29,29,29,29
1680679519163946748,29,29,29,29
1680679519165856597,29,29,29,29
1680679519167769849,29,29,29,29
1680679519170358635,29,29,29,29
1680679519172233496,29,29,29,29
1680679519174106420,29,29,29,29
1680679519175971598,29,29,29,29
1680679519177844896,29,29,29,29
1680679519179744636,29,29,29,29
1680679519181654066,29,29,29,29
1680679519183527172,29,29,29,29
1680679519186015098,29,29,29,29
1680679519188728931,29,29,29,29
1680679519190964441,29,29,29,29
1680679519193161012,29,30,29,29
1680679519280067402,30,30,29,29
1680679519345607891,30,30,29,29
1680679519348121298,30,30,29,29
1680679519350072554,30,30,29,29
1680679519351980142,30,30,29,29
1680679519353897880,30,30,29,29
1680679519355792724,30,30,29,29
1680679519357426274,30,30,29,29
1680679519359063924,30,30,29,29
1680679519360698545,30,30,29,29
1680679519362422178,30,30,29,29
1680679519364053440,30,30,29,29
1680679519365691252,30,30,29,29
1680679519367463253,30,30,29,29
1680679519369149940,30,30,29,29
1680679519370855970,30,30,29,29
1680679519372551244,30,30,29,29
1680679519374243915,30,30,29,29
1680679519375981815,30,30,29,29
1680679519377665872,30,30,29,29
1680679519379348621,30,30,29,29
1680679519381040897,30,30,29,29
1680679519382730387,30,30,29,29
1680679519384416108,30,30,29,29
1680679519386121335,30,30,29,29
1680679519387885592,30,30,29,29
1680679519389562229,30,30,29,29
1680679519391239308,30,30,29,29
1680679519392922920,30,30,29,29
1680679519394605833,30,30,29,29
1680679519396436225,30,30,29,29
1680679519398130134,30,30,29,29
1680679519399821058,30,30,29,29
1680679519401509145,30,30,29,29
1680679519403245487,30,30,29,29
1680679519404948984,30,30,29,29
1680679519406635575,30,30,29,29
1680679519408316646,30,30,29,29
1680679519410042714,30,30,29,29
1680679519411853408,30,30,29,29
1680679519413529837,30,30,29,29
1680679519415212212,30,30,29,29
1680679519416891106,30,30,29,29
1680679519418570873,30,30,29,29
1680679519420251416,30,30,29,29
1680679519421941801,30,30,29,29
1680679519423645962,30,30,29,29
1680679519425333820,30,30,29,29
1680679519427129344,30,30,29,29
1680679519428816736,30,30,29,29
1680679519430606032,30,30,29,29
1680679519432297690,30,30,29,29
1680679519433997123,30,30,29,29
1680679519435677237,30,30,29,29
1680679519437363109,30,30,29,29
1680679519439059743,30,30,29,29
1680679519440727205,30,30,29,29
1680679519442422693,30,30,29,29
1680679519444102442,30,30,29,29
1680679519445789072,30,30,29,29
1680679519447579987,30,30,29,29
1680679519449264778,30,30,29,29
1680679519450995599,30,30,29,29
1680679519452679257,30,30,29,29
1680679519454360997,30,30,29,29
1680679519456046914,30,30,29,29
1680679519457730435,30,30,29,29
1680679519459412443,30,30,29,29
1680679519461104671,30,30,29,29
1680679519462797422,30,30,29,29
1680679519464479713,30,30,29,29
1680679519466188751,30,30,29,29
1680679519467949276,30,30,29,29
1680679519469629628,30,30,29,29
1680679519471325336,30,30,29,29
1680679519473020769,30,30,29,29
1680679519474701823,30,30,29,29
1680679519476388280,29,30,29,29
1680679519478083859,29,30,29,29
1680679519479773425,29,30,29,29
1680679519481460511,29,30,29,29
1680679519483174693,29,30,29,29
1680679519484864959,29,30,29,29
1680679519486552721,29,30,29,29
1680679519488378531,29,30,29,29
1680679519490101956,29,30,29,29
1680679519491798942,29,30,29,29
1680679519493479199,29,30,29,29
1680679519495161953,29,30,29,29
1680679519496867681,29,30,29,29
1680679519498548203,29,30,29,29
1680679519500232155,29,30,29,29
1680679519501923212,29,30,29,29
1680679519503628483,29,30,29,29
1680679519505310096,29,30,29,29
1680679519507086707,29,30,29,29
1680679519508777891,29,30,29,29
1680679519510476947,29,30,29,29
1680679519512174764,29,30,29,29
1680679519513867150,29,30,29,29
1680679519515561066,29,30,29,29
1680679519517240861,29,30,29,29
1680679519518921261,29,30,29,29
1680679519520599432,29,30,29,29
1680679519522287272,29,30,29,29
1680679519523992234,29,30,29,29
1680679519525669246,29,30,29,29
1680679519527392688,29,30,29,29
1680679519529072308,29,30,29,29
1680679519530806606,29,30,29,29
1680679519532475642,29,30,29,29
1680679519534155084,29,30,29,29
1680679519535813561,29,30,29,29
1680679519537483018,29,30,29,29
1680679519539159497,29,30,29,29
1680679519540828574,29,30,29,29
1680679519542542777,29,30,29,29
1680679519544249995,29,30,29,29
1680679519545976204,29,30,29,29
1680679519547740585,29,30,29,29
1680679519549445855,29,30,29,29
1680679519551201062,29,30,29,29
1680679519552880725,29,30,29,29
1680679519554557028,29,30,29,29
1680679519556237096,29,30,29,29
1680679519557935927,29,30,29,29
1680679519559629524,29,30,29,29
1680679519561313638,29,30,29,29
1680679519563054950,29,30,29,29
1680679519564727589,29,30,29,29
1680679519566429522,29,30,29,29
1680679519568242225,29,30,29,29
1680679519569971194,29,30,29,29
1680679519571729238,29,30,29,29
1680679519573429368,29,30,29,29
1680679519575109288,29,30,29,29
1680679519576784093,29,30,29,29
1680679519578467958,29,30,29,29
1680679519580147728,29,30,29,29
1680679519581990222,29,30,29,29
1680679519583694467,29,30,29,29
1680679519585375736,29,30,29,29
1680679519587060063,29,30,29,29
1680679519588726998,29,30,29,29
1680679519590422374,29,30,29,29
1680679519592113946,29,30,29,29
1680679519593810025,29,30,29,29
1680679519595499385,29,30,29,29
1680679519597191022,29,30,29,29
1680679519598873933,29,30,29,29
1680679519600550862,29,30,29,29
1680679519602244819,29,30,29,29
1680679519603947316,29,30,29,29
1680679519605634404,29,30,29,29
1680679519607348740,29,30,29,29
1680679519609041967,29,30,29,29
1680679519610736705,29,30,29,29
1680679519612422522,29,30,29,29
1680679519614123494,29,30,29,29
1680679519615814920,29,30,29,29
1680679519617502041,29,30,29,29
1680679519619180687,29,30,29,29
1680679519620868533,29,30,29,29
1680679519622565347,29,30,29,29
1680679519624355407,29,30,29,29
1680679519626050743,29,30,29,29
1680679519627772596,29,30,29,29
1680679519629457483,29,30,29,29
1680679519631294389,29,30,29,29
1680679519632979294,29,30,29,29
1680679519634643988,29,30,29,29
1680679519636305197,29,30,29,29
1680679519637984856,29,30,29,29
1680679519639658551,29,30,29,29
1680679519641345702,29,30,29,29
1680679519643094652,29,30,29,29
1680679519644783763,29,30,29,29
1680679519646494001,29,30,29,29
1680679519648342966,29,30,29,29
1680679519650057147,29,30,29,29
1680679519651882473,29,30,29,29
1680679519653584691,29,30,29,29
1680679519655287202,29,30,29,29
1680679519656979895,29,30,29,29
1680679519658660307,29,30,29,29
1680679519660338287,29,30,29,29
1680679519662046213,29,30,29,29
1680679519663817471,29,30,29,29
1680679519665501340,29,30,29,29
1680679519667187333,29,30,29,29
1680679519668898259,29,30,29,29
1680679519670617551,29,30,29,29
1680679519672370094,29,30,29,29
1680679519674060056,29,30,29,29
1680679519675743982,29,30,29,29
1680679519677435135,29,30,29,29
1680679519679118044,29,30,29,29
1680679519680801432,29,30,29,29
1680679519682479087,29,30,29,29
1680679519684220509,29,30,29,29
1680679519685915854,29,30,29,29
1680679519687718112,29,30,29,29
1680679519689410806,29,30,29,29
1680679519691102812,29,30,29,29
1680679519692786429,29,30,29,29
1680679519694470423,29,30,29,29
1680679519696160673,29,30,29,29
1680679519697859914,29,30,29,29
1680679519699549588,29,30,29,29
1680679519701234492,29,30,29,29
1680679519702916141,29,30,29,29
1680679519704600794,29,30,29,29
1680679519706302515,29,30,29,29
1680679519708106304,29,30,29,29
1680679519709798378,29,30,29,29
1680679519711504466,29,30,29,29
1680679519713203069,29,30,29,29
1680679519714880897,29,30,29,29
1680679519716564872,29,30,29,29
1680679519718342600,29,30,29,29
1680679519720027254,29,29,29,29
1680679519721713412,29,29,29,29
1680679519723419299,29,29,29,29
1680679519725108121,29,29,29,29
1680679519726792221,29,29,29,29
1680679519728529545,29,29,29,29
1680679519730202814,29,29,29,29
1680679519731899795,29,29,29,29
1680679519733566864,29,29,29,29
1680679519735233820,29,29,29,29
1680679519736900167,29,29,29,29
1680679519738579485,29,29,29,29
1680679519740260322,29,29,29,29
1680679519741949724,29,29,29,29
1680679519743740336,29,29,29,29
1680679519745419946,29,29,29,29
1680679519747102493,29,29,29,29
1680679519748930007,29,29,29,29
1680679519750805573,29,29,29,29
1680679519752512676,29,29,29,29
1680679519754227568,29,29,29,29
1680679519755925517,29,29,29,29
1680679519757618633,29,29,29,29
1680679519759320365,29,29,29,29
1680679519760972896,29,29,29,29
1680679519762632241,29,29,29,29
1680679519764342914,29,29,29,29
1680679519766072362,29,29,29,29
1680679519767813415,29,29,29,29
1680679519769561040,29,29,29,29
1680679519771267673,29,29,29,29
1680679519772959438,29,29,29,29
1680679519774636981,29,29,29,29
1680679519776322266,29,29,29,29
1680679519778009441,29,29,29,29
1680679519779700428,29,29,29,29
1680679519781418384,29,29,29,29
1680679519783122267,29,29,29,29
1680679519784826388,29,29,29,29
1680679519786527957,29,29,29,29
1680679519788281009,29,29,29,29
1680679519790000049,29,29,29,29
1680679519791728899,29,29,29,29
1680679519793418782,29,29,29,29
1680679519795098990,29,29,29,29
1680679519796775838,29,29,29,29
1680679519798460482,29,29,29,29
1680679519800149896,29,29,29,29
1680679519801842890,29,29,29,29
1680679519803539817,29,29,29,29
1680679519805239798,29,29,30,29
1680679519806921989,29,29,30,29
1680679519808688553,29,29,30,29
1680679519810376671,29,29,30,29
1680679519812090726,29,29,30,29
1680679519813782228,29,29,30,29
1680679519815471025,29,29,30,29
1680679519817152107,29,29,30,29
1680679519818833333,29,29,30,29
1680679519820512172,29,29,30,29
1680679519822195972,29,29,30,29
1680679519823899366,29,29,30,29
1680679519825578655,29,29,30,29
1680679519827256465,29,29,30,29
1680679519829045229,29,29,30,29
1680679519830778803,29,29,30,29
1680679519832475382,29,29,30,29
1680679519834223674,29,29,30,29
1680679519835911234,29,29,30,29
1680679519837591441,29,29,30,29
1680679519839270718,29,29,30,29
1680679519840969925,29,29,30,29
1680679519842655936,29,29,30,29
1680679519844365110,29,29,30,29
1680679519846055124,29,29,30,29
1680679519847853709,29,29,30,29
1680679519849550235,29,29,30,29
1680679519851245345,29,29,30,29
1680679519852936441,29,29,30,29
1680679519854616888,29,29,30,29
1680679519856301366,29,29,30,29
1680679519857992793,29,29,30,29
1680679519859677742,29,29,30,29
1680679519861367909,29,29,30,29
1680679519863052838,29,29,30,29
1680679519864794704,29,29,30,29
1680679519866563327,29,29,30,29
1680679519868485935,29,29,30,29
1680679519870195666,29,29,30,29
1680679519871963377,29,29,30,29
1680679519873667307,29,29,30,29
1680679519875360713,29,29,30,29
1680679519877125141,29,29,30,29
1680679519878799854,29,29,30,29
1680679519880480446,29,29,30,29
1680679519882168068,29,29,30,29
1680679519883911885,29,29,30,29
1680679519885596042,29,29,30,29
1680679519887279416,29,30,30,29
1680679519889084971,29,30,30,29
1680679519890767782,29,30,30,29
1680679519892455619,29,30,30,29
1680679519894153950,29,30,30,29
1680679519895840052,29,30,30,29
1680679519897553593,29,30,30,29
1680679519899235319,29,30,30,29
1680679519900914707,29,30,30,29
1680679519902594401,29,30,30,29
1680679519904360784,29,30,30,29
1680679519906045912,29,30,30,29
1680679519907735469,29,30,30,29
1680679519909431023,29,30,30,29
1680679519911126794,29,30,30,29
1680679519912816781,29,30,30,29
1680679519914559787,29,30,30,29
1680679519916239090,29,30,30,29
1680679519917933516,29,30,30,29
1680679519919625362,29,30,30,29
1680679519921306772,29,30,30,29
1680679519922991520,29,30,30,29
1680679519924729058,29,30,30,29
1680679519926412958,29,30,30,29
1680679519928221054,29,30,30,29
1680679519929932472,29,30,30,29
1680679519931660319,29,30,30,29
1680679519933430623,29,30,30,29
1680679519935106928,29,30,30,29
1680679519936786726,29,30,30,29
1680679519938468233,29,30,30,29
1680679519940154704,29,30,30,29
1680679519941994224,29,30,30,29
1680679519943711881,29,30,30,29
1680679519945397678,29,30,30,29
1680679519947074727,29,30,30,29
1680679519948842294,29,30,30,29
1680679519950513460,29,30,30,29
1680679519952228436,29,30,30,29
1680679519953902219,29,30,30,29
1680679519955567788,29,30,30,29
1680679519957230252,29,30,30,29
1680679519958906856,29,30,30,29
1680679519960585671,29,30,30,29
1680679519962270287,29,30,30,29
1680679519964008574,29,30,30,29
1680679519965688130,29,30,30,29
1680679519967373136,29,30,30,29
1680679519969212383,29,30,30,29
1680679519970936222,29,30,30,29
1680679519972668371,29,30,29,29
1680679519974471135,29,30,29,29
1680679519976207974,29,30,29,29
1680679519977946311,29,30,29,29
1680679519979637096,29,30,29,29
1680679519981305259,29,30,29,29
1680679519982968734,29,30,29,29
1680679519984665582,29,30,29,29
1680679519986336533,29,30,29,29
1680679519988095253,29,30,29,29
1680679519989816003,29,30,29,29
1680679519991518200,29,30,29,29
1680679519993196985,29,30,29,29
1680679519994878035,29,30,29,29
1680679519996646305,29,30,29,29
1680679519998331801,29,30,29,29
1680679520000021615,29,30,29,29
1680679520001706152,29,30,29,29
1680679520003387397,29,30,29,29
1680679520005129954,29,30,29,29
1680679520006816806,29,30,29,29
1680679520008621040,29,30,29,29
1680679520010320477,29,30,29,29
1680679520012085799,29,30,29,29
1680679520013770208,29,30,29,29
1680679520015449411,29,30,29,29
1680679520017128528,29,30,29,29
1680679520018819341,29,30,29,29
1680679520020504862,29,30,29,29
1680679520022198276,29,30,29,29
1680679520023897633,29,30,29,29
1680679520025723499,29,30,29,29
1680679520027409579,29,30,29,29
1680679520029172522,29,30,29,29
1680679520030858870,29,30,29,29
1680679520032641424,29,30,29,29
1680679520034310728,29,30,29,29
1680679520035977434,29,30,29,29
1680679520037641381,29,30,29,29
1680679520039303547,29,30,29,29
1680679520040977594,29,30,29,29
1680679520042728385,29,30,29,29
1680679520044442707,29,30,29,29
1680679520046149836,29,30,29,29
1680679520047833315,29,30,29,29
1680679520049565135,29,30,29,29
1680679520051252753,29,30,29,29
1680679520052966674,29,30,29,29
1680679520054662482,29,29,29,29
1680679520056377910,29,29,29,29
1680679520058095123,29,29,29,29
1680679520059795640,29,29,29,29
1680679520061504130,29,29,29,29
1680679520063209029,29,29,29,29
1680679520064978167,29,29,29,29
1680679520066729156,29,29,29,29
1680679520068479179,29,29,29,29
1680679520070237336,29,29,29,29
1680679520071949602,29,29,29,29
1680679520073631856,29,29,29,29
1680679520075309982,29,29,29,29
1680679520076992595,29,29,29,29
1680679520078675878,29,29,29,29
1680679520080431552,29,29,29,29
1680679520082187173,29,29,29,29
1680679520083884627,29,29,29,29
1680679520085572981,29,29,29,29
1680679520087262558,29,29,29,29
1680679520089095055,29,29,29,29
1680679520090780435,29,29,29,29
1680679520092521960,29,29,29,29
1680679520094219943,29,29,29,29
1680679520095909539,29,29,29,29
1680679520097734219,29,29,29,29
1680679520099415948,29,29,29,29
1680679520101098034,29,29,29,29
1680679520102780102,29,29,29,29
1680679520104491607,29,29,29,29
1680679520106178762,29,29,29,29
1680679520107868335,29,29,29,29
1680679520109625312,29,29,29,29
1680679520111308741,29,29,29,29
1680679520112996395,29,29,29,29
1680679520114684126,29,29,29,29
1680679520116350742,29,29,29,29
1680679520118020473,29,29,29,29
1680679520119692075,29,29,29,29
1680679520121359748,29,29,29,29
1680679520123026359,29,29,29,29
1680679520124728225,29,29,29,29
1680679520126417030,29,29,29,29
1680679520128099590,29,29,29,29
1680679520129788874,29,29,29,29
1680679520131566928,29,29,29,29
1680679520133262140,29,29,29,29
1680679520134986725,29,29,29,29
1680679520136698562,29,29,29,29
1680679520138412543,29,29,29,29
1680679520140117223,29,29,29,29
1680679520141827226,29,29,29,29
1680679520143576660,29,29,29,29
1680679520145330521,29,29,29,29
1680679520147033831,29,29,29,29
1680679520148725809,29,29,29,29
1680679520150392484,29,29,29,29
1680679520152082842,29,29,29,29
1680679520153753353,29,29,29,29
1680679520155415045,29,29,29,29
1680679520157077929,29,29,29,29
1680679520158765683,29,29,29,29
1680679520160477964,29,29,29,29
1680679520162186000,29,29,29,29
1680679520163894215,29,29,29,29
1680679520165667883,29,29,29,29
1680679520167374821,29,29,29,29
1680679520169139951,29,29,29,29
1680679520170821412,29,29,29,29
1680679520172590399,29,29,29,29
1680679520174275673,29,29,29,29
1680679520175957362,29,29,29,29
1680679520177638963,29,29,29,29
1680679520179316051,29,29,29,29
1680679520180991134,29,29,29,29
1680679520182671411,29,29,29,29
1680679520184383763,29,29,29,29
1680679520186089679,29,29,29,29
1680679520187774757,29,29,29,29
1680679520189535526,29,29,29,29
1680679520191219540,29,29,29,29
1680679520193030788,29,29,29,29
1680679520194716644,29,29,29,29
1680679520196408649,29,29,29,29
1680679520198154202,29,29,29,29
1680679520199836145,29,29,29,29
1680679520201514753,29,29,29,29
1680679520203203582,29,29,29,29
1680679520204975400,29,29,29,29
1680679520206671275,29,29,29,29
1680679520208451528,29,29,29,29
1680679520210152085,29,29,29,29
1680679520211842866,29,29,29,29
1680679520213528411,29,29,29,29
1680679520215213080,29,29,29,29
1680679520216942866,29,29,29,29
1680679520218633402,29,29,29,29
1680679520220409873,29,29,29,29
1680679520222099924,29,29,29,29
1680679520223786146,29,29,29,29
1680679520225491810,29,29,29,29
1680679520227178486,29,29,29,29
1680679520228972582,29,29,29,29
1680679520230657489,29,29,29,29
1680679520232362092,29,29,29,29
1680679520234057691,29,29,29,29
1680679520235736898,29,29,29,29
1680679520237420800,29,29,29,29
1680679520239101597,29,29,29,29
1680679520240796774,29,29,29,29
1680679520242555526,29,29,29,29
1680679520244300248,29,29,29,29
1680679520246019103,29,29,29,29
1680679520247715972,29,29,29,29
1680679520249573827,29,29,29,29
1680679520251259058,29,29,29,29
1680679520252967521,29,29,29,29
1680679520254641581,29,29,29,29
1680679520256318140,29,29,29,29
1680679520258007510,29,29,29,29
1680679520259687997,29,29,29,29
1680679520261381546,29,29,29,29
1680679520263081057,29,29,29,29
1680679520264785993,29,29,29,29
1680679520266469531,29,29,29,29
1680679520268156174,29,29,29,29
1680679520269896618,29,29,29,29
1680679520271669007,29,29,29,29
1680679520273356365,29,29,29,29
1680679520275037692,29,29,29,29
1680679520276723936,29,29,29,29
1680679520278519298,29,29,29,29
1680679520280199035,29,29,29,29
1680679520281880684,29,29,29,29
1680679520283560723,29,29,29,29
1680679520285298278,29,29,29,29
1680679520286979669,29,29,29,29
1680679520288726406,29,29,29,29
1680679520290399619,29,29,29,29
1680679520292089391,29,29,29,29
1680679520293780874,29,29,29,29
1680679520295469468,29,29,29,29
1680679520297152525,29,29,29,29
1680679520298838176,29,29,29,29
1680679520300526135,29,29,29,29
1680679520302220367,29,29,29,29
1680679520303910180,29,29,29,29
1680679520305629317,29,29,29,29
1680679520307318326,29,29,29,29
1680679520309068232,29,29,29,29
1680679520310753077,29,29,29,29
1680679520312462714,29,29,29,29
1680679520314159982,29,29,29,29
1680679520315842862,29,29,29,29
1680679520317591556,29,29,29,29
1680679520319267282,29,29,29,29
1680679520320946888,29,29,29,29
1680679520322624641,29,29,29,29
1680679520324310594,29,29,29,29
1680679520326009221,29,29,29,29
1680679520327694862,29,29,29,29
1680679520329461832,29,29,29,29
1680679520331142912,29,29,29,29
1680679520332857118,29,29,29,29
1680679520334530463,29,29,29,29
1680679520336213487,29,29,29,29
1680679520337900547,29,29,29,29
1680679520339625656,29,29,29,29
1680679520341308405,29,29,29,29
1680679520342991633,29,29,29,29
1680679520344728873,29,29,29,29
1680679520346411429,29,29,29,29
1680679520348099983,29,29,29,29
1680679520349942317,29,29,29,29
1680679520351628700,29,29,29,29
1680679520353368295,29,29,29,29
1680679520355096226,29,29,29,29
1680679520356800331,29,29,29,29
1680679520358501486,29,29,29,29
1680679520360213488,29,29,29,29
1680679520361939776,29,29,29,29
1680679520363681425,29,29,29,29
1680679520365762314,29,29,29,29
1680679520367507878,29,29,29,29
1680679520369518896,29,29,29,29
1680679520371336136,29,29,29,29
1680679520373303346,29,29,29,29
1680679520393157777,29,29,29,29
1680679520394966082,29,29,29,29
1680679520397031851,29,29,29,29
1680679520398836165,29,29,29,29
1680679520400640167,29,29,29,29
1680679520402570730,29,29,29,29
1680679520404505399,29,29,29,29
1680679520406234852,29,29,29,29
1680679520407920627,29,29,29,29
1680679520409845046,29,29,29,29
1680679520411882705,29,29,29,29
1680679520413625061,29,29,29,29
1680679520415358834,29,29,29,29
1680679520417096699,29,29,29,29
1680679520418836829,29,29,29,29
1680679520420565442,29,29,29,29
1680679520422304902,29,29,29,29
1680679520423989643,29,29,29,29
1680679520425771280,29,29,29,29
1680679520427469568,29,29,29,29
1680679520429216065,29,29,29,29
1680679520430896297,29,29,29,29
1680679520432627334,29,29,29,29
1680679520434321187,29,29,29,29
1680679520436017648,29,29,29,29
1680679520437703872,29,29,29,29
1680679520439390316,29,29,29,29
1680679520441159630,29,29,29,29
1680679520442865317,29,29,29,29
1680679520444557593,29,29,29,29
1680679520446268351,29,29,29,29
1680679520447941500,29,29,29,29
1680679520449744931,29,29,29,29
1680679520451422135,29,29,29,29
1680679520453171895,29,29,29,29
1680679520454856971,29,29,29,29
1680679520456538962,29,29,29,29
1680679520458229665,29,29,29,29
1680679520459910616,29,29,29,29
1680679520461597410,29,29,29,29
1680679520463284203,29,29,29,29
1680679520465004145,29,29,29,29
1680679520466725139,29,29,29,29
1680679520468578930,29,29,29,29
1680679520470530840,29,29,29,29
1680679520472435255,29,29,29,29
1680679520474360089,29,29,29,29
1680679520476265914,29,29,29,29
1680679520478157550,29,29,29,29
1680679520480036112,29,29,29,29
1680679520481904502,29,29,29,29
1680679520483759865,29,29,29,29
1680679520485625768,29,29,29,29
1680679520487480355,29,29,29,29
1680679520489386217,29,29,29,29
1680679520491261188,29,29,29,29
1680679520493152827,29,29,29,29
1680679520495021852,29,29,29,29
1680679520496897473,29,29,29,29
1680679520499310957,29,29,29,29
1680679520501221031,29,29,29,29
1680679520503120704,29,29,29,29
1680679520505020235,29,29,29,29
1680679520506939570,29,29,29,29
1680679520508819589,29,29,29,29
1680679520510696291,29,29,29,29
1680679520512596590,29,29,29,29
1680679520515111549,29,29,29,29
1680679520517009257,29,29,29,29
1680679520518883587,29,29,29,29
1680679520520777396,29,29,29,29
1680679520522660547,29,29,29,29
1680679520524541057,29,29,29,29
1680679520526401474,29,29,29,29
1680679520528333395,29,29,29,29
1680679520530902483,29,29,29,29
1680679520533605791,29,29,29,29
1680679520535815332,29,29,29,29
1680679520538032267,29,29,29,29
1680679520604654359,29,29,30,29
1680679520671826252,29,29,30,29
1680679520674328015,29,29,30,29
1680679520676234534,29,29,30,29
1680679520678156651,29,29,30,29
1680679520680063314,29,29,30,29
1680679520681970955,29,29,30,29
1680679520683604151,29,29,30,29
1680679520685233221,29,29,30,29
1680679520686874037,29,29,30,29
1680679520688506638,29,29,30,29
1680679520690262517,29,29,30,29
1680679520691898956,29,29,30,29
1680679520693627046,29,29,30,29
1680679520695307180,29,29,30,29
1680679520696991251,29,29,30,29
1680679520698670953,29,29,30,29
1680679520700439307,29,29,30,29
1680679520702131251,29,29,30,29
1680679520703818161,29,29,30,29
1680679520705510247,29,29,30,29
1680679520707298259,29,29,30,29
1680679520708982009,29,29,30,29
1680679520710811150,29,29,30,29
1680679520712500456,29,29,30,29
1680679520714247038,29,29,30,29
1680679520715934724,29,29,30,29
1680679520717628144,29,29,30,29
1680679520719316111,29,29,30,29
1680679520721008132,29,29,30,29
1680679520722692737,29,29,30,29
1680679520724374120,29,29,30,29
1680679520726066023,29,29,30,29
1680679520727767748,29,29,30,29
1680679520729455982,29,29,30,29
1680679520731213261,29,29,30,29
1680679520732954791,29,29,30,29
1680679520734633076,29,29,30,29
1680679520736314846,29,29,30,29
1680679520738002333,29,29,30,29
1680679520739682914,29,29,30,29
1680679520741363941,29,29,30,29
1680679520743046375,29,29,30,29
1680679520744728163,29,29,30,29
1680679520746541809,29,29,30,29
1680679520748251839,29,29,30,29
1680679520750009347,29,29,30,29
1680679520751720910,29,29,30,29
1680679520753553519,29,29,30,29
1680679520755248922,29,29,30,29
1680679520756914811,29,29,30,29
1680679520758576931,29,29,30,29
1680679520760249066,29,29,30,29
1680679520761930292,29,29,30,29
1680679520763604676,29,29,30,29
1680679520765304152,29,29,30,29
1680679520767044390,29,29,30,29
1680679520768727335,29,29,30,29
1680679520770508421,29,29,30,29
1680679520772211680,29,29,30,29
1680679520773957189,29,29,30,29
1680679520775663405,29,29,30,29
1680679520777348794,29,29,30,29
1680679520779031408,29,29,30,29
1680679520780720892,29,29,30,29
1680679520782405548,29,29,30,29
1680679520784090627,29,29,30,29
1680679520785784701,29,29,30,29
1680679520787521247,29,29,30,29
1680679520789207324,29,29,30,29
1680679520790958324,29,29,30,29
1680679520792639852,29,29,30,29
1680679520794346700,29,29,30,29
1680679520796038554,29,29,30,29
1680679520797838940,29,29,30,29
1680679520799529476,29,29,30,29
1680679520801209100,29,29,30,29
1680679520802888262,29,29,30,29
1680679520804572987,29,29,30,29
1680679520806290804,29,29,30,29
1680679520808043041,29,29,30,29
1680679520809811764,29,29,30,29
1680679520811493373,29,29,30,29
1680679520813189952,29,29,30,29
1680679520814871386,29,29,30,29
1680679520816561752,29,29,30,29
1680679520818281932,29,29,30,29
1680679520819968817,29,29,30,29
1680679520821702543,29,29,30,29
1680679520823391106,29,29,30,29
1680679520825077197,29,29,30,29
1680679520826772741,29,29,30,29
1680679520828442176,29,29,30,29
1680679520830205401,29,29,30,29
1680679520831874982,29,29,30,29
1680679520833554574,29,29,30,29
1680679520835229911,29,29,30,29
1680679520836898204,29,29,30,29
1680679520838578597,29,29,30,29
1680679520840268314,29,29,30,29
1680679520841965846,29,29,30,29
1680679520843707069,29,29,30,29
1680679520845383442,29,29,30,29
1680679520847100841,29,29,30,29
1680679520848805799,29,29,30,29
1680679520850602337,29,29,30,29
1680679520852304178,29,29,30,29
1680679520854079277,29,29,30,29
1680679520855785556,29,29,30,29
1680679520857492923,29,29,30,29
1680679520859204688,29,29,30,29
1680679520860844426,29,29,30,29
1680679520862494152,29,29,30,29
1680679520864147454,29,29,30,29
1680679520865797855,29,29,30,29
1680679520867536502,29,29,30,29
1680679520869183207,29,29,30,29
1680679520870985105,29,29,30,29
1680679520872671248,29,29,30,29
1680679520874391575,29,29,30,29
1680679520876088592,29,29,30,29
1680679520877770047,29,29,30,29
1680679520879451166,29,29,30,29
1680679520881136444,29,29,30,29
1680679520882842494,29,29,30,29
1680679520884550210,29,29,30,29
1680679520886265380,29,29,30,29
1680679520887994325,29,29,30,29
1680679520889704359,29,29,30,29
1680679520891421637,29,29,30,29
1680679520893105908,29,29,30,29
1680679520894789691,29,29,30,29
1680679520896482275,29,29,30,29
1680679520898171787,29,29,30,29
1680679520899856304,29,29,30,29
1680679520901543100,29,29,30,29
1680679520903234193,29,29,30,29
1680679520904918152,29,29,30,29
1680679520906614698,29,29,30,29
1680679520908304505,29,29,30,29
1680679520910084002,29,29,30,29
1680679520911765388,29,29,30,29
1680679520913452082,29,29,30,29
1680679520915137318,29,29,30,29
1680679520916825081,29,29,30,29
1680679520918510645,29,29,30,29
1680679520920284096,29,29,30,29
1680679520921971784,29,29,30,29
1680679520923657693,29,29,30,29
1680679520925340609,29,29,30,29
1680679520927037097,29,29,30,29
1680679520928727195,29,29,30,29
1680679520930477212,29,29,30,29
1680679520932161912,29,29,30,29
1680679520933879843,29,29,30,29
1680679520935572248,29,29,30,29
1680679520937297880,29,29,30,29
1680679520938987827,29,29,30,29
1680679520940681016,29,29,30,29
1680679520942386613,29,29,30,29
1680679520944158675,29,29,30,29
1680679520945849261,29,29,30,29
1680679520947550476,29,29,30,29
1680679520949226426,29,29,30,29
1680679520950942675,29,29,30,29
1680679520952624846,29,29,30,29
1680679520954401326,29,29,30,29
1680679520956093014,29,29,30,29
1680679520957820909,29,29,30,29
1680679520959504543,29,29,30,29
1680679520961195710,29,29,30,29
1680679520962883817,29,29,30,29
1680679520964587723,29,29,30,29
1680679520966266021,29,29,30,29
1680679520967963255,29,29,30,29
1680679520969632067,29,29,30,29
1680679520971370965,29,29,30,29
1680679520973037764,29,29,30,29
1680679520974743858,29,29,30,29
1680679520976433900,29,29,29,29
1680679520978127462,29,29,29,29
1680679520979825431,29,29,29,29
1680679520981509783,29,29,29,29
1680679520983195519,29,29,29,29
1680679520984907652,29,29,29,29
1680679520986620133,29,29,29,29
1680679520988351242,29,29,29,29
1680679520990067630,29,29,29,29
1680679520991828364,29,29,29,29
1680679520993558235,29,29,29,29
1680679520995240096,29,29,29,29
1680679520996923820,29,29,29,29
1680679520998600895,29,29,29,29
1680679521000283394,29,29,29,29
1680679521001974952,29,29,29,29
1680679521003657954,29,29,29,29
1680679521005346280,29,29,29,29
1680679521007043853,29,29,29,29
1680679521008726248,29,29,29,29
1680679521010502904,29,29,29,29
1680679521012202699,29,29,29,29
1680679521013894353,29,29,29,29
1680679521015574076,29,29,29,29
1680679521017254921,29,29,29,29
1680679521018936471,29,29,29,29
1680679521020626343,29,29,29,29
1680679521022311892,29,29,29,29
1680679521023993942,29,29,29,29
1680679521025677096,29,29,29,29
1680679521027379531,29,29,29,29
1680679521029060710,29,29,29,29
1680679521030787306,29,29,29,29
1680679521032538229,29,29,29,29
1680679521034258784,29,29,29,29
1680679521035949936,29,29,29,29
1680679521037636060,29,29,29,29
1680679521039320538,29,29,29,29
1680679521041005869,29,29,29,29
1680679521042684519,29,29,29,29
1680679521044374345,29,29,29,29
1680679521046069599,29,29,29,29
1680679521047782480,29,29,29,29
1680679521049477967,29,29,29,29
1680679521051299559,29,29,29,29
1680679521052996910,29,29,29,29
1680679521054747184,29,29,29,29
1680679521056422316,29,29,29,29
1680679521058116256,29,29,29,29
1680679521059801386,29,29,29,29
1680679521061482947,29,29,29,29
1680679521063163534,29,29,29,29
1680679521064909009,29,29,29,29
1680679521066592205,29,29,29,29
1680679521068287677,29,29,29,29
1680679521069966137,29,29,29,29
1680679521071660332,29,29,29,29
1680679521073376619,29,29,29,29
1680679521075058733,29,29,29,29
1680679521076726629,29,29,29,29
1680679521078446491,29,29,29,29
1680679521080154035,29,29,29,29
1680679521081866078,29,29,29,29
1680679521083572597,29,29,29,29
1680679521085282218,29,29,29,29
1680679521086998191,29,29,29,29
1680679521088727364,29,29,29,29
1680679521090445325,29,29,29,29
1680679521092133739,29,29,29,29
1680679521093852953,29,29,29,29
1680679521095540007,29,29,29,29
1680679521097218977,29,29,29,29
1680679521098900265,29,29,29,29
1680679521100584028,29,29,29,29
1680679521102275839,29,29,29,29
1680679521103958427,29,29,29,29
1680679521105641700,29,29,29,29
1680679521107476120,29,29,29,29
1680679521109158014,29,29,29,29
1680679521110978055,29,29,29,29
1680679521112667057,29,29,29,29
1680679521114372040,29,29,29,29
1680679521116060142,29,29,29,29
1680679521117745051,29,29,29,29
1680679521119433876,29,29,29,29
1680679521121117785,29,29,29,29
1680679521122804967,29,29,29,29
1680679521124491588,29,29,29,29
1680679521126187318,29,29,29,29
1680679521127970270,29,29,29,29
1680679521129649762,29,29,29,29
1680679521131364230,29,29,29,29
1680679521133049472,29,29,29,29
1680679521134762467,29,29,29,29
1680679521136452577,29,29,29,29
1680679521138142629,29,29,29,29
1680679521139822894,29,29,29,29
1680679521141503225,29,29,29,29
1680679521143183985,29,29,30,29
1680679521144867790,29,29,30,29
1680679521146551052,29,29,30,29
1680679521148302335,29,29,30,29
1680679521150009932,29,29,30,29
1680679521151765125,29,29,30,29
1680679521153453693,29,29,30,29
1680679521155163307,29,29,30,29
1680679521156847717,29,29,30,29
1680679521158531454,29,29,30,29
1680679521160215015,29,29,30,29
1680679521161901025,29,29,30,29
1680679521163584517,29,29,30,29
1680679521165349651,29,29,30,29
1680679521167028325,29,29,30,29
1680679521168729616,29,29,30,29
1680679521170416225,29,29,30,29
1680679521172152548,29,29,30,29
1680679521173843776,29,29,30,29
1680679521175530578,29,29,30,29
1680679521177226435,29,29,30,29
1680679521178911872,29,29,30,29
1680679521180600669,29,29,30,29
1680679521182298538,29,29,30,29
1680679521183988129,29,29,30,29
1680679521185754383,29,29,30,29
1680679521187449603,29,29,30,29
1680679521189134485,29,29,30,29
1680679521190916750,29,29,30,29
1680679521192607285,29,29,30,29
1680679521194320633,29,29,30,29
1680679521196003008,29,29,30,29
1680679521197690976,29,29,30,29
1680679521199373186,29,29,30,29
1680679521201079947,29,29,30,29
1680679521202761478,29,29,30,29
1680679521204441492,29,29,30,29
1680679521206136382,29,29,30,29
1680679521207835920,29,29,30,29
1680679521209522288,29,29,30,29
1680679521211284997,29,29,30,29
1680679521212972199,29,29,30,29
1680679521214726264,29,29,30,29
1680679521216407061,29,29,30,29
1680679521218096718,29,29,30,29
1680679521219781499,29,29,30,29
1680679521221489898,29,29,30,29
1680679521223175647,29,29,30,29
1680679521224862104,29,29,30,29
1680679521226543232,29,29,30,29
1680679521228243437,29,29,30,29
1680679521229939783,29,29,30,29
1680679521231661408,29,29,30,29
1680679521233354522,29,29,30,29
1680679521235056671,29,29,30,29
1680679521236726755,29,29,30,29
1680679521238418249,29,29,30,29
1680679521240107316,29,29,30,29
1680679521241795438,29,29,30,29
1680679521243491752,29,29,30,29
1680679521245174675,29,29,30,29
1680679521246851595,29,29,30,29
1680679521248622028,29,29,30,29
1680679521250332495,29,29,30,29
1680679521252156780,29,29,30,29
1680679521253848459,29,29,30,29
1680679521255536800,29,29,30,29
1680679521257219360,29,29,30,29
1680679521258900360,29,29,30,29
1680679521260592734,29,29,30,29
1680679521262282402,29,29,30,29
1680679521263973322,29,29,30,29
1680679521265659426,29,29,30,29
1680679521267349390,29,29,30,29
1680679521269146101,29,29,30,29
1680679521270860809,29,29,30,29
1680679521272577444,29,29,30,29
1680679521274327057,29,29,30,29
1680679521276019503,29,29,30,29
1680679521277702148,29,29,30,29
1680679521279384643,29,29,30,29
1680679521281066019,29,29,30,29
1680679521282742222,29,29,30,29
1680679521284403963,29,29,30,29
1680679521286086087,29,29,30,29
1680679521287851166,29,29,30,29
1680679521289517860,29,29,30,29
1680679521291199386,29,29,30,29
1680679521292870372,29,29,30,29
1680679521294668007,29,29,30,29
1680679521296349555,29,29,30,29
1680679521298092266,29,29,30,29
1680679521299805798,29,29,30,29
1680679521301598025,29,29,30,29
1680679521303334594,29,29,30,29
1680679521305071574,29,29,30,29
1680679521306827175,29,29,30,29
1680679521308606843,29,29,30,29
1680679521310346583,29,29,30,29
1680679521312325550,29,29,30,29
1680679521314120164,29,29,30,29
1680679521315881160,29,29,30,29
1680679521317611535,29,29,30,29
1680679521319437937,29,29,30,29
1680679521339885281,29,29,30,29
1680679521341661273,29,29,30,29
1680679521343425480,29,29,30,29
1680679521345188976,29,29,30,29
1680679521346955058,29,29,30,29
1680679521348730718,29,29,30,29
1680679521350489017,29,29,30,29
1680679521352277832,29,29,30,29
1680679521354025055,29,29,30,29
1680679521355762365,29,29,30,29
1680679521357497119,29,29,30,29
1680679521359185493,29,29,30,29
1680679521360844805,29,29,30,29
1680679521362504711,29,29,30,29
1680679521364181670,29,29,30,29
1680679521365927354,29,29,30,29
1680679521367596785,29,29,30,29
1680679521369358159,29,29,30,29
1680679521371039099,29,29,30,29
1680679521372782361,29,29,30,29
1680679521374487455,29,29,30,29
1680679521376185367,29,29,30,29
1680679521377872492,29,29,30,29
1680679521379548961,29,29,30,29
1680679521381235655,29,29,30,29
1680679521382911177,29,29,30,29
1680679521384594617,29,29,30,29
1680679521386294020,29,29,30,29
1680679521388042170,29,29,30,29
1680679521389726996,29,29,30,29
1680679521391438941,29,29,30,29
1680679521393181517,29,29,30,29
1680679521394894261,29,29,30,29
1680679521396582901,29,29,30,29
1680679521398275113,29,29,30,29
1680679521399961321,29,29,30,29
1680679521401710153,29,29,30,29
1680679521403389784,29,29,30,29
1680679521405075260,29,29,30,29
1680679521406751037,29,29,30,29
1680679521408456273,29,29,30,29
1680679521410151817,29,29,30,29
1680679521411863662,29,29,30,29
1680679521413548856,29,29,30,29
1680679521415259697,29,29,30,29
1680679521416962271,29,29,30,29
1680679521418640378,29,29,30,29
1680679521420329632,29,29,30,29
1680679521422077113,29,29,30,29
1680679521423773098,29,29,30,29
1680679521425463703,29,29,30,29
1680679521427152906,29,29,30,29
1680679521428922857,29,29,30,29
1680679521430609489,29,29,30,29
1680679521432432389,29,29,30,29
1680679521434133428,29,29,30,29
1680679521435842397,29,29,30,29
1680679521437533748,29,29,30,29
1680679521439216303,29,29,30,29
1680679521440899257,29,29,30,29
1680679521442580988,29,29,30,29
1680679521444262765,29,29,30,29
1680679521445980973,29,29,30,29
1680679521447668697,29,29,30,29
1680679521449456864,29,29,30,29
1680679521451162658,29,29,30,29
1680679521453002521,29,29,30,29
1680679521454718372,29,29,30,29
1680679521456404694,29,29,30,29
1680679521458094023,29,29,30,29
1680679521459778443,29,29,30,29
1680679521461449440,29,29,30,29
1680679521463115988,29,29,30,29
1680679521464791093,29,29,30,29
1680679521466459406,29,29,30,29
1680679521468184426,29,29,30,29
1680679521469928293,29,29,30,29
1680679521471700819,29,29,30,29
1680679521473445045,29,29,30,29
1680679521475147921,29,29,30,29
1680679521476835058,29,29,30,29
1680679521478520536,29,29,29,29
1680679521480205347,29,29,29,29
1680679521481904061,29,29,29,29
1680679521483591828,29,29,29,29
1680679521485270828,29,29,29,29
1680679521486955610,29,29,29,29
1680679521488671950,29,29,29,29
1680679521490360993,29,29,29,29
1680679521492146753,29,29,29,29
1680679521493844196,29,29,29,29
1680679521495583932,29,29,29,29
1680679521497266698,29,29,29,29
1680679521498949500,29,29,29,29
1680679521500632117,29,29,29,29
1680679521502315523,29,29,29,29
1680679521504006468,29,29,29,29
1680679521505687905,29,29,29,29
1680679521507375949,29,29,29,29
1680679521509116034,29,29,29,29
1680679521510799796,29,29,29,29
1680679521512588885,29,29,29,29
1680679521514348079,29,29,29,29
1680679521516061493,29,29,29,29
1680679521517749136,29,29,29,29
1680679521519434002,29,29,29,29
1680679521521117639,29,29,29,29
1680679521522799004,29,29,29,29
1680679521524468397,29,29,29,29
1680679521526145269,29,29,29,29
1680679521527818855,29,29,29,29
1680679521529505226,29,29,29,29
1680679521531166410,29,29,29,29
1680679521532885937,29,29,29,29
1680679521534593344,29,29,29,29
1680679521536304417,29,29,29,29
1680679521538016267,29,29,29,29
1680679521539722653,29,29,29,29
1680679521541432906,29,29,29,29
1680679521543142312,29,29,29,29
1680679521544843630,29,29,29,29
1680679521546524157,29,29,29,29
1680679521548313126,29,29,29,29
1680679521550011386,29,29,29,29
1680679521551800437,29,29,29,29
1680679521553560420,29,29,29,29
1680679521555359894,29,29,29,29
1680679521557045481,29,29,29,29
1680679521558728962,29,29,29,29
1680679521560408637,29,29,29,29
1680679521562102583,29,29,29,29
1680679521563787353,29,29,29,29
1680679521565478491,29,29,29,29
1680679521567162410,29,29,29,29
1680679521568862836,29,29,29,29
1680679521570550044,29,29,29,29
1680679521572313493,29,29,29,29
1680679521574006924,29,29,29,29
1680679521575758664,29,29,29,29
1680679521577443517,29,29,29,29
1680679521579170883,29,29,29,29
1680679521580861660,29,29,29,29
1680679521582542682,29,29,29,29
1680679521584229594,29,29,29,29
1680679521585916728,29,29,29,29
1680679521587598936,29,29,29,29
1680679521589309231,29,29,29,29
1680679521590991007,29,29,29,29
1680679521592726458,29,29,29,29
1680679521594413624,29,29,29,29
1680679521596128592,29,29,29,29
1680679521597834110,29,29,29,29
1680679521599521732,29,29,29,29
1680679521601204934,29,29,29,29
1680679521602888028,29,29,29,29
1680679521604804572,29,29,29,29
1680679521606494422,29,29,29,29
1680679521608183929,29,29,29,29
1680679521609895466,29,29,29,29
1680679521611582856,29,29,29,29
1680679521613324500,29,29,29,29
1680679521615031211,29,29,29,29
1680679521616725415,29,29,29,29
1680679521618412873,29,29,29,29
1680679521620092664,29,29,29,29
1680679521621772432,29,29,29,29
1680679521623448898,29,29,29,29
1680679521625127471,29,29,29,29
1680679521626805257,29,29,29,29
1680679521628569122,29,29,29,29
1680679521630243143,29,29,29,29
1680679521631967957,29,29,29,29
1680679521633684266,29,29,29,29
1680679521635374586,29,29,29,29
1680679521637047761,29,29,29,29
1680679521638732442,29,29,29,29
1680679521640417386,29,29,29,29
1680679521642120844,29,29,29,29
1680679521643811580,29,29,29,29
1680679521645503837,29,29,29,29
1680679521647197327,29,29,29,29
1680679521648919789,29,29,29,29
1680679521650616563,29,29,29,29
1680679521652415035,29,29,29,29
1680679521654178596,29,29,29,29
1680679521655950024,29,29,29,29
1680679521657653114,29,29,29,29
1680679521659354107,29,29,29,29
1680679521661002750,29,29,29,29
1680679521662647069,29,29,29,29
1680679521664301976,29,29,29,29
1680679521665992801,29,29,29,29
1680679521667643669,29,29,29,29
1680679521669343298,29,29,29,29
1680679521671084772,29,29,29,29
1680679521672830566,29,29,29,29
1680679521674554046,29,29,29,29
1680679521676260732,29,29,29,29
1680679521677969520,29,29,29,29
1680679521679740651,29,29,29,29
1680679521681442894,29,29,29,29
1680679521683151009,29,29,29,29
1680679521684862898,29,29,29,29
1680679521686573483,29,29,29,29
1680679521688285705,29,29,29,29
1680679521690029506,29,29,29,29
1680679521691730044,29,29,29,29
1680679521693485184,29,29,29,29
1680679521695175670,29,29,29,29
1680679521696858390,29,29,29,29
1680679521698539623,29,29,29,29
1680679521700400275,29,29,29,29
1680679521702190516,29,29,29,29
1680679521704123273,29,29,29,29
1680679521705824061,29,29,29,29
1680679521707513918,29,29,29,29
1680679521709308416,29,29,29,29
1680679521711160218,29,29,29,29
1680679521712932367,29,29,29,29
1680679521714611704,29,29,29,29
1680679521716314687,29,29,29,29
1680679521718255218,29,29,29,29
1680679521719946542,29,29,29,29
1680679521721628930,29,29,29,29
1680679521723312434,29,29,29,29
1680679521725196326,29,29,29,29
1680679521726864168,29,29,29,29
1680679521728534276,29,29,29,29
1680679521730204852,29,29,29,29
1680679521731879743,29,29,29,29
1680679521733617160,29,29,29,29
1680679521735376235,29,29,29,29
1680679521737056693,29,29,29,29
1680679521738737580,29,29,29,29
1680679521740418794,29,29,29,29
1680679521742111299,29,29,29,29
1680679521743794242,29,29,29,29
1680679521745484052,29,29,29,29
1680679521747173315,29,29,29,29
1680679521748881312,29,29,29,29
1680679521750571947,29,29,29,29
1680679521752279843,29,29,29,29
1680679521754024423,29,29,29,29
1680679521755737383,29,29,29,29
1680679521757434879,29,29,29,29
1680679521759144825,29,29,29,29
1680679521760911978,29,29,29,29
1680679521762622868,29,29,29,29
1680679521764333784,29,29,29,29
1680679521766038385,29,29,29,29
1680679521767724101,29,29,29,29
1680679521769431142,29,29,29,29
1680679521771124878,29,29,29,29
1680679521772895878,29,29,29,29
1680679521774580649,29,29,29,29
1680679521776326927,29,29,29,29
1680679521778010747,29,29,29,29
1680679521779695377,29,29,29,29
1680679521781380166,29,29,29,29
1680679521783064363,29,29,29,29
1680679521784910509,29,29,29,29
1680679521786782032,29,29,29,29
1680679521788666392,29,29,29,29
1680679521790519852,29,29,29,29
1680679521792411512,29,29,29,29
1680679521794288321,29,29,29,29
1680679521796209742,29,29,29,29
1680679521798555241,29,29,29,29
1680679521800427507,29,29,29,29
1680679521802388969,29,29,29,29
1680679521804250606,29,29,29,29
1680679521806114838,29,29,29,29
1680679521808017681,29,29,29,29
1680679521809991586,29,29,29,29
1680679521811882888,29,29,30,29
1680679521815599665,29,29,30,29
1680679521817524827,29,29,30,29
1680679521819424481,29,29,30,29
1680679521821329324,29,29,30,29
1680679521823226847,29,29,30,29
1680679521825127788,29,29,30,29
1680679521827035024,29,29,30,29
1680679521828938620,29,29,30,29
1680679521831450769,29,29,30,29
1680679521833454473,29,29,30,29
1680679521835344057,29,29,30,29
1680679521837219000,29,29,30,29
1680679521839124960,29,29,30,29
1680679521841027397,29,29,30,29
1680679521842937426,29,29,30,29
1680679521844827712,29,29,30,29
1680679521847342225,29,29,30,29
1680679521850060323,29,29,30,29
1680679521852252264,29,29,30,29
1680679521854346414,29,29,30,29
1680679521930607816,29,29,30,29
1680679522014800509,29,29,30,29
1680679522017245295,29,29,30,29
1680679522019148207,29,29,30,29
1680679522021067782,29,29,30,29
1680679522022980046,29,29,30,29
1680679522024898942,29,29,30,29
1680679522026831884,29,29,30,29
1680679522028615526,29,29,30,29
1680679522030357291,29,29,30,29
1680679522032030621,29,29,30,29
1680679522033939439,29,29,30,29
1680679522035706974,29,29,30,29
1680679522037578028,29,29,30,29
1680679522039310102,29,29,30,29
1680679522041038434,29,29,30,29
1680679522042727033,29,29,30,29
1680679522064420944,29,29,30,29
1680679522066213258,29,29,30,29
1680679522067975875,29,29,30,29
1680679522069773095,29,29,30,29
1680679522071546061,29,29,30,29
1680679522073304590,29,29,30,29
1680679522075091243,29,29,30,29
1680679522076833527,29,29,30,29
1680679522078568164,29,29,30,29
1680679522080300705,29,29,30,29
1680679522082036440,29,29,30,29
1680679522083764924,29,29,30,29
1680679522085449584,29,29,30,29
1680679522087133608,29,29,30,29
1680679522088826575,29,29,30,29
1680679522090568360,29,29,30,29
1680679522092253882,29,29,30,29
1680679522093941127,29,29,30,29
1680679522095770519,29,29,30,29
1680679522097505731,29,29,30,29
1680679522099177576,29,29,30,29
1680679522100855375,29,29,30,29
1680679522102532070,29,29,30,29
1680679522104218853,29,29,30,29
1680679522105907401,29,29,30,29
1680679522107594872,29,29,30,29
1680679522109286586,29,29,30,29
1680679522111026274,29,29,30,29
1680679522112712177,29,29,30,29
1680679522114405039,29,29,30,29
1680679522116168625,29,29,30,29
1680679522117859145,29,29,30,29
1680679522119551724,29,29,30,29
1680679522121240153,29,29,30,29
1680679522122921190,29,29,30,29
1680679522124613595,29,29,30,29
1680679522126295799,29,29,30,29
1680679522127985412,29,29,30,29
1680679522129760284,29,29,30,29
1680679522131443517,29,29,30,29
1680679522133130788,29,29,30,29
1680679522134836266,29,29,30,29
1680679522136553005,29,29,30,29
1680679522138244746,29,29,30,29
1680679522139931008,29,29,30,29
1680679522141607181,29,29,30,29
1680679522143291419,29,29,30,29
1680679522144981567,29,29,30,29
1680679522146666041,29,29,30,29
1680679522148358229,29,29,30,29
1680679522150091440,29,29,30,29
1680679522151772461,29,29,30,29
1680679522153456120,29,29,30,29
1680679522155223901,29,29,30,29
1680679522156920699,29,29,30,29
1680679522158583274,29,29,30,29
1680679522160251409,29,29,30,29
1680679522161920103,29,29,30,29
1680679522163580675,29,29,30,29
1680679522165245844,29,29,30,29
1680679522166952684,29,29,30,29
1680679522168663774,29,29,30,29
1680679522170410560,29,29,30,29
1680679522172120630,29,29,30,29
1680679522173838139,29,29,30,29
1680679522175607016,29,29,30,29
1680679522177370522,29,29,30,29
1680679522179072407,29,29,30,29
1680679522180778426,29,29,30,29
1680679522182480014,29,29,30,29
1680679522184185722,29,29,30,29
1680679522185984930,29,29,30,29
1680679522187696491,29,29,30,29
1680679522189379691,29,29,30,29
1680679522191078608,29,29,30,29
1680679522192725685,29,29,30,29
1680679522194408150,29,29,30,29
1680679522196171618,29,29,30,29
1680679522198005412,29,29,30,29
1680679522199688316,29,29,30,29
1680679522201378526,29,29,30,29
1680679522203090949,29,29,30,29
1680679522204781314,29,29,30,29
1680679522206461257,29,29,30,29
1680679522208162088,29,29,30,29
1680679522209858697,29,29,30,29
1680679522211541791,29,29,30,29
1680679522213260429,29,29,30,29
1680679522214964565,29,29,30,29
1680679522216685394,29,29,30,29
1680679522218372853,29,29,30,29
1680679522220051799,29,29,30,29
1680679522221730193,29,29,30,29
1680679522223414430,29,29,30,29
1680679522225103032,29,29,30,29
1680679522226785949,29,29,30,29
1680679522228478051,29,29,30,29
1680679522230177909,29,29,30,29
1680679522231867969,29,30,30,29
1680679522233555370,29,30,30,29
1680679522235274888,29,30,30,29
1680679522236988168,29,30,30,29
1680679522238677479,29,30,30,29
1680679522240344965,29,30,30,29
1680679522242026506,29,30,30,29
1680679522243767269,29,30,30,29
1680679522245464757,29,30,30,29
1680679522247127331,29,30,30,29
1680679522248814803,29,30,30,29
1680679522250532232,29,30,30,29
1680679522252243353,29,30,30,29
1680679522253973655,29,30,30,29
1680679522255792975,29,30,30,29
1680679522257517319,29,30,30,29
1680679522259224363,29,30,30,29
1680679522260935688,29,30,30,29
1680679522262623404,29,30,30,29
1680679522264305179,29,30,30,29
1680679522266004150,29,30,30,29
1680679522267686364,29,30,30,29
1680679522269421147,29,30,30,29
1680679522271139169,29,30,30,29
1680679522272825294,29,30,30,29
1680679522274509023,29,30,30,29
1680679522276265598,29,30,30,29
1680679522278094064,29,30,30,29
1680679522279782732,29,30,30,29
1680679522281463266,29,30,30,29
1680679522283144436,29,30,30,29
1680679522284831310,29,30,30,29
1680679522286512982,29,30,30,29
1680679522288203217,29,30,30,29
1680679522289890901,29,30,30,29
1680679522291573765,29,30,30,29
1680679522293256612,29,30,30,29
1680679522294931274,29,30,30,29
1680679522296726303,29,30,30,29
1680679522298406378,29,30,30,29
1680679522300089084,29,30,30,29
1680679522301779269,29,30,30,29
1680679522303485875,29,30,30,29
1680679522305171276,29,30,30,29
1680679522306856670,29,30,30,29
1680679522308563022,29,30,30,29
1680679522310282678,29,30,30,29
1680679522311976671,29,30,30,29
1680679522313659530,29,30,30,29
1680679522315340509,29,30,30,29
1680679522317043484,29,30,29,29
1680679522318725900,29,30,29,29
1680679522320410220,29,30,29,29
1680679522322116252,29,30,29,29
1680679522323802635,29,30,29,29
1680679522325488669,29,30,29,29
1680679522327175840,29,30,29,29
1680679522328857160,29,30,29,29
1680679522330549721,29,30,29,29
1680679522332236493,29,30,29,29
1680679522333932396,29,30,29,29
1680679522335681259,29,30,29,29
1680679522337446327,29,30,29,29
1680679522339133619,29,30,29,29
1680679522340824032,29,30,29,29
1680679522342505506,29,30,29,29
1680679522344185248,29,30,29,29
1680679522345874994,29,30,29,29
1680679522347560947,29,30,29,29
1680679522349255785,29,30,29,29
1680679522350989181,29,30,29,29
1680679522352723624,29,30,29,29
1680679522354492719,29,30,29,29
1680679522356336644,29,30,29,29
1680679522358085022,29,30,29,29
1680679522359769164,29,30,29,29
1680679522361450898,29,30,29,29
1680679522363131461,29,30,29,29
1680679522364822287,29,30,29,29
1680679522366509084,29,30,29,29
1680679522368184551,29,30,29,29
1680679522369867932,29,30,29,29
1680679522371631989,29,30,29,29
1680679522373315526,29,30,29,29
1680679522374995366,29,30,29,29
1680679522376726908,29,30,29,29
1680679522378410363,29,30,29,29
1680679522380093924,29,30,29,29
1680679522381782482,29,30,29,29
1680679522383470835,29,30,29,29
1680679522385161844,29,30,29,29
1680679522386848927,29,30,29,29
1680679522388533935,29,30,29,29
1680679522390232614,29,30,29,29
1680679522391917400,29,30,29,29
1680679522393597225,29,30,29,29
1680679522395272842,29,30,29,29
1680679522397049531,29,30,29,29
1680679522398733979,29,30,29,29
1680679522400422742,29,29,29,29
1680679522402114262,29,29,29,29
1680679522403793845,29,29,29,29
1680679522405474881,29,29,29,29
1680679522407174683,29,29,29,29
1680679522408868074,29,29,29,29
1680679522410587943,29,29,29,29
1680679522412282123,29,29,29,29
1680679522413976584,29,29,29,29
1680679522415785046,29,29,29,29
1680679522417501620,29,29,29,29
1680679522419187020,29,29,29,29
1680679522420867768,29,29,29,29
1680679522422547460,29,29,29,29
1680679522424233971,29,29,29,29
1680679522425929699,29,29,29,29
1680679522427613512,29,29,29,29
1680679522429292924,29,29,29,29
1680679522430986721,29,29,29,29
1680679522432679183,29,29,29,29
1680679522434436806,29,29,29,29
1680679522436152208,29,29,29,29
1680679522437873255,29,29,29,29
1680679522439558483,29,29,29,29
1680679522441242785,29,29,29,29
1680679522442927896,29,29,29,29
1680679522444607441,29,29,29,29
1680679522446312242,29,29,29,29
1680679522448043891,29,29,29,29
1680679522449727610,29,29,29,29
1680679522451479795,29,29,29,29
1680679522453159821,29,29,29,29
1680679522454840578,29,29,29,29
1680679522456586734,29,29,29,29
1680679522458320324,29,29,29,29
1680679522459988262,29,29,29,29
1680679522461658904,29,29,29,29
1680679522463328090,29,29,29,29
1680679522464994103,29,29,29,29
1680679522466710164,29,29,29,29
1680679522468409983,29,29,29,29
1680679522470120342,29,29,29,29
1680679522471975697,29,29,29,29
1680679522473680400,29,29,29,29
1680679522475391024,29,29,29,29
1680679522477326231,29,29,29,29
1680679522478999902,29,29,29,29
1680679522480692616,29,29,29,29
1680679522482412913,29,29,29,29
1680679522484097219,29,29,29,29
1680679522485792380,29,29,29,29
1680679522487481063,29,29,29,29
1680679522489169746,29,29,29,29
1680679522490869404,29,29,29,29
1680679522492552855,29,29,29,29
1680679522494248653,29,29,29,29
1680679522495981328,29,29,29,29
1680679522497692123,29,29,29,29
1680679522499382187,29,29,29,29
1680679522501067648,29,29,29,29
1680679522502747925,29,29,29,29
1680679522504443835,29,29,29,29
1680679522506143419,29,29,29,29
1680679522507831850,29,29,29,29
1680679522509511283,29,29,29,29
1680679522511287298,29,29,29,29
1680679522512967122,29,29,29,29
1680679522514645972,29,29,29,29
1680679522516441754,29,29,29,29
1680679522518159166,29,29,29,29
1680679522519843545,29,29,29,29
1680679522521527854,29,29,29,29
1680679522523211917,29,29,29,29
1680679522524898908,29,29,29,29
1680679522526587636,29,29,29,29
1680679522528280570,29,29,29,29
1680679522529977004,29,29,29,29
1680679522531713753,29,29,29,29
1680679522533391969,29,29,29,29
1680679522535077889,29,29,29,29
1680679522536865495,29,29,29,29
1680679522538611457,29,29,29,29
1680679522540296558,29,29,29,29
1680679522541991679,29,29,29,29
1680679522543679371,29,29,29,29
1680679522545363999,29,29,29,29
1680679522547042644,29,29,29,29
1680679522548728398,29,29,29,29
1680679522550507421,29,29,29,29
1680679522552200610,29,29,29,29
1680679522553890733,29,29,29,29
1680679522555578572,29,29,29,29
1680679522557346307,29,29,29,29
1680679522559030110,29,29,29,29
1680679522560698048,29,29,29,29
1680679522562390561,29,29,29,29
1680679522564151670,29,29,29,29
1680679522565831260,29,29,29,29
1680679522567493497,29,29,29,29
1680679522569156942,29,29,29,29
1680679522570892754,29,29,29,29
1680679522572575662,29,29,29,29
1680679522574284592,29,29,29,29
1680679522575982901,29,29,29,29
1680679522577705716,29,29,29,29
1680679522579442496,29,29,29,29
1680679522581161829,29,29,29,29
1680679522582874642,29,29,29,29
1680679522584581624,29,29,29,29
1680679522586300389,29,29,29,29
1680679522588001443,29,29,29,29
1680679522589706092,29,29,29,29
1680679522591412214,29,29,29,29
1680679522593095254,29,29,29,29
1680679522594779244,29,29,29,29
1680679522596550580,29,29,29,29
1680679522598328008,29,29,29,29
1680679522600022888,29,29,29,29
1680679522601781845,29,29,29,29
1680679522603470072,29,29,29,29
1680679522605239933,29,29,29,29
1680679522606931225,29,29,29,29
1680679522608619896,29,29,29,29
1680679522610314997,29,29,29,29
1680679522612050027,29,29,29,29
1680679522613742508,29,29,29,29
1680679522615432066,29,29,29,29
1680679522617168574,29,29,29,29
1680679522618853534,29,29,29,29
1680679522620541471,29,29,29,29
1680679522622242785,29,29,29,29
1680679522623933965,29,29,29,29
1680679522625614314,29,29,29,29
1680679522627336361,29,29,29,29
1680679522629029013,29,29,29,29
1680679522630717902,29,29,29,29
1680679522632419591,29,29,29,29
1680679522634199947,29,29,29,29
1680679522635922238,29,29,29,29
1680679522637644832,29,29,29,29
1680679522639322363,29,29,29,29
1680679522641003501,29,29,29,29
1680679522642695208,29,29,29,29
1680679522644376808,29,29,29,29
1680679522646078490,29,29,29,29
1680679522647759410,29,29,29,29
1680679522649470891,29,29,29,29
1680679522651166045,29,29,29,29
1680679522652884832,29,29,29,29
1680679522654591384,29,29,29,29
1680679522656429739,30,29,29,29
1680679522658213486,30,29,29,29
1680679522659927071,30,29,29,29
1680679522661638974,30,29,29,29
1680679522663349480,30,29,29,29
1680679522665036027,30,29,29,29
1680679522666721615,30,29,29,29
1680679522668409977,30,29,29,29
1680679522670191164,30,29,29,29
1680679522672059404,30,29,29,29
1680679522673751506,30,29,29,29
1680679522675445812,30,29,29,29
1680679522677200540,30,29,29,29
1680679522678938517,30,29,29,29
1680679522680626812,30,29,29,29
1680679522682317806,30,29,29,29
1680679522684002808,30,29,29,29
1680679522685689211,30,29,29,29
1680679522687370587,30,29,29,29
1680679522689057743,30,29,29,29
1680679522690744236,30,29,29,29
1680679522692427298,30,29,29,29
1680679522694120590,30,29,29,29
1680679522695804475,30,29,29,29
1680679522697647872,30,29,29,29
1680679522699325077,30,29,29,29
1680679522701011042,30,29,29,29
1680679522702687986,30,29,29,29
1680679522704369430,30,29,29,29
1680679522706060210,30,29,29,29
1680679522707768242,30,29,29,29
1680679522709455330,30,29,29,29
1680679522711163689,30,29,29,29
1680679522712851989,30,29,29,29
1680679522714539570,30,29,29,29
1680679522716239874,30,29,29,29
1680679522718069184,30,29,29,29
1680679522719760166,30,29,29,29
1680679522721447984,30,29,29,29
1680679522723126517,30,29,29,29
1680679522724811396,30,29,29,29
1680679522726493582,30,29,29,29
1680679522728180208,30,29,29,29
1680679522729866880,30,29,29,29
1680679522731561258,30,29,29,29
1680679522733251490,30,29,29,29
1680679522734933578,30,29,29,29
1680679522736660111,30,29,29,29
1680679522738355886,30,29,29,29
1680679522740020287,30,29,29,29
1680679522741683029,30,29,29,29
1680679522743345150,30,29,29,29
1680679522745010175,30,29,29,29
1680679522746715724,30,29,29,29
1680679522748422457,30,29,29,29
1680679522750138071,30,29,29,29
1680679522751902840,30,29,29,29
1680679522753613450,30,29,29,29
1680679522755363489,30,29,29,29
1680679522757135824,30,29,29,29
1680679522758882953,30,29,29,29
1680679522760565316,30,29,29,29
1680679522762262238,30,29,29,29
1680679522763945375,30,29,29,29
1680679522765629048,30,29,29,29
1680679522767312551,30,29,29,29
1680679522769000443,30,29,29,29
1680679522770682866,30,29,29,29
1680679522772445983,30,29,29,29
1680679522774153829,30,29,29,29
1680679522775934731,30,29,29,29
1680679522777713573,30,29,29,29
1680679522779390771,30,29,29,29
1680679522781078670,30,29,29,29
1680679522782765675,30,29,29,29
1680679522784450924,30,29,29,29
1680679522786147498,30,29,29,29
1680679522787840830,30,29,29,29
1680679522789528877,30,29,29,29
1680679522791211124,30,29,29,29
1680679522792890748,30,29,29,29
1680679522794573165,30,29,29,29
1680679522796251730,30,29,29,29
1680679522798025674,30,29,29,29
1680679522799703939,30,29,29,29
1680679522801384207,30,29,29,29
1680679522803067413,30,29,29,29
1680679522804726639,30,29,29,29
1680679522806411732,30,29,29,29
1680679522808091730,30,29,29,29
1680679522809781655,30,29,29,29
1680679522811511755,30,29,29,29
1680679522813196285,30,29,29,29
1680679522814878360,30,29,29,29
1680679522816656503,30,29,29,29
1680679522818364400,30,29,30,29
1680679522820041985,30,29,30,29
1680679522821724839,30,29,30,29
1680679522823423348,29,29,30,29
1680679522825133484,29,29,30,29
1680679522826822915,29,29,30,29
1680679522828508863,29,29,30,29
1680679522830198364,29,29,30,29
1680679522831912020,29,29,30,29
1680679522833603631,29,29,30,29
1680679522835281174,29,29,30,29
1680679522837008649,29,29,30,29
1680679522838749627,29,29,30,29
1680679522840411249,29,29,30,29
1680679522842089114,29,29,30,29
1680679522843759887,29,29,30,29
1680679522845426676,29,29,30,29
1680679522847086463,29,29,30,29
1680679522848727170,29,29,30,29
1680679522850426534,29,29,30,29
1680679522852197293,29,29,30,29
1680679522853915648,29,29,30,29
1680679522855625479,29,29,30,29
1680679522857386134,29,29,30,29
1680679522859155747,29,29,30,29
1680679522860864814,29,29,30,29
1680679522862551957,29,29,30,29
1680679522864234180,29,29,30,29
1680679522865957496,29,29,30,29
1680679522867651228,29,29,30,29
1680679522869333738,29,29,30,29
1680679522871024208,29,29,30,29
1680679522872872265,29,29,30,29
1680679522874557863,29,29,30,29
1680679522876244776,29,29,30,29
1680679522878049306,29,29,30,29
1680679522879738536,29,29,30,29
1680679522881424026,29,29,30,29
1680679522883109260,29,29,30,29
1680679522884796958,29,29,30,29
1680679522886560377,29,29,30,29
1680679522888247999,29,29,30,29
1680679522889943820,29,29,30,29
1680679522891645651,29,29,30,29
1680679522893328820,29,29,30,29
1680679522895012717,29,29,30,29
1680679522896720315,29,29,30,29
1680679522898438619,29,29,30,29
1680679522900140716,29,29,30,29
1680679522901841533,29,29,30,29
1680679522903528426,29,29,30,29
1680679522905213031,29,29,30,29
1680679522906890929,29,29,30,29
1680679522908572628,29,29,30,29
1680679522910282497,29,29,30,29
1680679522911981085,29,29,30,29
1680679522913673350,29,29,30,29
1680679522915352995,29,29,30,29
1680679522917142762,29,29,30,29
1680679522918887925,29,29,30,29
1680679522920574188,29,29,30,29
1680679522922276295,29,29,30,29
1680679522923959987,29,29,30,29
1680679522925645450,29,29,30,29
1680679522927322466,29,29,30,29
1680679522929004315,29,29,30,29
1680679522930753343,29,29,30,29
1680679522932499685,29,29,30,29
1680679522934189217,29,29,30,29
1680679522935882840,29,29,30,29
1680679522937676263,29,29,30,29
1680679522939382305,29,29,30,29
1680679522941064291,29,29,30,29
1680679522942744316,29,29,30,29
1680679522944411415,29,29,30,29
1680679522946082650,29,29,30,29
1680679522947748593,29,29,30,29
1680679522949414765,29,29,30,29
1680679522951074748,29,29,30,29
1680679522952728231,29,29,30,29
1680679522954432720,29,29,30,29
1680679522956145634,29,29,30,29
1680679522957975360,29,29,30,29
1680679522959687128,29,29,30,29
1680679522961396331,29,29,30,29
1680679522963103964,29,29,30,29
1680679522964815333,29,29,30,29
1680679522966522719,29,29,30,29
1680679522968230258,29,29,30,29
1680679522969947033,29,29,30,29
1680679522971655951,29,29,30,29
1680679522973361921,29,29,30,29
1680679522975065482,29,29,30,29
1680679522976793505,29,29,30,29
1680679522978536142,29,29,30,29
1680679522980198994,29,29,30,29
1680679522981864697,29,29,30,29
1680679522983526239,29,29,30,29
1680679522985185425,29,29,29,29
1680679522986896568,29,29,29,29
1680679522988608991,29,29,29,29
1680679522990324852,29,29,29,29
1680679522992051753,29,29,29,29
1680679522993767336,29,29,29,29
1680679522995478253,29,29,29,29
1680679522997247067,29,29,29,29
1680679522999016162,29,29,29,29
1680679523000726053,29,29,29,29
1680679523002439407,29,29,29,29
1680679523004145416,29,29,29,29
1680679523005860282,29,29,29,29
1680679523007563986,29,29,29,29
1680679523009256359,29,29,29,29
1680679523010934282,29,29,29,29
1680679523012670743,29,29,29,29
1680679523014370991,29,29,29,29
1680679523016058756,29,29,29,29
1680679523017852794,29,29,29,29
1680679523019572511,29,29,29,29
1680679523021256693,29,29,29,29
1680679523022933398,29,29,29,29
1680679523024611924,29,29,29,29
1680679523026369015,29,29,29,29
1680679523028052669,29,29,29,29
1680679523029732855,29,29,29,29
1680679523031422072,29,29,29,29
1680679523033157989,29,29,29,29
1680679523034840974,29,29,29,29
1680679523036529014,29,29,29,29
1680679523038416812,29,29,29,29
1680679523040111139,29,29,29,29
1680679523041808139,29,29,29,29
1680679523043495737,29,29,29,29
1680679523045563283,29,29,29,29
1680679523047254925,29,29,29,29
1680679523048943203,29,29,29,29
1680679523050630527,29,29,29,29
1680679523052475323,29,29,29,29
1680679523054161576,29,29,29,29
1680679523055845422,29,29,29,29
1680679523057569630,29,29,29,29
1680679523059523802,29,29,29,29
1680679523061258945,29,29,29,29
1680679523062947987,29,29,29,29
1680679523064674581,29,29,29,29
1680679523066593651,29,29,29,29
1680679523068284708,29,29,29,29
1680679523069986074,29,29,29,29
1680679523071677001,29,29,29,29
1680679523073427662,29,29,29,29
1680679523075225861,29,29,29,29
1680679523076923933,29,29,29,29
1680679523078799214,29,29,29,29
1680679523080477258,29,29,29,29
1680679523082161525,29,29,29,29
1680679523083854027,29,29,29,29
1680679523085538750,29,29,29,29
1680679523087221778,29,29,29,29
1680679523088987986,29,29,29,29
1680679523090671219,29,29,29,29
1680679523092348379,29,29,29,29
1680679523094018084,29,29,29,29
1680679523095680798,29,29,29,29
1680679523097378242,29,29,29,29
1680679523099113862,29,29,29,29
1680679523100779284,29,29,29,29
1680679523102468263,29,29,29,29
1680679523104156675,29,29,29,29
1680679523105848700,29,29,29,29
1680679523107534960,29,29,29,29
1680679523109210655,29,29,29,29
1680679523110902412,29,29,29,29
1680679523112724298,29,29,29,29
1680679523114431576,29,29,29,29
1680679523116136046,29,29,29,29
1680679523117904393,29,29,29,29
1680679523119666302,29,29,29,29
1680679523121367443,29,29,29,29
1680679523123062923,29,29,29,29
1680679523124902257,29,29,29,29
1680679523126734392,29,29,29,29
1680679523128585390,29,29,29,29
1680679523130443810,29,29,29,29
1680679523132384069,29,29,29,29
1680679523134275902,29,29,29,29
1680679523136173219,29,29,29,29
1680679523138706685,29,29,29,29
1680679523140586985,29,29,29,29
1680679523142477804,29,29,29,29
1680679523144364665,29,29,29,29
1680679523146264174,29,29,29,29
1680679523148169630,29,29,29,29
1680679523150077101,29,29,29,29
1680679523151980823,29,29,29,29
1680679523154596148,29,29,29,29
1680679523156510661,29,29,29,29
1680679523158541123,29,29,29,29
1680679523160407437,29,29,29,29
1680679523162312409,29,29,29,29
1680679523164170979,29,29,29,29
1680679523166077122,29,29,29,29
1680679523167957316,29,29,29,29
1680679523170582611,29,29,29,29
1680679523172485284,29,29,29,29
1680679523174359803,29,29,29,29
1680679523176272020,29,29,29,29
1680679523178193968,29,29,29,29
1680679523180073765,29,29,29,29
1680679523181991402,29,29,29,29
1680679523183884040,29,29,29,29
1680679523186587327,29,29,29,29
1680679523189245803,29,29,29,29
1680679523191426703,29,29,29,29
1680679523193626747,29,29,29,29
1680679523260480224,29,29,30,29
1680679523327273955,29,29,30,29
1680679523329566775,29,29,30,29
1680679523331478179,29,29,30,29
1680679523333453660,29,29,30,29
1680679523335343981,29,29,30,29
1680679523337241679,29,29,30,29
1680679523338912806,29,29,30,29
1680679523340561450,29,29,30,29
1680679523342384814,29,29,30,29
1680679523344024921,29,29,30,29
1680679523345663108,29,29,30,29
1680679523347297113,29,29,30,29
1680679523348982738,29,29,30,29
1680679523350669511,29,29,30,29
1680679523352361002,29,29,30,29
1680679523354056256,29,29,30,29
1680679523355738397,29,29,30,29
1680679523357423111,29,29,30,29
1680679523359333605,29,29,30,29
1680679523361037129,29,29,30,29
1680679523362810053,29,29,30,29
1680679523364520367,29,29,30,29
1680679523366235403,29,29,30,29
1680679523367947422,29,29,30,29
1680679523369668412,29,29,30,29
1680679523371390169,29,29,30,29
1680679523373150729,29,29,30,29
1680679523374834669,29,29,30,29
1680679523376521516,29,29,30,29
1680679523378297877,29,29,30,29
1680679523380093077,29,29,30,29
1680679523381788648,29,29,30,29
1680679523383473561,29,29,30,29
1680679523385158139,29,29,30,29
1680679523386841439,29,29,30,29
1680679523388532564,29,29,30,29
1680679523390231275,29,29,30,29
1680679523391911217,29,29,30,29
1680679523393621618,29,29,30,29
1680679523395308917,29,29,30,29
1680679523396995469,29,29,30,29
1680679523398776037,29,29,30,29
1680679523400461871,29,29,30,29
1680679523402152173,29,29,30,29
1680679523403835414,29,29,30,29
1680679523405571390,29,29,30,29
1680679523407256982,29,29,30,29
1680679523409000850,29,29,30,29
1680679523410686764,29,29,30,29
1680679523412368915,29,29,30,29
1680679523414105352,29,29,30,29
1680679523415784835,29,29,30,29
1680679523417465278,29,29,30,29
1680679523419270637,29,29,30,29
1680679523420959000,29,29,30,29
1680679523422646765,29,29,30,29
1680679523424412371,29,29,30,29
1680679523426107614,29,29,30,29
1680679523427797322,29,29,30,29
1680679523429479716,29,29,30,29
1680679523431167324,29,29,30,29
1680679523432907162,29,29,30,29
1680679523434597295,29,29,30,29
1680679523436284795,29,29,30,29
1680679523437998267,29,29,30,29
1680679523439763393,29,29,30,29
1680679523441453077,29,29,30,29
1680679523443118118,29,29,30,29
1680679523444778704,29,29,30,29
1680679523446441971,29,29,30,29
1680679523448102492,29,29,30,29
1680679523449767647,29,29,30,29
1680679523451525764,29,29,30,29
1680679523453290014,29,29,30,29
1680679523455002118,29,29,30,29
1680679523456709035,29,29,30,29
1680679523458468646,29,29,30,29
1680679523460233752,29,29,30,29
1680679523461949768,29,29,30,29
1680679523463680096,29,29,30,29
1680679523465373410,29,29,30,29
1680679523467051887,29,29,30,29
1680679523468729303,29,29,30,29
1680679523470413225,29,29,30,29
1680679523472109954,29,29,30,29
1680679523473873878,29,29,30,29
1680679523475610215,29,29,30,29
1680679523477289548,29,29,30,29
1680679523479119606,29,29,30,29
1680679523480890686,29,29,30,29
1680679523482582334,29,29,30,29
1680679523484246960,29,29,30,29
1680679523485917161,29,29,30,29
1680679523487592646,29,29,30,29
1680679523489264083,29,29,30,29
1680679523490926378,29,29,30,29
1680679523492648375,30,29,30,29
1680679523494356237,30,29,30,29
1680679523496059083,30,29,30,29
1680679523497767301,30,29,30,29
1680679523499580637,30,29,30,29
1680679523501292785,30,29,30,29
1680679523502999649,30,29,30,29
1680679523504690176,30,29,30,29
1680679523506377137,30,29,30,29
1680679523508060417,30,29,30,29
1680679523509743311,30,29,30,29
1680679523511422201,30,29,30,29
1680679523513116391,30,29,30,29
1680679523514803150,30,29,30,29
1680679523516489430,30,29,30,29
1680679523518286750,30,29,30,29
1680679523520000418,30,29,30,29
1680679523521681514,30,29,30,29
1680679523523361146,30,29,30,29
1680679523525040012,30,29,30,29
1680679523526720899,30,29,30,29
1680679523528404476,30,29,30,29
1680679523530099328,30,29,30,29
1680679523531782911,30,29,30,29
1680679523533492481,30,29,30,29
1680679523535176347,30,29,30,29
1680679523536864889,30,29,30,29
1680679523538564786,30,29,30,29
1680679523540278943,30,29,30,29
1680679523541971543,30,29,30,29
1680679523543660161,30,29,30,29
1680679523545349454,30,29,30,29
1680679523547033246,30,29,30,29
1680679523548710484,30,29,30,29
1680679523550411399,30,29,30,29
1680679523552104645,30,29,30,29
1680679523553849356,30,29,30,29
1680679523555540625,30,29,30,29
1680679523557220632,30,29,30,29
1680679523558972269,30,29,30,29
1680679523560679564,30,29,30,29
1680679523562385765,30,29,30,29
1680679523564190973,30,29,30,29
1680679523565871461,30,29,30,29
1680679523567560852,30,29,30,29
1680679523569241569,30,29,30,29
1680679523570928434,30,29,30,29
1680679523572703682,30,29,30,29
1680679523574529558,30,29,30,29
1680679523576215771,30,29,30,29
1680679523577913619,30,29,30,29
1680679523579675665,30,29,30,29
1680679523581350785,30,29,30,29
1680679523583032585,30,29,30,29
1680679523584711196,30,29,30,29
1680679523586397164,30,29,30,29
1680679523588080266,30,29,30,29
1680679523589763021,30,29,30,29
1680679523591453940,30,29,30,29
1680679523593219892,30,29,30,29
1680679523594902727,30,29,30,29
1680679523596574269,30,29,30,29
1680679523598253691,30,29,30,29
1680679523599981617,30,29,30,29
1680679523601645163,30,29,30,29
1680679523603308330,30,29,30,29
1680679523605142401,30,29,30,29
1680679523606838082,30,29,30,29
1680679523608544257,30,29,30,29
1680679523610257602,30,29,30,29
1680679523611964175,30,29,30,29
1680679523613766619,30,29,30,29
1680679523615470309,30,29,30,29
1680679523617221383,30,29,30,29
1680679523618929135,30,29,30,29
1680679523620668521,30,29,30,29
1680679523622352969,30,29,30,29
1680679523624042418,30,29,30,29
1680679523625723651,30,29,30,29
1680679523627403579,30,29,30,29
1680679523629084622,30,29,30,29
1680679523630763090,30,29,30,29
1680679523632441652,30,29,30,29
1680679523634183850,30,29,30,29
1680679523635865816,30,29,30,29
1680679523637545753,30,29,30,29
1680679523639316979,30,29,30,29
1680679523641026141,30,29,30,29
1680679523642703326,30,29,30,29
1680679523644390821,30,29,30,29
1680679523646087617,30,29,30,29
1680679523647776908,30,29,30,29
1680679523649466232,30,29,30,29
1680679523651148700,30,29,30,29
1680679523652834865,30,29,30,29
1680679523654546171,30,29,29,29
1680679523656236335,30,29,29,29
1680679523657981849,30,29,29,29
1680679523659786281,30,29,29,29
1680679523661522407,29,29,29,29
1680679523663250624,29,29,29,29
1680679523665037431,29,29,29,29
1680679523666778428,29,29,29,29
1680679523668492232,29,29,29,29
1680679523670157730,29,29,29,29
1680679523671821359,29,29,29,29
1680679523673515927,29,29,29,29
1680679523675178014,29,29,29,29
1680679523676869218,29,29,29,29
1680679523678532255,29,29,29,29
1680679523680351189,29,29,29,29
1680679523682024382,29,29,29,29
1680679523683694490,29,29,29,29
1680679523685364350,29,29,29,29
1680679523687032247,29,29,29,29
1680679523688708234,29,29,29,29
1680679523690422633,29,29,29,29
1680679523692133389,29,29,29,29
1680679523693861121,29,29,29,29
1680679523695574200,29,29,29,29
1680679523697281147,29,29,29,29
1680679523699009139,29,29,29,29
1680679523700730342,29,29,29,29
1680679523702411559,29,29,29,29
1680679523704098117,29,29,29,29
1680679523705849776,29,29,29,29
1680679523707536858,29,29,29,29
1680679523709224998,29,29,29,29
1680679523710908765,29,29,29,29
1680679523712601990,29,29,29,29
1680679523714343267,29,29,29,29
1680679523716026447,29,29,29,29
1680679523717717544,29,29,29,29
1680679523719502554,29,29,29,29
1680679523721240565,29,29,29,29
1680679523722927081,29,29,29,29
1680679523724616725,29,29,29,29
1680679523726309089,29,29,29,29
1680679523727991411,29,29,29,29
1680679523729673122,29,29,29,29
1680679523731355889,29,29,29,29
1680679523733026480,29,29,29,29
1680679523734708739,29,29,29,29
1680679523736377675,29,29,29,29
1680679523738048868,29,29,29,29
1680679523739871519,29,29,29,29
1680679523741539538,29,29,29,29
1680679523743221745,29,29,29,29
1680679523744899789,29,29,29,29
1680679523746581102,29,29,29,29
1680679523748261731,29,29,29,29
1680679523749951645,29,29,29,29
1680679523751638361,29,29,29,29
1680679523753412243,29,29,29,29
1680679523755118453,29,29,29,29
1680679523756827332,29,29,29,29
1680679523758536685,29,29,29,29
1680679523760279570,29,29,29,29
1680679523762008399,29,29,29,29
1680679523763732881,29,29,29,29
1680679523765480221,29,29,29,29
1680679523767172494,29,29,29,29
1680679523768863849,29,29,29,29
1680679523770547242,29,29,29,29
1680679523772258435,29,29,29,29
1680679523774040117,29,29,29,29
1680679523775720926,29,29,29,29
1680679523777402243,29,29,29,29
1680679523779179779,29,29,29,29
1680679523780968751,29,29,29,29
1680679523782652400,29,29,29,29
1680679523784339038,29,29,29,29
1680679523786030799,29,29,29,29
1680679523787724147,29,29,29,29
1680679523789414072,29,29,29,29
1680679523791103724,29,29,29,29
1680679523792794087,29,29,29,29
1680679523794557938,29,29,29,29
1680679523796237408,29,29,29,29
1680679523797924391,29,29,29,29
1680679523799670989,29,29,29,29
1680679523801358246,29,29,29,29
1680679523803044645,29,29,29,29
1680679523804726161,29,29,29,29
1680679523806470442,29,29,29,29
1680679523808152154,29,29,29,29
1680679523809840311,29,29,29,29
1680679523811525327,29,29,29,29
1680679523813213013,29,29,29,29
1680679523814913912,29,29,29,29
1680679523816578957,29,29,29,29
1680679523818253316,29,29,29,29
1680679523820080725,29,29,29,29
1680679523821808971,29,29,29,29
1680679523823477235,29,29,29,29
1680679523825150423,29,29,29,29
1680679523826855493,29,29,29,29
1680679523828558803,29,29,29,29
1680679523830272457,29,29,29,29
1680679523831996123,29,29,29,29
1680679523833748001,29,29,29,29
1680679523835456302,29,29,29,29
1680679523837158405,29,29,29,29
1680679523838859939,29,29,29,29
1680679523840584220,29,29,29,29
1680679523842298558,29,29,29,29
1680679523844007626,29,29,29,29
1680679523845719627,29,29,29,29
1680679523847421701,29,29,29,29
1680679523849102194,29,29,29,29
1680679523850780551,29,29,29,29
1680679523852461770,29,29,29,29
1680679523854168284,29,29,29,29
1680679523855852430,29,29,29,29
1680679523857531339,29,29,29,29
1680679523859325582,29,29,29,29
1680679523861062059,29,29,29,29
1680679523862745952,29,29,29,29
1680679523864434221,29,29,29,29
1680679523866164234,29,29,29,29
1680679523867850635,29,29,29,29
1680679523869534011,29,29,29,29
1680679523871215269,29,29,29,29
1680679523872899734,29,29,29,29
1680679523874629785,29,29,29,29
1680679523876368976,29,29,29,29
1680679523878051667,29,29,29,29
1680679523879881714,29,29,29,29
1680679523881643777,29,29,29,29
1680679523883324097,29,29,29,29
1680679523885004608,29,29,29,29
1680679523886776518,29,29,29,29
1680679523888457718,29,29,29,29
1680679523890152379,29,29,29,29
1680679523891836446,29,29,29,29
1680679523893527840,29,29,29,29
1680679523895212660,29,29,29,29
1680679523896902395,29,29,29,29
1680679523898584034,29,29,29,29
1680679523900339882,29,29,29,29
1680679523902012945,29,29,29,29
1680679523903684875,29,29,29,29
1680679523905355777,29,29,29,29
1680679523907018384,29,29,29,29
1680679523908680199,29,29,29,29
1680679523910387423,29,29,29,29
1680679523912091127,29,29,29,29
1680679523913858333,29,29,29,29
1680679523915566455,29,29,29,29
1680679523917274178,29,29,29,29
1680679523918978982,29,29,29,29
1680679523920723697,29,29,29,29
1680679523922421588,29,29,29,29
1680679523924106080,29,29,29,29
1680679523925811388,29,29,29,29
1680679523927502842,29,29,29,29
1680679523929187599,29,29,29,29
1680679523930939648,29,29,29,29
1680679523932620290,29,29,29,29
1680679523934466457,29,29,29,29
1680679523936167175,29,29,29,29
1680679523937859699,29,29,29,29
1680679523939618032,29,29,29,29
1680679523941360292,29,29,29,29
1680679523943047193,29,29,29,29
1680679523944726570,29,29,29,29
1680679523946412095,29,29,29,29
1680679523948098500,29,29,29,29
1680679523949787106,29,29,29,29
1680679523951480382,29,29,29,29
1680679523953163977,29,29,29,29
1680679523954865385,29,29,29,29
1680679523956554390,29,29,29,29
1680679523958293224,29,29,29,29
1680679523960093453,29,29,29,29
1680679523961790771,29,29,29,29
1680679523963506482,29,29,29,29
1680679523965198550,29,29,29,29
1680679523966886317,29,29,29,29
1680679523968569407,29,29,29,29
1680679523970263638,29,29,29,29
1680679523971952249,29,29,29,29
1680679523973637959,29,29,29,29
1680679523975372960,29,29,29,29
1680679523977062326,29,29,29,29
1680679523978745062,29,29,29,29
1680679523980507084,29,29,29,29
1680679523982195787,29,29,29,29
1680679523983880819,29,29,29,29
1680679523985569238,29,29,29,29
1680679523987252423,29,29,29,29
1680679523988933370,29,29,29,29
1680679523990607775,29,29,29,29
1680679523992292700,29,29,29,29
1680679523994029454,29,29,29,29
1680679523995712402,29,29,29,29
1680679523997394773,29,29,29,29
1680679523999077977,29,29,29,29
1680679524000820042,29,29,29,29
1680679524002511631,29,29,29,29
1680679524004198773,29,29,29,29
1680679524005882458,29,29,29,29
1680679524007572856,29,29,29,29
1680679524009258958,29,29,29,29
1680679524010967747,29,29,29,29
1680679524012652888,29,29,29,29
1680679524014420324,29,29,29,29
1680679524016109398,29,29,29,29
1680679524017796276,29,29,29,29
1680679524019677152,29,29,29,29
1680679524021445218,29,29,29,29
1680679524023126968,29,29,29,29
1680679524024808840,29,29,29,29
1680679524026554465,29,29,29,29
1680679524028238730,29,29,29,29
1680679524029929741,29,29,29,29
1680679524031616751,29,29,29,29
1680679524033301208,29,29,29,29
1680679524035034632,29,29,29,29
1680679524036727392,29,29,29,29
1680679524038415618,29,29,29,29
1680679524040225903,29,29,29,29
1680679524041968044,29,29,29,29
1680679524043650935,29,29,29,29
1680679524045333375,29,29,29,29
1680679524047008585,29,29,29,29
1680679524048691716,29,29,29,29
1680679524050375620,29,29,29,29
1680679524052067005,29,29,29,29
1680679524053752151,29,29,29,29
1680679524055463339,29,29,29,29
1680679524057150422,29,29,29,29
1680679524058829376,29,29,29,29
1680679524060630899,29,29,29,29
1680679524062328223,29,29,29,29
1680679524064018481,29,29,29,29
1680679524065705283,29,29,29,29
1680679524067409051,29,29,29,29
1680679524069091264,29,29,29,29
1680679524070770974,29,29,29,29
1680679524072452043,29,29,29,29
1680679524074190226,29,29,29,29
1680679524075872745,29,29,29,29
1680679524077555553,29,29,29,29
1680679524079239007,29,29,29,29
1680679524081150823,29,29,29,29
1680679524082831670,29,29,29,29
1680679524084514365,29,29,29,29
1680679524086203653,29,29,29,29
1680679524087891000,29,29,29,29
1680679524089585298,29,29,29,29
1680679524091272512,29,29,29,29
1680679524092958826,29,29,29,29
1680679524094669578,29,29,29,29
1680679524096434306,29,29,29,29
1680679524098109538,29,29,29,29
1680679524099854711,29,29,29,29
1680679524101569884,29,29,29,29
1680679524103228401,29,29,29,29
1680679524104895627,29,29,29,29
1680679524106630569,29,29,29,29
1680679524108414017,29,29,29,29
1680679524110127355,29,29,29,29
1680679524111836095,29,29,29,29
1680679524113545139,29,29,29,29
1680679524115315079,29,29,29,29
1680679524117014672,29,29,29,29
1680679524118699953,29,29,29,29
1680679524120571419,29,29,29,29
1680679524122267197,29,29,29,29
1680679524123954252,29,29,29,29
1680679524125637771,29,29,29,29
1680679524127315854,29,29,29,29
1680679524128996245,29,29,29,29
1680679524130675006,29,29,29,29
1680679524132361285,29,29,29,29
1680679524134053928,29,29,29,29
1680679524135736045,29,29,29,29
1680679524137419258,29,29,29,29
1680679524139102626,29,29,29,29
1680679524140882405,29,29,29,29
1680679524142563770,29,29,29,29
1680679524144250166,29,29,29,29
1680679524145945983,29,29,29,29
1680679524147635259,29,29,29,29
1680679524149321096,29,29,29,29
1680679524151003802,29,29,29,29
1680679524152726288,29,29,29,29
1680679524154445614,29,29,29,29
1680679524156139296,29,29,29,29
1680679524157834088,29,29,29,29
1680679524159530390,29,29,29,29
1680679524161225735,29,29,29,29
1680679524162903333,29,29,29,29
1680679524164585206,29,29,29,29
1680679524166285661,29,29,29,29
1680679524167996426,29,29,29,29
1680679524169679538,29,29,29,29
1680679524171362031,29,29,29,29
1680679524173095300,29,29,29,29
1680679524174810131,29,29,29,29
1680679524176492682,29,29,29,29
1680679524178172877,29,29,29,29
1680679524179900845,29,29,29,29
1680679524181618096,29,29,29,29
1680679524183299955,29,29,29,29
1680679524184982903,29,29,29,29
1680679524186676326,29,29,29,29
1680679524188441778,29,29,29,29
1680679524190136983,29,29,29,29
1680679524191826144,29,29,29,29
1680679524193521048,29,29,29,29
1680679524195296217,29,29,29,29
1680679524196987143,29,29,29,29
1680679524198671482,29,29,29,29
1680679524200463023,29,29,29,29
1680679524202160802,29,29,29,29
1680679524203850908,29,29,29,29
1680679524205542591,29,29,29,29
1680679524207246730,29,29,29,29
1680679524208935542,29,29,29,29
1680679524210623236,29,29,29,29
1680679524212304992,29,29,29,29
1680679524213996995,29,29,29,29
1680679524215729818,29,29,29,29
1680679524217417049,29,29,29,29
1680679524219099509,29,29,29,29
1680679524220866608,29,29,29,29
1680679524222552194,29,29,29,29
1680679524224243130,29,29,29,29
1680679524225940954,29,29,29,29
1680679524227639988,29,29,29,29
1680679524229410182,29,29,29,29
1680679524231086788,29,29,29,29
1680679524232726581,29,29,29,29
1680679524234428558,29,29,29,29
1680679524236111336,29,29,29,29
1680679524237813827,29,29,29,29
1680679524239496680,29,30,29,29
1680679524241299446,29,30,29,29
1680679524242977051,29,30,29,29
1680679524244660237,29,30,29,29
1680679524246344240,29,30,29,29
1680679524248030468,29,30,29,29
1680679524249717385,29,30,29,29
1680679524251403373,29,30,29,29
1680679524253094558,29,30,29,29
1680679524254805153,29,30,29,29
1680679524256500067,29,30,29,29
1680679524258186857,29,30,29,29
1680679524259909429,29,30,29,29
1680679524261749184,29,30,29,29
1680679524263441658,29,30,29,29
1680679524265133051,29,30,29,29
1680679524266817472,29,30,29,29
1680679524268549760,29,30,29,29
1680679524270237020,29,30,29,29
1680679524271921766,29,30,29,29
1680679524273605857,29,30,29,29
1680679524275343431,29,30,29,29
1680679524277033254,29,30,29,29
1680679524278715722,29,30,29,29
1680679524280511736,29,30,29,29
1680679524282256402,29,30,29,29
1680679524283942533,29,30,29,29
1680679524285724302,29,30,29,29
1680679524287403883,29,30,29,29
1680679524289083543,29,30,29,29
1680679524290749082,29,30,29,29
1680679524292410454,29,30,29,29
1680679524294082869,29,30,29,29
1680679524295770429,29,30,29,29
1680679524297433726,29,30,29,29
1680679524299092615,29,30,29,29
1680679524301063650,29,30,29,29
1680679524302766259,29,30,29,29
1680679524304478783,29,30,29,29
1680679524306194184,29,30,29,29
1680679524307902648,29,30,29,29
1680679524309604669,29,30,29,29
1680679524311315786,29,30,29,29
1680679524312973359,29,30,29,29
1680679524314656820,29,30,29,29
1680679524316304435,29,30,29,29
1680679524317955498,29,30,29,29
1680679524319604366,29,30,29,29
1680679524321335077,29,30,29,29
1680679524323014719,29,30,29,29
1680679524324699462,29,30,29,29
1680679524326400265,29,30,29,29
1680679524328084883,29,30,29,29
1680679524329771567,29,30,29,29
1680679524331461710,29,30,29,29
1680679524333170890,29,30,29,29
1680679524334895152,29,30,29,29
1680679524336605843,29,30,29,29
1680679524338314994,29,30,29,29
1680679524340082727,29,30,29,29
1680679524341830980,29,30,29,29
1680679524343532180,29,30,29,29
1680679524345209934,29,30,29,29
1680679524346883667,29,30,29,29
1680679524348566696,29,30,29,29
1680679524350254673,29,30,29,29
1680679524351936619,29,30,29,29
1680679524353634920,29,30,29,29
1680679524355701887,29,30,29,29
1680679524357524034,29,30,29,29
1680679524359213345,29,30,29,29
1680679524361005687,29,30,29,29
1680679524362687945,29,30,29,29
1680679524364380258,29,30,29,29
1680679524366088713,29,30,29,29
1680679524367773589,29,30,29,29
1680679524369687271,29,30,29,29
1680679524371372389,29,30,29,29
1680679524373082015,29,30,29,29
1680679524374850475,29,30,29,29
1680679524377012656,29,30,29,29
1680679524378921761,29,30,29,29
1680679524380997845,29,30,29,29
1680679524382905703,29,30,29,29
1680679524384820281,29,30,29,29
1680679524386727207,29,30,29,29
1680679524388407977,29,30,29,29
1680679524390066200,29,30,29,29
1680679524391714828,29,30,29,29
1680679524393369723,29,30,29,29
1680679524395023978,29,30,29,29
1680679524396675023,29,30,29,29
1680679524398362789,29,30,29,29
1680679524400209657,29,30,29,29
1680679524402064169,29,30,29,29
1680679524403762592,29,30,29,29
1680679524405457423,29,30,29,29
1680679524407250306,29,29,29,29
1680679524409101057,29,29,29,29
1680679524410795624,29,29,29,29
1680679524412548524,29,29,29,29
1680679524414402992,29,29,29,29
1680679524416123454,29,29,29,29
1680679524417831508,29,29,29,29
1680679524419523272,29,29,29,29
1680679524421326732,29,29,29,29
1680679524422996193,29,29,29,29
1680679524424673107,29,29,29,29
1680679524426348323,29,29,29,29
1680679524428019737,29,29,29,29
1680679524429710793,29,29,29,29
1680679524431391405,29,29,29,29
1680679524433225696,29,29,29,29
1680679524435124633,29,29,29,29
1680679524437007614,29,29,29,29
1680679524438889579,29,29,29,29
1680679524440820534,29,29,29,29
1680679524442684826,29,29,29,29
1680679524444550884,29,29,29,29
1680679524446383144,29,29,29,29
1680679524448292333,29,29,29,29
1680679524450141539,29,29,29,29
1680679524451951766,29,29,29,29
1680679524453792232,29,29,29,29
1680679524455611174,29,29,29,29
1680679524457437947,29,29,29,29
1680679524459274104,29,29,29,29
1680679524461166699,29,29,29,29
1680679524463678186,29,29,29,29
1680679524465547543,29,29,29,29
1680679524467411546,29,29,29,29
1680679524469317795,29,29,29,29
1680679524471214371,29,29,29,29
1680679524473106850,29,29,29,29
1680679524475016021,29,29,29,29
1680679524476903866,29,29,29,29
1680679524479313923,29,29,29,29
1680679524481337345,29,29,29,29
1680679524483200531,29,29,29,29
1680679524485064640,29,29,29,29
1680679524486922907,29,29,29,29
1680679524488786795,29,29,29,29
1680679524490648796,29,29,29,29
1680679524492520065,29,29,29,29
1680679524494880813,29,29,29,29
1680679524497427955,29,29,29,29
1680679524499586047,29,29,29,29
1680679524501802583,29,29,29,29
1680679524570243333,29,29,29,29
1680679524635989890,29,29,29,29
1680679524638433242,29,29,29,29
1680679524640349022,29,29,29,29
1680679524642372730,29,29,29,29
1680679524644275747,29,29,29,29
1680679524646205159,29,29,29,29
1680679524647956600,29,29,29,29
1680679524649602298,29,29,29,29
1680679524651248293,29,29,29,29
1680679524652895582,29,29,29,29
1680679524654539320,29,29,29,29
1680679524656277513,29,29,29,29
1680679524657966743,29,29,29,29
1680679524659660743,29,29,29,29
1680679524661457363,29,29,29,29
1680679524663158217,29,29,29,29
1680679524664841163,29,29,29,29
1680679524666523043,29,29,29,29
1680679524668209981,29,29,29,29
1680679524669903053,29,29,29,29
1680679524671578528,29,29,29,29
1680679524673257666,29,29,29,29
1680679524674935746,29,29,29,29
1680679524676674874,29,29,29,29
1680679524678374476,29,29,29,29
1680679524680041209,29,29,29,29
1680679524681759706,29,29,29,29
1680679524683427023,29,29,29,29
1680679524685095514,29,29,29,29
1680679524686758751,29,29,29,29
1680679524688447416,29,29,29,29
1680679524690138601,29,29,29,29
1680679524691833155,29,29,29,29
1680679524693657047,29,29,29,29
1680679524695364942,29,29,29,29
1680679524697050559,29,29,29,29
1680679524698772842,29,29,29,29
1680679524700439664,29,29,29,29
1680679524702245401,29,29,29,29
1680679524703913276,29,29,29,29
1680679524705587868,29,29,29,29
1680679524707248433,29,29,29,29
1680679524708917942,29,29,29,29
1680679524710619343,29,29,29,29
1680679524712323839,29,29,29,29
1680679524714032322,29,29,29,29
1680679524715835253,29,29,29,29
1680679524717544552,29,29,29,29
1680679524719246373,29,29,29,29
1680679524720951953,29,29,29,29
1680679524722738044,29,29,29,29
1680679524724429843,29,29,29,29
1680679524726137886,29,29,29,29
1680679524727961859,29,29,29,29
1680679524729804527,29,29,29,29
1680679524731487379,29,29,29,29
1680679524733161975,29,29,29,29
1680679524734844947,29,29,29,29
1680679524736576761,29,29,29,29
1680679524738263794,29,29,29,29
1680679524739949872,29,29,29,29
1680679524741716786,29,29,29,29
1680679524743455637,29,29,29,29
1680679524745137896,29,29,29,29
1680679524746820544,29,29,29,29
1680679524748508418,29,29,29,29
1680679524750201622,29,29,29,29
1680679524751893476,29,29,29,29
1680679524753581961,29,29,29,29
1680679524755265555,29,29,29,29
1680679524757202056,29,29,29,29
1680679524758885126,29,29,29,29
1680679524760576586,29,29,29,29
1680679524762329686,29,29,29,29
1680679524764012752,29,29,29,29
1680679524765700151,29,29,29,29
1680679524767389291,29,29,29,29
1680679524769078254,29,29,29,29
1680679524770769213,29,29,29,29
1680679524772463331,29,29,29,29
1680679524774307099,29,29,29,29
1680679524776086379,29,29,29,29
1680679524777783219,29,29,29,29
1680679524779469200,29,29,29,29
1680679524781182768,29,29,29,29
1680679524782928552,29,29,29,29
1680679524784694696,29,29,29,29
1680679524786354441,29,29,29,29
1680679524788004524,29,29,29,29
1680679524789654548,29,29,29,29
1680679524791309255,29,29,29,29
1680679524792951061,29,29,29,29
1680679524794651775,29,29,29,29
1680679524796385058,29,29,29,29
1680679524798103417,29,29,29,29
1680679524799806732,29,29,29,29
1680679524801570148,29,29,29,29
1680679524803322228,29,29,29,29
1680679524805025530,29,29,29,29
1680679524806704159,29,29,29,29
1680679524808398789,29,29,29,29
1680679524810194085,29,29,29,29
1680679524811881378,29,29,29,29
1680679524813579935,29,29,29,29
1680679524815266181,29,29,29,29
1680679524816973280,29,29,29,29
1680679524818660607,29,29,29,29
1680679524820344606,29,29,29,29
1680679524822219220,29,29,29,29
1680679524823917026,29,29,29,29
1680679524825596693,29,29,29,29
1680679524827257685,29,29,29,29
1680679524828919400,29,29,29,29
1680679524830580977,29,29,29,29
1680679524832258665,29,29,29,29
1680679524833937046,29,29,29,29
1680679524835643231,29,29,29,29
1680679524837363001,29,29,29,29
1680679524839071169,29,29,29,29
1680679524840727782,29,29,29,29
1680679524842550961,29,29,29,29
1680679524844273659,29,29,29,29
1680679524845992355,29,29,29,29
1680679524847676156,29,29,29,29
1680679524849355482,29,29,29,29
1680679524851035039,29,29,29,29
1680679524852721576,29,29,29,29
1680679524854419100,29,29,29,29
1680679524856297351,29,29,29,29
1680679524858000170,29,29,29,29
1680679524859690545,29,29,29,29
1680679524861455124,29,29,29,29
1680679524863213855,29,29,29,29
1680679524864896915,29,29,29,29
1680679524866581064,29,29,29,29
1680679524868247948,29,29,29,29
1680679524869929083,29,29,29,29
1680679524871603731,29,29,29,29
1680679524873269159,29,29,29,29
1680679524874939449,29,29,29,29
1680679524876707629,29,29,29,29
1680679524878423557,29,29,29,29
1680679524880124732,29,29,29,29
1680679524881956015,29,29,29,29
1680679524883683778,29,29,29,29
1680679524885392823,29,29,29,29
1680679524887197271,29,29,29,29
1680679524888874642,29,29,29,29
1680679524890554593,29,29,29,29
1680679524892232319,29,29,29,29
1680679524893932844,29,29,29,29
1680679524895616414,29,29,29,29
1680679524897299767,29,29,29,29
1680679524898977524,29,29,29,29
1680679524900657323,29,29,29,29
1680679524902479121,29,29,29,29
1680679524904161946,29,29,29,29
1680679524905856950,29,29,29,29
1680679524907543503,29,29,29,29
1680679524909228418,29,29,29,29
1680679524910912107,29,29,29,29
1680679524912603901,29,29,29,29
1680679524914302395,29,29,29,29
1680679524916012990,29,29,29,29
1680679524917698050,29,29,29,29
1680679524919377500,29,29,29,29
1680679524921068157,29,29,29,29
1680679524922889232,29,29,29,29
1680679524924589368,29,29,29,29
1680679524926337354,29,29,29,29
1680679524928018400,29,29,29,29
1680679524929699293,29,29,29,29
1680679524931379982,29,29,29,29
1680679524933061153,29,29,29,29
1680679524934743993,29,29,29,29
1680679524936464134,29,29,29,29
1680679524938157965,29,29,29,29
1680679524939857803,29,29,29,29
1680679524941686267,29,29,29,29
1680679524943427684,29,29,29,29
1680679524945121581,29,29,29,29
1680679524946806287,29,29,29,29
1680679524948497401,29,29,29,29
1680679524950195527,29,29,29,29
1680679524951877458,29,29,29,29
1680679524953559472,29,29,29,29
1680679524955239211,29,29,29,29
1680679524956961425,29,29,29,29
1680679524958643779,29,29,29,29
1680679524960323431,29,29,29,29
1680679524962088885,29,29,29,29
1680679524963856047,29,29,29,29
1680679524965540058,29,29,29,29
1680679524967223840,29,29,29,29
1680679524968911203,29,29,29,29
1680679524970594380,29,29,29,29
1680679524972277421,29,29,29,29
1680679524973971492,29,29,29,29
1680679524975664511,29,29,29,29
1680679524977406703,29,29,29,29
1680679524979086208,29,29,29,29
1680679524980726161,29,29,29,29
1680679524982641814,29,29,29,29
1680679524984331753,29,29,29,29
1680679524986026147,29,29,29,29
1680679524987710870,29,29,29,29
1680679524989394768,29,29,29,29
1680679524991069903,29,29,29,29
1680679524992726526,29,29,29,29
1680679524994405421,29,29,29,29
1680679524996148880,29,29,29,29
1680679524997834338,29,29,29,29
1680679524999515283,29,29,29,29
1680679525001195940,29,29,29,29
1680679525002963991,29,29,29,29
1680679525004650564,29,29,29,29
1680679525006344102,29,29,29,29
1680679525008049539,29,29,29,29
1680679525009732448,29,29,29,29
1680679525011417490,29,29,29,29
1680679525013100372,29,29,29,29
1680679525014782590,29,29,29,29
1680679525016562204,29,29,29,29
1680679525018257550,29,29,29,29
1680679525019940284,29,29,29,29
1680679525021724049,29,29,29,29
1680679525023471214,29,29,29,29
1680679525025166494,29,29,29,29
1680679525026854074,29,29,29,29
1680679525028622293,29,29,29,29
1680679525030314250,29,29,29,29
1680679525032000486,29,29,29,29
1680679525033678099,29,29,29,29
1680679525035357722,29,29,29,29
1680679525037094092,29,29,29,29
1680679525038775401,29,29,29,29
1680679525040458360,29,29,29,29
1680679525042179460,29,29,29,29
1680679525043888680,29,29,29,29
1680679525045576254,29,29,29,29
1680679525047264535,29,29,29,29
1680679525048952280,29,29,29,29
1680679525050640851,29,29,29,29
1680679525052326788,29,29,29,29
1680679525054012822,29,29,29,29
1680679525055703345,29,29,29,29
1680679525057433259,29,29,29,29
1680679525059118330,29,29,29,29
1680679525060793430,29,29,29,29
1680679525062595126,29,29,29,29
1680679525064272015,29,29,29,29
1680679525065961652,29,29,29,29
1680679525067642143,29,29,29,29
1680679525069323014,29,29,29,29
1680679525071001171,29,29,29,29
1680679525072685903,29,29,29,29
1680679525074377437,29,29,29,29
1680679525076083147,29,29,29,29
1680679525077783273,29,29,29,29
1680679525079475576,29,29,29,29
1680679525081168792,29,29,29,29
1680679525083019055,29,29,29,29
1680679525084689906,29,29,29,29
1680679525086364279,29,29,29,29
1680679525088029356,29,29,29,29
1680679525089704110,29,29,29,29
1680679525091368366,29,29,29,29
1680679525093038377,29,29,29,29
1680679525094744602,29,29,29,29
1680679525096469917,29,29,29,29
1680679525098183420,29,29,29,29
1680679525099888283,29,29,29,29
1680679525101591679,29,29,29,29
1680679525103316467,29,29,29,29
1680679525105016610,29,29,29,29
1680679525106715101,29,29,29,29
1680679525108441981,29,29,29,29
1680679525110157504,29,29,29,29
1680679525111861012,29,29,29,29
1680679525113572443,29,29,29,29
1680679525115271444,29,29,29,29
1680679525116971838,29,29,29,29
1680679525118656326,29,29,29,29
1680679525120342968,29,29,29,29
1680679525122080447,29,29,29,29
1680679525123808816,29,29,29,29
1680679525125496018,29,29,29,29
1680679525127182854,29,29,29,29
1680679525128870441,29,29,29,29
1680679525130551027,29,29,29,29
1680679525132230927,29,29,29,29
1680679525133931507,29,29,29,29
1680679525135617560,29,29,29,29
1680679525137357017,29,29,29,29
1680679525139033729,29,29,29,29
1680679525140713455,29,29,29,29
1680679525142539746,29,29,29,29
1680679525144279051,29,29,29,29
1680679525145971748,29,29,29,29
1680679525147657819,29,29,29,29
1680679525149350111,29,29,29,29
1680679525151032554,29,29,29,29
1680679525152722216,29,29,29,29
1680679525154432110,29,29,29,29
1680679525156126850,29,29,29,29
1680679525157824109,29,29,29,29
1680679525159515481,29,29,29,29
1680679525161204924,29,29,30,29
1680679525162987286,29,29,30,29
1680679525164677224,29,29,30,29
1680679525166363077,29,29,30,29
1680679525168043560,29,29,30,29
1680679525169724948,29,29,30,29
1680679525171400700,29,29,30,29
1680679525173081641,29,29,30,29
1680679525174766922,29,29,30,29
1680679525176565347,29,29,30,29
1680679525178251985,29,29,30,29
1680679525179933244,29,29,30,29
1680679525181621967,29,29,30,29
1680679525183415326,29,29,30,29
1680679525185097972,29,29,30,29
1680679525186783255,29,29,30,29
1680679525188450771,29,29,30,29
1680679525190120594,29,29,30,29
1680679525191787861,29,29,30,29
1680679525193452920,29,29,30,29
1680679525195121530,29,29,30,29
1680679525196823628,29,29,30,29
1680679525198525570,29,29,30,29
1680679525200235883,29,29,30,29
1680679525201957924,29,29,30,29
1680679525203742462,29,29,30,29
1680679525205446615,29,29,30,29
1680679525207155460,29,29,30,29
1680679525208908646,29,29,30,29
1680679525210608757,29,29,30,29
1680679525212320452,29,29,30,29
1680679525214022500,29,29,30,29
1680679525215723346,29,29,30,29
1680679525217456379,29,29,30,29
1680679525219172461,29,29,30,29
1680679525220931507,29,29,30,29
1680679525222624917,29,29,30,29
1680679525224336624,29,29,30,29
1680679525226003798,29,29,30,29
1680679525227673281,29,29,30,29
1680679525229334318,29,29,30,29
1680679525231017046,29,29,30,29
1680679525232705381,29,29,30,29
1680679525234393484,29,29,30,29
1680679525236082898,29,29,30,29
1680679525237827652,29,29,30,29
1680679525239511683,29,29,30,29
1680679525241225244,29,29,30,29
1680679525243164002,29,29,30,29
1680679525244879522,29,29,30,29
1680679525246586368,29,29,30,29
1680679525248297699,29,29,30,29
1680679525250016664,29,29,30,29
1680679525251712599,29,29,30,29
1680679525253389790,29,29,30,29
1680679525255070936,29,29,30,29
1680679525256726039,29,29,30,29
1680679525258404120,29,29,30,29
1680679525260085989,29,29,30,29
1680679525261781164,29,29,30,29
1680679525263573308,29,29,30,29
1680679525265267903,29,29,30,29
1680679525266954849,29,29,30,29
1680679525268638780,29,29,30,29
1680679525270331266,29,29,30,29
1680679525272020251,29,29,30,29
1680679525273714668,29,29,30,29
1680679525275423428,29,29,30,29
1680679525277208487,29,29,30,29
1680679525278952768,29,29,30,29
1680679525280634102,29,29,30,29
1680679525282454684,29,29,30,29
1680679525284202148,29,29,30,29
1680679525285891641,29,29,30,29
1680679525287573226,29,29,30,29
1680679525289253197,29,29,30,29
1680679525290932386,29,29,30,29
1680679525292625795,29,29,30,29
1680679525294324169,29,29,30,29
1680679525296011966,29,29,30,29
1680679525297718067,29,29,30,29
1680679525299410075,29,29,30,29
1680679525301159902,29,29,30,29
1680679525302876212,29,29,30,29
1680679525304648821,29,29,30,29
1680679525306321599,29,29,30,29
1680679525307990438,29,29,30,29
1680679525309667277,29,29,30,29
1680679525311328012,29,29,30,29
1680679525312997025,29,29,30,29
1680679525314703811,29,29,30,29
1680679525316415769,29,29,30,29
1680679525318190029,29,29,30,29
1680679525319888955,29,29,30,29
1680679525321593358,29,29,30,29
1680679525323458124,29,29,30,29
1680679525325153394,29,29,30,29
1680679525326831779,29,29,30,29
1680679525328517263,29,29,30,29
1680679525330219590,29,29,30,29
1680679525331908464,29,29,30,29
1680679525333588032,30,29,30,29
1680679525335266981,30,29,30,29
1680679525336958827,30,29,30,29
1680679525338649306,30,29,30,29
1680679525340331798,30,29,30,29
1680679525342016891,30,29,30,29
1680679525343799234,30,29,30,29
1680679525345480188,30,29,30,29
1680679525347164785,30,29,30,29
1680679525348854061,30,29,30,29
1680679525350538291,30,29,30,29
1680679525352219648,30,29,30,29
1680679525353911824,30,29,30,29
1680679525355598279,30,29,30,29
1680679525357328735,30,29,30,29
1680679525359016652,30,29,30,29
1680679525360706278,30,29,30,29
1680679525362424475,30,29,30,29
1680679525364184392,30,29,30,29
1680679525365968986,30,29,30,29
1680679525367653480,30,29,30,29
1680679525369340271,30,29,30,29
1680679525371023339,30,29,30,29
1680679525372707766,30,29,30,29
1680679525374399702,30,29,30,29
1680679525376080710,30,29,30,29
1680679525377791253,30,29,30,29
1680679525379483672,30,29,30,29
1680679525381162463,30,29,30,29
1680679525383004749,30,29,30,29
1680679525384721798,30,29,30,29
1680679525386413589,30,29,30,29
1680679525388091624,30,29,30,29
1680679525389809827,30,29,30,29
1680679525391500389,30,29,30,29
1680679525393191338,30,29,30,29
1680679525394873835,30,29,30,29
1680679525396558972,30,29,30,29
1680679525398302180,30,29,30,29
1680679525399985757,30,29,30,29
1680679525401670539,30,29,30,29
1680679525403471430,30,29,30,29
1680679525405159465,30,29,30,29
1680679525406844458,30,29,30,29
1680679525408512019,30,29,30,29
1680679525410182933,30,29,30,29
1680679525411848880,30,29,30,29
1680679525413518106,30,29,30,29
1680679525415179337,30,29,30,29
1680679525416857976,30,29,30,29
1680679525418555555,30,29,30,29
1680679525420261827,30,29,30,29
1680679525421974614,30,29,30,29
1680679525423776924,30,29,30,29
1680679525425482362,30,29,30,29
1680679525427187535,30,29,30,29
1680679525428885202,30,29,30,29
1680679525430568524,30,29,30,29
1680679525432253841,30,29,30,29
1680679525434001121,30,29,30,29
1680679525435681546,30,29,30,29
1680679525437379694,30,29,30,29
1680679525439067279,30,29,30,29
1680679525440726759,30,29,30,29
1680679525442407908,30,29,30,29
1680679525444110180,30,29,30,29
1680679525445799184,30,29,30,29
1680679525447482744,30,29,30,29
1680679525449225509,30,29,30,29
1680679525450907676,30,29,30,29
1680679525452594844,30,29,30,29
1680679525454283081,30,29,30,29
1680679525455971269,30,29,30,29
1680679525457706997,30,29,30,29
1680679525459389720,30,29,30,29
1680679525461074431,30,29,30,29
1680679525462776594,30,29,30,29
1680679525464486810,30,29,30,29
1680679525466170730,30,29,30,29
1680679525467861701,30,29,30,29
1680679525469541811,30,29,30,29
1680679525471220601,30,29,30,29
1680679525472901327,30,29,30,29
1680679525474583075,30,29,30,29
1680679525476266537,30,29,30,29
1680679525478010432,30,29,30,29
1680679525479698260,30,29,30,29
1680679525481385874,30,29,30,29
1680679525483116169,30,29,30,29
1680679525484821066,30,29,30,29
1680679525486508016,30,29,30,29
1680679525488203214,30,29,30,29
1680679525489888810,30,29,30,29
1680679525491576381,30,29,30,29
1680679525493253702,30,29,30,29
1680679525494930067,30,29,29,29
1680679525496613417,30,29,29,29
1680679525498343283,30,29,29,29
1680679525500023343,29,29,29,29
1680679525501701500,29,29,29,29
1680679525503497289,29,29,29,29
1680679525505181080,29,29,29,29
1680679525506864185,29,29,29,29
1680679525508558903,29,29,29,29
1680679525510321761,29,29,29,29
1680679525512007924,29,29,29,29
1680679525513694544,29,29,29,29
1680679525515381161,29,29,29,29
1680679525517074895,29,29,29,29
1680679525518755124,29,29,29,29
1680679525520442100,29,29,29,29
1680679525522173961,29,29,29,29
1680679525523979521,29,29,29,29
1680679525525674043,29,29,29,29
1680679525527356161,29,29,29,29
1680679525529039491,29,29,29,29
1680679525530720092,29,29,29,29
1680679525532389186,29,29,29,29
1680679525534073262,29,29,29,29
1680679525535748921,29,29,29,29
1680679525537426278,29,29,29,29
1680679525539089086,29,29,29,29
1680679525540728480,29,29,29,29
1680679525542431010,29,29,29,29
1680679525544201924,29,29,29,29
1680679525545910050,29,29,29,29
1680679525547613745,29,29,29,29
1680679525549313252,29,29,29,29
1680679525551022336,29,29,29,29
1680679525552728376,29,29,29,29
1680679525554436204,29,29,29,29
1680679525556145923,29,29,29,29
1680679525557866406,29,29,29,29
1680679525559574019,29,29,29,29
1680679525561283259,29,29,29,29
1680679525563050634,29,29,29,29
1680679525564726611,29,29,29,29
1680679525566392957,29,29,29,29
1680679525568057142,29,29,29,29
1680679525569723822,29,29,29,29
1680679525571390804,29,29,29,29
1680679525573068544,29,29,29,29
1680679525574770388,29,29,29,29
1680679525576472074,29,29,29,29
1680679525578271594,29,29,29,29
1680679525579980528,29,29,29,29
1680679525581689860,29,29,29,29
1680679525583499593,29,29,29,29
1680679525585231331,29,29,29,29
1680679525586918784,29,29,29,29
1680679525588613857,29,29,29,29
1680679525590374212,29,29,29,29
1680679525592063616,29,29,29,29
1680679525593751163,29,29,29,29
1680679525595443178,29,29,29,29
1680679525597128912,29,29,29,29
1680679525598811551,29,29,29,29
1680679525600506475,29,29,29,29
1680679525602199526,29,29,29,29
1680679525604170283,29,29,29,29
1680679525605860940,29,29,29,29
1680679525607540351,29,29,29,29
1680679525609221760,29,29,29,29
1680679525610903084,29,29,29,29
1680679525612580379,29,29,29,29
1680679525614274856,29,29,29,29
1680679525615963079,29,29,29,29
1680679525617675063,29,29,29,29
1680679525619361783,29,29,29,29
1680679525621046710,29,29,29,29
1680679525622728072,29,29,29,29
1680679525624442554,29,29,29,29
1680679525626138759,29,29,29,29
1680679525627826723,29,29,29,29
1680679525629581253,29,29,29,29
1680679525631270057,29,29,29,29
1680679525633000853,29,29,29,29
1680679525634688600,29,29,29,29
1680679525636387054,29,29,29,29
1680679525638118902,29,29,29,29
1680679525639808864,29,29,29,29
1680679525641488756,29,29,29,29
1680679525643199155,29,29,29,29
1680679525644904513,29,29,29,29
1680679525646608695,29,29,29,29
1680679525648373035,29,29,29,29
1680679525650054005,29,29,29,29
1680679525651733180,29,29,29,29
1680679525653414859,29,29,29,29
1680679525655091488,29,29,29,29
1680679525656726410,29,29,29,29
1680679525658451636,29,29,29,29
1680679525660132221,29,29,29,29
1680679525661907601,29,29,29,29
1680679525663720410,29,29,29,29
1680679525665723396,29,29,29,29
1680679525667552231,29,29,29,29
1680679525669235510,29,29,29,29
1680679525670911436,29,29,29,29
1680679525672610461,29,29,29,29
1680679525674304982,29,29,29,29
1680679525676072948,29,29,29,29
1680679525677919764,29,29,29,29
1680679525679872194,29,29,29,29
1680679525681567600,29,29,29,29
1680679525683355925,29,29,29,29
1680679525685069427,29,29,29,29
1680679525687016262,29,29,29,29
1680679525688722228,29,29,29,29
1680679525690402550,29,29,29,29
1680679525692088470,29,29,29,29
1680679525693784865,29,29,29,29
1680679525695466932,29,29,29,29
1680679525697153373,29,29,29,29
1680679525698891963,29,29,29,29
1680679525700575118,29,29,29,29
1680679525702268830,29,29,29,29
1680679525704082840,29,29,29,29
1680679525705766992,29,29,29,29
1680679525707452094,29,29,29,29
1680679525709144649,29,29,29,29
1680679525710835436,29,29,29,29
1680679525712513202,29,29,29,29
1680679525714194131,29,29,29,29
1680679525715874805,29,29,29,29
1680679525717558762,29,29,29,29
1680679525719231919,29,29,29,29
1680679525720912424,29,29,29,29
1680679525722593970,29,29,29,29
1680679525724378552,29,29,29,29
1680679525726072588,29,29,29,29
1680679525727755534,29,29,29,29
1680679525729440771,29,29,29,29
1680679525731124203,29,29,29,29
1680679525732808508,29,29,29,29
1680679525734493719,29,29,29,29
1680679525736186141,29,29,29,29
1680679525737882253,29,29,29,29
1680679525739574524,29,29,29,29
1680679525741261107,29,29,29,29
1680679525742947993,29,29,29,29
1680679525744885233,29,29,29,29
1680679525746772522,29,29,29,29
1680679525748660945,29,29,29,29
1680679525750539669,29,29,29,29
1680679525752409746,29,29,29,29
1680679525754299986,29,29,29,29
1680679525756211746,29,29,29,29
1680679525758225731,29,29,29,29
1680679525760151702,29,29,29,29
1680679525762012914,29,29,29,29
1680679525763911077,29,29,29,29
1680679525765806632,29,29,29,29
1680679525767683090,29,29,29,29
1680679525769567205,29,29,29,29
1680679525771462732,29,29,29,29
1680679525773364974,29,29,29,29
1680679525775981087,29,29,29,29
1680679525778031119,29,29,29,29
1680679525780001305,29,29,29,29
1680679525781903291,29,29,29,29
1680679525783836524,29,29,29,29
1680679525785749459,29,29,29,29
1680679525787642517,29,29,29,29
1680679525789556946,29,29,29,29
1680679525792078361,29,29,29,29
1680679525794010125,29,29,29,29
1680679525795910452,29,29,29,29
1680679525797830060,29,29,29,29
1680679525799732838,29,29,29,29
1680679525801629723,29,29,29,29
1680679525803517675,29,29,29,29
1680679525805420304,29,29,29,29
1680679525807914459,29,29,29,29
1680679525810428171,29,29,29,29
1680679525812546708,29,29,29,29
1680679525814806065,29,29,29,29
1680679525881685591,29,29,29,29
1680679525948183949,29,29,29,29
1680679525950528975,29,29,29,29
1680679525952437541,29,29,29,29
1680679525954354737,29,29,29,29
1680679525956257794,29,29,29,29
1680679525958118046,29,29,29,29
1680679525959769883,29,29,29,29
1680679525961420174,29,29,29,29
1680679525963086317,29,29,29,29
1680679525964833976,29,29,29,29
1680679525966484776,29,29,29,29
1680679525968141716,29,29,29,29
1680679525969829252,29,29,29,29
1680679525971515718,29,29,29,29
1680679525973196884,29,29,29,29
1680679525974876032,29,29,29,29
1680679525976562918,29,29,29,29
1680679525978400435,29,29,29,29
1680679525980087028,29,29,29,29
1680679525981782149,29,29,29,29
1680679525983471488,29,29,29,29
1680679525985285626,29,29,29,29
1680679525986969283,29,29,29,29
1680679525988657425,29,29,29,29
1680679525990356679,29,29,29,29
1680679525992055031,29,29,29,29
1680679525993857355,29,29,29,29
1680679525995543005,29,29,29,29
1680679525997224098,29,29,29,29
1680679525998938712,29,29,29,29
1680679526000629883,29,29,29,29
1680679526002461609,29,29,29,29
1680679526004253709,29,29,29,29
1680679526006061609,29,29,29,29
1680679526007748110,29,29,29,29
1680679526009435311,29,29,29,29
1680679526011116763,29,29,29,29
1680679526012801986,29,29,29,29
1680679526014492623,29,29,29,29
1680679526016181462,29,29,29,29
1680679526017870963,29,29,29,29
1680679526019571948,29,29,29,29
1680679526021260145,29,29,29,29
1680679526022954101,29,29,29,29
1680679526024824314,29,29,29,29
1680679526026570962,29,29,29,29
1680679526028260842,29,29,29,29
1680679526030000073,29,29,29,29
1680679526031682968,29,29,29,29
1680679526033363249,29,29,29,29
1680679526035039886,29,29,29,29
1680679526036727206,29,29,29,29
1680679526038415001,29,29,29,29
1680679526040094926,29,29,29,29
1680679526041787328,29,29,29,29
1680679526043474826,29,29,29,29
1680679526045255996,29,29,29,29
1680679526046945794,29,29,29,29
1680679526048631437,29,29,29,29
1680679526050321690,29,29,29,29
1680679526052005686,29,29,29,29
1680679526053688735,29,29,29,29
1680679526055370459,29,29,29,29
1680679526057058098,29,29,29,29
1680679526058826013,29,29,29,29
1680679526060515247,29,29,29,29
1680679526062222381,29,29,29,29
1680679526063905943,29,29,29,29
1680679526065686777,29,29,29,29
1680679526067370746,29,29,29,29
1680679526069054645,29,29,29,29
1680679526070748285,29,29,29,29
1680679526072432150,29,29,29,29
1680679526074148985,29,29,29,29
1680679526075851799,29,29,29,29
1680679526077535698,29,29,29,29
1680679526079246859,29,29,29,29
1680679526080932424,29,30,29,29
1680679526082641327,29,30,29,29
1680679526084452398,29,30,29,29
1680679526086254821,29,30,29,29
1680679526087944752,29,30,29,29
1680679526089635797,29,30,29,29
1680679526091320545,29,30,29,29
1680679526093009906,29,30,29,29
1680679526094680000,29,30,29,29
1680679526096352329,29,30,29,29
1680679526098026332,29,30,29,29
1680679526099717473,29,30,29,29
1680679526101389353,29,30,29,29
1680679526103058595,29,30,29,29
1680679526104785991,29,30,29,29
1680679526106512593,29,30,29,29
1680679526108218990,29,30,29,29
1680679526109938381,29,30,29,29
1680679526111646028,29,30,29,29
1680679526113356523,29,30,29,29
1680679526115049369,29,30,29,29
1680679526116726916,29,30,29,29
1680679526118415437,29,30,29,29
1680679526120155945,29,30,29,29
1680679526121865407,29,30,29,29
1680679526123555633,29,30,29,29
1680679526125369191,29,30,29,29
1680679526127055168,29,30,29,29
1680679526128730059,29,30,29,29
1680679526130423413,29,30,29,29
1680679526132171836,29,30,29,29
1680679526133874395,29,30,29,29
1680679526135556341,29,30,29,29
1680679526137240920,29,30,29,29
1680679526138950812,29,30,29,29
1680679526140638532,29,30,29,29
1680679526142325756,29,30,29,29
1680679526144017991,29,30,29,29
1680679526145859586,29,30,29,29
1680679526147541836,29,30,29,29
1680679526149218305,29,30,29,29
1680679526150901721,29,30,29,29
1680679526152583836,29,30,29,29
1680679526154271156,29,30,29,29
1680679526155955458,29,30,29,29
1680679526157638777,29,30,29,29
1680679526159436458,29,30,29,29
1680679526161115280,29,30,29,29
1680679526162797108,29,30,29,29
1680679526164555912,29,30,30,29
1680679526166271020,29,30,30,29
1680679526167957533,29,30,30,29
1680679526169640340,29,30,30,29
1680679526171331099,29,30,30,29
1680679526173015081,29,30,30,29
1680679526174697647,29,30,30,29
1680679526176382938,29,30,30,29
1680679526178087921,29,30,30,29
1680679526179833270,29,30,30,29
1680679526181510501,29,30,30,29
1680679526183192746,29,30,30,29
1680679526184915827,29,30,30,29
1680679526186654631,29,30,30,29
1680679526188344532,29,30,30,29
1680679526190031053,29,30,30,29
1680679526191718780,29,30,30,29
1680679526193402102,29,30,30,29
1680679526195085482,29,30,30,29
1680679526196726624,29,30,30,29
1680679526198413015,29,30,30,29
1680679526200120541,29,30,30,29
1680679526201819815,29,30,30,29
1680679526203511254,29,30,30,29
1680679526205348049,29,30,30,29
1680679526207033164,29,30,30,29
1680679526208708212,29,30,30,29
1680679526210466879,29,30,30,29
1680679526212141477,29,30,30,29
1680679526213833873,29,30,30,29
1680679526215498648,29,30,30,29
1680679526217172659,29,30,30,29
1680679526218852353,29,30,30,29
1680679526220538359,29,30,30,29
1680679526222245449,29,30,30,29
1680679526223930838,29,30,30,29
1680679526225705329,29,30,30,29
1680679526227393796,29,30,30,30
1680679526229113997,29,30,30,30
1680679526230826792,29,30,30,30
1680679526232536081,29,30,30,30
1680679526234271598,29,30,30,30
1680679526235984897,29,30,30,30
1680679526237700236,29,30,30,30
1680679526239502377,29,30,30,30
1680679526241185080,29,30,30,30
1680679526242861810,29,30,30,30
1680679526244546145,29,30,30,30
1680679526246371996,29,30,30,30
1680679526248061707,29,29,30,30
1680679526249752075,29,29,30,30
1680679526251440935,29,29,30,30
1680679526253132812,29,29,30,30
1680679526254820822,29,29,30,30
1680679526256500012,29,29,30,30
1680679526258181712,29,29,30,30
1680679526259933083,29,29,30,30
1680679526261705826,29,29,30,30
1680679526263380860,29,29,30,30
1680679526265091674,29,29,30,30
1680679526266802242,29,29,30,30
1680679526268489302,29,29,30,30
1680679526270177982,29,29,30,30
1680679526271863071,29,29,30,30
1680679526273544776,29,29,30,30
1680679526275235880,29,29,30,30
1680679526277004047,29,29,30,30
1680679526278690181,29,29,30,30
1680679526280406599,29,29,30,30
1680679526282102817,29,29,30,30
1680679526283789027,29,29,30,30
1680679526285600958,29,29,30,30
1680679526287282237,29,29,30,30
1680679526288969046,29,29,30,30
1680679526290654883,29,29,30,30
1680679526292345731,29,29,30,30
1680679526294038357,29,29,30,30
1680679526295805537,29,29,30,30
1680679526297489650,29,29,30,30
1680679526299237245,29,29,30,30
1680679526300918127,29,29,30,30
1680679526302601085,29,29,30,30
1680679526304436013,29,29,30,30
1680679526306193321,29,29,30,30
1680679526307882152,29,29,30,30
1680679526309568733,29,29,30,30
1680679526311341187,29,29,30,30
1680679526313024195,29,29,30,30
1680679526314700775,29,29,30,30
1680679526316382718,29,29,30,30
1680679526318091743,29,29,30,30
1680679526319864147,29,29,30,30
1680679526321546472,29,29,30,30
1680679526323225280,29,29,30,30
1680679526324975028,29,29,30,30
1680679526326682743,29,29,30,30
1680679526328369344,29,29,30,30
1680679526330059756,29,29,30,30
1680679526331740115,29,29,29,30
1680679526333423330,29,29,29,30
1680679526335108459,29,29,29,30
1680679526336792860,29,29,29,30
1680679526338488175,29,29,29,30
1680679526340231469,29,29,29,30
1680679526341933285,29,29,29,30
1680679526343622706,29,29,29,30
1680679526345340738,29,29,29,30
1680679526347072405,29,29,29,30
1680679526348729542,29,29,29,30
1680679526350413251,29,29,29,30
1680679526352101579,29,29,29,30
1680679526353798684,29,29,29,30
1680679526355483690,29,29,29,30
1680679526357213292,29,29,29,30
1680679526358892547,29,29,29,30
1680679526360673029,29,29,29,30
1680679526362367372,29,29,29,30
1680679526364049918,29,29,29,30
1680679526365864601,29,29,29,30
1680679526367548019,29,29,29,30
1680679526369299018,29,29,29,30
1680679526370978255,29,29,29,30
1680679526372658657,29,29,29,30
1680679526374341962,29,29,29,30
1680679526376020725,29,29,29,30
1680679526377761105,29,29,29,30
1680679526379587143,29,29,29,30
1680679526381290720,29,29,29,30
1680679526382968257,29,29,29,30
1680679526384633032,29,29,29,30
1680679526386359159,29,29,29,30
1680679526388025515,29,29,29,30
1680679526389690326,29,29,29,30
1680679526391354599,29,29,29,30
1680679526393022946,29,29,29,30
1680679526394727823,29,29,29,29
1680679526396437572,29,29,29,29
1680679526398205209,29,29,29,29
1680679526400028483,29,29,29,29
1680679526401734713,29,29,29,29
1680679526403442850,29,29,29,29
1680679526405194502,29,29,29,29
1680679526406905266,29,29,29,29
1680679526408649233,29,29,29,29
1680679526410333279,29,29,29,29
1680679526412021533,29,29,29,29
1680679526413713682,29,29,29,29
1680679526415394361,29,30,29,29
1680679526417078260,29,30,29,29
1680679526418766361,29,30,29,29
1680679526420511874,29,30,29,29
1680679526422198252,29,30,29,29
1680679526423885226,29,30,29,29
1680679526425592343,29,30,29,29
1680679526427334466,29,30,29,29
1680679526429025128,29,30,29,29
1680679526430772819,29,30,29,29
1680679526432540762,29,30,29,29
1680679526434254522,29,30,29,29
1680679526435932641,29,30,29,29
1680679526437611424,29,30,29,29
1680679526439365316,29,30,29,29
1680679526441045318,29,30,29,29
1680679526442727169,29,30,29,29
1680679526444413049,29,30,29,29
1680679526446231304,29,30,29,29
1680679526447915175,29,30,29,29
1680679526449600163,29,30,29,29
1680679526451289980,29,30,29,29
1680679526452973548,29,30,29,29
1680679526454656697,29,30,29,29
1680679526456353967,29,30,29,29
1680679526458123365,29,30,29,29
1680679526459844990,29,30,29,29
1680679526461531520,29,30,29,29
1680679526463217073,29,30,29,29
1680679526464894481,29,30,29,29
1680679526466665429,29,30,29,29
1680679526468348266,29,30,29,29
1680679526470036730,29,30,29,29
1680679526471721252,29,30,29,29
1680679526473400803,29,30,29,29
1680679526475081515,29,30,29,29
1680679526476731716,29,30,29,29
1680679526478424102,29,30,29,29
1680679526480134857,29,30,29,29
1680679526481823614,29,30,29,29
1680679526483511724,29,30,29,29
1680679526485229422,29,30,29,29
1680679526486943515,29,30,29,29
1680679526488607200,29,30,29,29
1680679526490280616,29,30,29,29
1680679526491938954,29,30,29,29
1680679526493614703,29,30,29,29
1680679526495273861,29,30,29,29
1680679526496944165,29,30,29,29
1680679526498649660,29,30,29,29
1680679526500453623,29,30,29,29
1680679526502175963,29,30,29,29
1680679526503884168,29,30,29,29
1680679526505611856,29,30,29,29
1680679526507344225,29,30,29,29
1680679526509055619,29,30,29,29
1680679526510735322,29,30,29,29
1680679526512409524,29,30,29,29
1680679526514108652,29,30,29,29
1680679526515792377,29,30,29,29
1680679526517478209,29,30,29,29
1680679526519163174,29,30,29,29
1680679526520873983,29,30,29,29
1680679526522555822,29,30,29,29
1680679526524242313,29,30,29,29
1680679526526033179,29,30,29,29
1680679526527724380,29,30,29,29
1680679526529495777,29,30,29,29
1680679526531183533,29,30,29,29
1680679526532861327,29,30,29,29
1680679526534558262,29,30,29,29
1680679526536254129,29,30,29,29
1680679526537941235,29,30,29,29
1680679526539626147,29,30,29,29
1680679526541306124,29,30,29,29
1680679526542984269,29,30,29,29
1680679526544666681,29,30,29,29
1680679526546583966,29,30,29,29
1680679526548266168,29,30,29,29
1680679526549965162,29,30,29,29
1680679526551647520,29,30,29,29
1680679526553331317,29,30,29,29
1680679526555012556,29,30,29,29
1680679526556697587,29,30,29,29
1680679526558399984,29,30,29,29
1680679526560114135,29,30,29,29
1680679526561809424,29,30,29,29
1680679526563495760,29,30,29,29
1680679526565182087,29,30,29,29
1680679526566961660,29,30,29,29
1680679526568653303,29,30,29,29
1680679526570343555,29,30,29,29
1680679526572023348,29,30,29,29
1680679526573706951,29,30,29,29
1680679526575385319,29,30,29,29
1680679526577066065,29,30,29,29
1680679526578752778,29,30,29,29
1680679526580510192,29,30,29,29
1680679526582204907,29,29,29,29
1680679526583891809,29,29,29,29
1680679526585613450,29,29,29,29
1680679526587329590,29,29,29,29
1680679526589018501,29,29,29,29
1680679526590713442,29,29,29,29
1680679526592471833,29,29,29,29
1680679526594140089,29,29,29,29
1680679526595797926,29,29,29,29
1680679526597471672,29,29,29,29
1680679526599129925,29,29,29,29
1680679526600841559,29,29,29,29
1680679526602521710,29,29,29,29
1680679526604478716,29,29,29,29
1680679526606281631,29,29,29,29
1680679526607965315,29,29,29,29
1680679526609648999,29,29,29,29
1680679526611326689,29,29,29,29
1680679526613006550,29,29,29,29
1680679526614687740,29,29,29,29
1680679526616375432,29,29,29,29
1680679526618064218,29,29,29,29
1680679526619758425,29,29,29,29
1680679526621451725,29,29,29,29
1680679526623163465,29,29,29,29
1680679526624873447,29,29,29,29
1680679526626667939,29,29,29,29
1680679526628370706,29,29,29,29
1680679526630099140,29,29,29,29
1680679526631808268,29,29,29,29
1680679526633477476,29,29,29,29
1680679526635161678,29,29,29,29
1680679526636827774,29,29,29,29
1680679526638494521,29,29,29,29
1680679526640176947,29,29,29,29
1680679526641851459,29,29,29,29
1680679526643566831,29,29,29,29
1680679526645273262,29,29,29,29
1680679526647116112,29,29,29,29
1680679526648820793,29,29,29,29
1680679526650518593,29,29,29,29
1680679526652232243,29,29,29,29
1680679526653933466,29,29,29,29
1680679526655681134,29,29,29,29
1680679526657361898,29,29,29,29
1680679526659037870,29,29,29,29
1680679526660806907,29,29,29,29
1680679526662489121,29,29,29,29
1680679526664174843,29,29,29,29
1680679526665904870,29,29,29,29
1680679526667649106,29,29,29,29
1680679526669336214,29,29,29,29
1680679526671020658,29,29,29,29
1680679526672708154,29,29,29,29
1680679526674406865,29,29,29,29
1680679526676095439,29,29,29,29
1680679526677796907,29,29,29,29
1680679526679482677,29,29,29,29
1680679526681193177,29,29,29,29
1680679526682878064,29,29,29,29
1680679526684571112,29,29,29,29
1680679526686355056,29,29,29,29
1680679526688068086,29,29,29,29
1680679526689756192,29,29,29,29
1680679526691439886,29,29,29,29
1680679526693120664,29,29,29,29
1680679526694799508,29,29,29,29
1680679526696475329,29,29,29,29
1680679526698162619,29,29,29,29
1680679526699842508,29,29,29,29
1680679526701590782,29,29,29,29
1680679526703272359,29,29,29,29
1680679526704948890,29,29,29,29
1680679526706720722,29,29,29,29
1680679526708408819,29,29,29,29
1680679526710162509,29,29,29,29
1680679526711859318,29,29,29,29
1680679526713545824,29,29,29,29
1680679526715231115,29,29,29,29
1680679526716911786,29,29,29,29
1680679526718592997,29,29,29,29
1680679526720319057,29,29,29,29
1680679526722007340,29,29,29,29
1680679526723691410,29,29,29,29
1680679526725377090,29,29,29,29
1680679526727161305,29,29,29,29
1680679526728850950,29,29,29,29
1680679526730533398,29,29,29,29
1680679526732215339,29,29,29,29
1680679526733905741,29,29,29,29
1680679526735586310,29,29,29,29
1680679526737267026,29,29,29,29
1680679526738942804,29,29,29,29
1680679526740659999,29,29,29,29
1680679526742347182,29,29,29,29
1680679526744033667,29,29,29,29
1680679526745724091,29,29,29,29
1680679526747552026,29,29,29,29
1680679526749254813,29,29,29,29
1680679526750991293,29,29,29,29
1680679526752680954,29,29,29,29
1680679526754381981,29,29,29,29
1680679526756063082,29,29,29,29
1680679526757962868,29,29,29,29
1680679526759642096,29,29,29,29
1680679526761412004,29,29,29,29
1680679526763098224,29,29,29,29
1680679526764779916,29,29,29,29
1680679526766508450,29,29,29,29
1680679526768205067,29,29,29,29
1680679526769984583,29,29,29,29
1680679526771669809,29,29,29,29
1680679526773354945,29,29,29,29
1680679526775035405,29,29,29,29
1680679526776725569,29,29,29,29
1680679526778566451,29,29,29,29
1680679526780301713,29,29,29,29
1680679526782010551,29,29,29,29
1680679526783778669,29,29,29,29
1680679526785460462,29,29,29,29
1680679526787326642,29,29,29,29
1680679526789025693,29,29,29,29
1680679526790707422,29,29,29,29
1680679526792391899,29,29,29,29
1680679526794088118,29,29,29,29
1680679526795771679,29,29,29,29
1680679526797455507,29,29,29,29
1680679526799139223,29,29,29,29
1680679526800835524,29,29,29,29
1680679526802529846,29,29,29,29
1680679526804209296,29,29,29,29
1680679526805938071,29,29,29,29
1680679526807643620,29,29,29,29
1680679526809321714,29,29,29,29
1680679526810993174,29,29,29,29
1680679526812673513,29,29,29,29
1680679526814359687,29,29,29,29
1680679526816043612,29,29,29,29
1680679526817723573,29,29,29,29
1680679526819404763,29,29,29,29
1680679526821141504,29,29,29,29
1680679526822824511,29,29,29,29
1680679526824519819,29,29,29,29
1680679526826245243,29,29,29,29
1680679526827948786,29,29,29,29
1680679526829633268,29,29,29,29
1680679526831344028,29,29,29,29
1680679526833026904,29,29,29,29
1680679526834718551,29,29,29,29
1680679526836403647,29,29,29,29
1680679526838160176,29,29,29,29
1680679526839852929,29,29,29,29
1680679526841592699,29,29,29,29
1680679526843273286,29,29,29,29
1680679526844958463,29,29,29,29
1680679526846782427,29,29,29,29
1680679526848472880,29,29,29,29
1680679526850426904,29,29,29,29
1680679526852218921,29,29,29,29
1680679526853911299,29,29,29,29
1680679526855598997,29,29,29,29
1680679526857280361,29,29,29,29
1680679526858958123,29,29,29,29
1680679526860669004,29,29,29,29
1680679526862314858,29,29,29,29
1680679526863962565,29,29,29,29
1680679526865610667,29,29,29,29
1680679526867344165,29,29,29,29
1680679526868993984,29,29,29,29
1680679526870678218,29,29,29,29
1680679526872388832,29,29,29,29
1680679526874106758,29,29,29,29
1680679526875813901,29,29,29,29
1680679526877523169,29,29,29,29
1680679526879232612,29,29,29,29
1680679526880971082,29,29,29,29
1680679526882654914,29,29,29,29
1680679526884342582,29,29,29,29
1680679526886034359,29,29,29,29
1680679526887745851,29,29,29,29
1680679526889435767,29,29,29,29
1680679526891123693,29,29,29,29
1680679526892810393,29,29,29,29
1680679526894496263,29,29,29,29
1680679526896193624,29,29,29,30
1680679526897886634,29,29,29,30
1680679526899582312,29,29,29,30
1680679526901333289,29,29,29,30
1680679526903016115,29,29,29,30
1680679526904699859,29,29,29,30
1680679526906437566,29,29,29,30
1680679526908142622,29,29,29,30
1680679526909829804,29,29,29,30
1680679526911518285,29,29,29,30
1680679526913196842,29,29,29,30
1680679526914878087,29,29,29,30
1680679526916561076,29,30,29,30
1680679526918347182,29,30,29,30
1680679526920036666,29,30,29,30
1680679526921813412,29,30,29,30
1680679526923494677,29,30,29,30
1680679526925177301,29,30,29,30
1680679526926935997,29,30,29,30
1680679526928625300,29,30,29,30
1680679526930317415,29,30,29,30
1680679526932003312,29,30,29,30
1680679526933690553,29,30,29,30
1680679526935372310,29,30,29,30
1680679526937052294,29,30,29,30
1680679526938728507,29,30,29,30
1680679526940410463,29,30,29,30
1680679526942159315,29,30,29,30
1680679526943847200,29,30,29,30
1680679526945535249,29,30,29,30
1680679526947304724,29,30,29,30
1680679526948990426,29,30,29,30
1680679526950668743,29,30,29,30
1680679526952353373,29,30,29,30
1680679526954040359,29,30,29,30
1680679526955764760,29,30,29,30
1680679526957448727,29,30,29,30
1680679526959137188,29,30,29,30
1680679526960868698,29,30,29,30
1680679526962551978,29,30,29,30
1680679526964238523,29,30,29,30
1680679526965937200,29,30,29,30
1680679526967665732,29,30,29,30
1680679526969350097,29,30,29,30
1680679526971036149,29,30,29,30
1680679526972726728,29,30,29,30
1680679526974408042,29,30,29,30
1680679526976264385,29,30,29,30
1680679526977980477,29,30,29,30
1680679526979662485,29,30,29,30
1680679526981369280,29,30,29,30
1680679526983061236,29,30,29,30
1680679526984912614,29,30,29,30
1680679526986618649,29,30,29,30
1680679526988343394,29,30,29,30
1680679526990013184,29,30,29,30
1680679526991858303,29,30,29,30
1680679526993539079,29,30,29,30
1680679526995225748,29,30,29,30
1680679526996907875,29,30,29,30
1680679526998795879,29,30,29,30
1680679527000494550,29,30,29,30
1680679527002247099,29,30,29,30
1680679527003935884,29,30,29,30
1680679527005628026,29,30,29,30
1680679527007539329,29,30,29,30
1680679527009229730,29,30,29,30
1680679527010915407,29,30,29,30
1680679527012634732,29,30,29,30
1680679527014319790,29,30,29,30
1680679527016004021,29,30,29,30
1680679527017691722,29,30,29,30
1680679527019368490,29,30,29,30
1680679527021114760,29,30,29,30
1680679527022794496,29,30,29,30
1680679527024474811,29,30,29,30
1680679527026162868,29,30,29,30
1680679527027947791,29,30,29,30
1680679527029630181,29,30,29,30
1680679527031311158,29,30,29,30
1680679527032990824,29,30,29,30
1680679527034670690,29,30,29,30
1680679527036380861,29,30,29,30
1680679527038103119,29,30,29,30
1680679527039816404,29,30,29,30
1680679527041546275,29,30,29,30
1680679527043251586,29,30,29,30
1680679527044968248,29,30,29,30
1680679527046748209,29,30,29,30
1680679527048456312,29,30,29,30
1680679527050150802,29,30,29,30
1680679527051841942,29,30,29,30
1680679527053520784,29,30,29,30
1680679527055202853,29,30,29,30
1680679527057174884,29,30,29,30
1680679527059046706,29,30,29,30
1680679527060926586,29,30,29,30
1680679527062769848,29,30,29,30
1680679527064643149,29,30,29,29
1680679527066609742,29,30,29,29
1680679527068496498,29,30,29,29
1680679527070569074,29,30,29,29
1680679527072440350,29,30,29,29
1680679527074282393,29,30,29,29
1680679527076166685,29,30,29,29
1680679527078055439,29,30,29,29
1680679527079949912,29,30,29,29
1680679527081846296,29,30,29,29
1680679527083739689,29,29,29,29
1680679527086332607,29,29,29,29
1680679527088258908,29,29,29,29
1680679527090149067,29,29,29,29
1680679527092052286,29,29,29,29
1680679527093960339,29,29,29,29
1680679527095881333,29,29,29,29
1680679527097795317,29,29,29,29
1680679527099664714,29,29,29,29
1680679527102214684,29,29,29,29
1680679527104060455,29,29,29,29
1680679527105913857,29,29,29,29
1680679527107888623,29,29,29,29
1680679527109813707,29,29,29,29
1680679527111738903,29,29,29,29
1680679527113658388,29,29,29,29
1680679527115581822,29,29,29,29
1680679527118122746,29,29,29,29
1680679527120647517,29,29,29,29
1680679527122821641,29,29,29,29
1680679527125027382,29,29,30,29
1680679527191135658,29,29,30,29
1680679527256733023,29,29,30,29
1680679527258998492,29,29,30,29
1680679527260918388,29,29,30,29
1680679527262835414,29,29,30,29
1680679527264739061,29,29,30,29
1680679527266635292,29,29,30,29
1680679527268401712,29,29,30,29
1680679527270051505,29,29,30,29
1680679527271679394,29,29,30,29
1680679527273313870,29,29,30,29
1680679527274946312,29,29,30,29
1680679527276592031,29,29,30,29
1680679527278436047,29,29,30,29
1680679527280132624,29,29,30,29
1680679527281850598,29,29,30,29
1680679527283549002,29,29,30,29
1680679527285227893,29,29,30,29
1680679527286903283,29,29,30,29
1680679527288639178,29,29,30,29
1680679527290333177,29,29,30,29
1680679527292026872,29,29,30,29
1680679527293714836,29,29,30,29
1680679527295397980,29,29,30,29
1680679527297079408,29,29,30,29
1680679527298757971,29,29,30,29
1680679527300438562,29,29,30,29
1680679527302144161,29,29,30,29
1680679527303836971,29,29,30,29
1680679527305654015,29,29,30,29
1680679527307385069,29,29,30,29
1680679527309095212,29,29,30,29
1680679527310770187,29,29,30,29
1680679527312451191,29,29,30,29
1680679527314151252,29,29,30,29
1680679527315839514,29,29,30,29
1680679527317523706,29,29,30,29
1680679527319209247,29,29,30,29
1680679527320903076,29,29,30,29
1680679527322592513,29,29,30,29
1680679527324272535,29,29,30,29
1680679527325961635,29,29,30,29
1680679527327743893,29,29,30,29
1680679527329556802,29,29,30,29
1680679527331244464,29,29,30,29
1680679527332941470,29,29,30,29
1680679527334624590,29,29,30,29
1680679527336315989,29,29,29,29
1680679527338007391,29,29,29,29
1680679527339690398,29,29,29,29
1680679527341370714,29,29,29,29
1680679527343110655,29,29,29,29
1680679527344796362,29,29,29,29
1680679527346478808,29,29,29,29
1680679527348246233,29,29,29,29
1680679527349945858,29,29,29,29
1680679527351630630,29,29,29,29
1680679527353324125,29,29,29,29
1680679527355015370,29,29,29,29
1680679527356692595,29,29,29,29
1680679527358503695,29,29,29,29
1680679527360177867,29,29,29,29
1680679527361972026,29,29,29,29
1680679527363655815,29,29,29,29
1680679527365363632,29,29,29,29
1680679527367072257,29,29,29,29
1680679527368836491,29,29,29,29
1680679527370539689,29,29,29,29
1680679527372332060,29,29,29,29
1680679527374017100,29,29,29,29
1680679527375702366,29,29,29,29
1680679527377387117,29,29,29,29
1680679527379073820,29,29,29,29
1680679527380729088,29,29,29,29
1680679527382471152,29,29,29,29
1680679527384161530,29,29,29,29
1680679527385863966,29,29,29,29
1680679527387698390,29,29,29,29
1680679527389438073,29,29,29,29
1680679527391133399,29,29,29,29
1680679527392825764,29,29,29,29
1680679527394498521,29,29,29,29
1680679527396195207,29,29,29,29
1680679527397992894,29,29,29,29
1680679527399681125,29,29,29,29
1680679527401371088,29,29,29,29
1680679527403084488,29,29,29,29
1680679527404726611,29,29,29,29
1680679527406406224,29,29,29,29
1680679527408157305,29,29,29,29
1680679527409855844,29,29,29,29
1680679527411537649,29,29,29,29
1680679527413217486,29,29,29,29
1680679527414892909,29,29,29,29
1680679527416612251,29,29,29,29
1680679527418322421,29,29,29,29
1680679527420018191,29,29,29,29
1680679527421703192,29,29,29,29
1680679527423441863,29,29,29,29
1680679527425129893,29,29,29,29
1680679527426812662,29,29,29,29
1680679527428558724,29,29,29,29
1680679527430253101,29,29,29,29
1680679527431936188,29,29,29,29
1680679527433703024,29,29,29,29
1680679527435385627,29,29,29,29
1680679527437072807,29,29,29,29
1680679527438757096,29,29,29,29
1680679527440447894,29,29,29,29
1680679527442224986,29,29,29,29
1680679527443904421,29,29,29,29
1680679527445585304,29,29,29,29
1680679527447347877,29,29,29,29
1680679527449118015,29,29,29,29
1680679527450801522,29,29,29,29
1680679527452487452,29,29,29,29
1680679527454170228,29,29,29,29
1680679527455856408,29,29,29,29
1680679527457544367,29,29,29,29
1680679527459286933,29,29,29,29
1680679527460968185,29,29,29,29
1680679527462675879,29,29,29,29
1680679527464362589,29,29,29,29
1680679527466053503,29,29,29,29
1680679527467858104,29,29,29,29
1680679527469553961,29,29,29,29
1680679527471231852,29,29,29,29
1680679527472914546,29,29,29,29
1680679527474597309,29,29,29,29
1680679527476277648,29,29,29,29
1680679527477970129,29,29,29,29
1680679527479725814,29,29,29,29
1680679527481439400,29,29,29,29
1680679527483173799,29,29,29,29
1680679527484857402,29,29,29,29
1680679527486540976,29,29,29,29
1680679527488336974,29,29,29,29
1680679527490024067,29,29,29,29
1680679527491710678,29,29,29,29
1680679527493397770,29,29,29,29
1680679527495080298,29,29,29,29
1680679527496726229,29,29,29,29
1680679527498411857,29,29,29,29
1680679527500111697,29,29,29,29
1680679527501891702,29,29,29,29
1680679527503581729,29,29,29,29
1680679527505258122,29,29,29,29
1680679527506941544,29,29,29,29
1680679527508723744,29,29,29,29
1680679527510417472,29,29,29,29
1680679527512104864,29,29,29,29
1680679527513824655,29,29,29,29
1680679527515513744,29,29,29,29
1680679527517195567,29,29,29,29
1680679527518877274,29,29,29,29
1680679527520589761,29,29,29,29
1680679527522308306,29,29,29,29
1680679527523995489,29,29,29,29
1680679527525679694,29,29,29,29
1680679527527362908,29,29,29,29
1680679527529157454,29,29,29,29
1680679527530843650,29,29,29,29
1680679527532529848,29,29,29,29
1680679527534220699,29,29,29,29
1680679527535920121,29,29,29,29
1680679527537608099,29,29,29,29
1680679527539294095,29,29,29,29
1680679527540981849,29,29,29,29
1680679527542679658,29,29,29,29
1680679527544367377,29,29,29,29
1680679527546064409,29,29,29,29
1680679527547781665,29,29,29,29
1680679527549486083,29,29,29,29
1680679527551173905,29,29,29,29
1680679527552861022,29,29,29,29
1680679527554545474,29,29,29,29
1680679527556230438,29,29,29,29
1680679527557919527,29,29,29,29
1680679527559725939,29,29,29,29
1680679527561410103,29,29,29,29
1680679527563140543,29,29,29,29
1680679527564821301,29,29,29,29
1680679527566506377,29,29,29,29
1680679527568329153,29,29,29,29
1680679527570041118,29,29,29,29
1680679527571731695,29,29,29,29
1680679527573423402,29,29,29,29
1680679527575115606,29,29,29,29
1680679527576797556,29,29,29,29
1680679527578478754,29,29,29,29
1680679527580223680,29,29,29,29
1680679527581914679,29,29,29,29
1680679527583619325,29,29,29,29
1680679527585296446,29,29,29,29
1680679527586977251,29,30,29,29
1680679527588725805,29,30,29,29
1680679527590390518,29,30,29,29
1680679527592051429,29,30,29,29
1680679527593722041,29,30,29,29
1680679527595386284,29,30,29,29
1680679527597049499,29,30,29,29
1680679527598731437,29,30,29,29
1680679527600418416,29,30,29,29
1680679527602118755,29,30,29,29
1680679527603915274,29,30,29,29
1680679527605604048,29,30,29,29
1680679527607282712,29,30,29,29
1680679527609190413,29,30,29,29
1680679527610877624,29,30,29,29
1680679527612557150,29,30,29,29
1680679527614357713,29,30,29,29
1680679527616043727,29,30,29,29
1680679527617731754,29,30,29,29
1680679527619412131,29,30,29,29
1680679527621097859,29,30,29,29
1680679527622797342,29,30,29,29
1680679527624495660,29,30,29,29
1680679527626172805,29,30,29,29
1680679527627873010,29,30,29,29
1680679527629580796,29,30,29,29
1680679527631257756,29,30,29,29
1680679527632937842,29,30,29,29
1680679527634613979,29,30,29,29
1680679527636375667,29,30,29,29
1680679527638065443,29,30,29,29
1680679527639744921,29,30,29,29
1680679527641427631,29,30,29,29
1680679527643199547,29,30,29,29
1680679527644885426,29,30,29,29
1680679527646564243,29,30,29,29
1680679527648300323,29,30,29,29
1680679527650011157,29,30,29,29
1680679527651695422,29,30,29,29
1680679527653379387,29,30,29,29
1680679527655066965,29,30,29,29
1680679527656726038,29,30,29,29
1680679527658416355,29,30,29,29
1680679527660177255,29,30,29,29
1680679527661915044,29,30,29,29
1680679527663672027,29,30,29,29
1680679527665437494,29,30,29,29
1680679527667169156,29,30,29,29
1680679527669009247,29,30,29,29
1680679527670703722,29,30,29,29
1680679527672381353,29,30,29,29
1680679527674061519,29,30,29,29
1680679527675727152,29,30,29,29
1680679527677388203,29,30,29,29
1680679527679057883,29,30,29,29
1680679527680814983,29,30,29,29
1680679527682523176,29,30,29,29
1680679527684224459,29,30,29,29
1680679527685940212,29,30,29,29
1680679527687641572,29,30,29,29
1680679527689541588,29,30,29,29
1680679527691249916,29,30,29,29
1680679527692931844,29,30,29,29
1680679527694612182,29,30,29,29
1680679527696298917,29,30,29,29
1680679527697987481,29,30,29,29
1680679527699676725,29,30,29,29
1680679527701421335,29,30,29,29
1680679527703203911,29,30,29,29
1680679527704889694,29,30,29,29
1680679527706574117,29,30,29,29
1680679527708299473,29,30,29,29
1680679527710015522,29,30,29,29
1680679527711703257,29,30,29,29
1680679527713392776,29,30,29,29
1680679527715076841,29,30,29,29
1680679527716830367,29,30,29,29
1680679527718516373,29,30,29,29
1680679527720195638,29,30,29,29
1680679527721875557,29,30,29,29
1680679527723628624,29,30,29,29
1680679527725342295,29,30,29,29
1680679527727021027,29,30,29,29
1680679527728884501,29,30,29,29
1680679527730568588,29,30,29,29
1680679527732258868,29,30,29,29
1680679527733980303,29,30,29,29
1680679527735660019,29,30,29,29
1680679527737340863,29,30,29,29
1680679527739014674,29,30,29,29
1680679527740701358,29,30,29,29
1680679527742394530,29,30,29,29
1680679527744136769,29,30,29,29
1680679527745831696,29,30,29,29
1680679527747527603,29,30,29,29
1680679527749313925,29,30,29,29
1680679527750992024,29,30,29,29
1680679527752676632,29,30,29,29
1680679527754369021,29,29,29,29
1680679527756050009,29,29,29,29
1680679527757731608,29,29,29,29
1680679527759412880,29,29,29,29
1680679527761100550,29,29,29,29
1680679527762873398,29,29,29,29
1680679527764542993,29,29,29,29
1680679527766213452,29,29,29,29
1680679527767886051,29,29,29,29
1680679527769693096,29,29,29,29
1680679527771363218,29,29,29,29
1680679527773030661,29,29,29,29
1680679527774735240,29,29,29,29
1680679527776442770,29,29,29,29
1680679527778172789,29,29,29,29
1680679527779950839,29,29,29,29
1680679527781713712,29,29,29,29
1680679527783448123,29,29,29,29
1680679527785143160,29,29,29,29
1680679527786826068,29,29,29,29
1680679527788546139,29,29,29,29
1680679527790261399,29,29,29,29
1680679527791941403,29,29,29,29
1680679527793622357,29,29,29,29
1680679527795291207,29,29,29,29
1680679527796970042,29,29,29,29
1680679527798655658,29,29,29,29
1680679527800334106,29,29,29,29
1680679527802022234,29,29,29,29
1680679527803730200,29,29,29,29
1680679527805409834,29,29,29,29
1680679527807088335,29,29,29,29
1680679527808800654,29,29,29,29
1680679527810480397,29,29,29,29
1680679527812164934,29,29,29,29
1680679527813857959,29,29,29,29
1680679527815542301,29,29,29,29
1680679527817305444,29,29,29,29
1680679527818994669,29,29,29,29
1680679527820684143,29,29,29,29
1680679527822386692,29,29,29,29
1680679527824124047,29,29,29,29
1680679527825819789,29,29,29,29
1680679527827511849,29,29,29,29
1680679527829324858,29,29,29,29
1680679527830995240,29,29,29,29
1680679527832677999,29,29,29,29
1680679527834364626,29,29,29,29
1680679527836053657,29,29,29,29
1680679527837741539,29,29,30,29
1680679527839430210,29,29,30,29
1680679527841114713,29,29,30,29
1680679527842787918,29,29,30,29
1680679527844464357,29,29,30,29
1680679527846159490,29,29,30,29
1680679527847842717,29,29,30,29
1680679527849634060,29,29,30,29
1680679527851319486,29,29,30,29
1680679527853007751,29,29,30,29
1680679527854690589,29,29,30,29
1680679527856373323,29,29,30,29
1680679527858064260,29,29,30,29
1680679527859747678,29,29,30,29
1680679527861432164,29,29,30,29
1680679527863137610,29,29,30,29
1680679527864824801,29,29,30,29
1680679527866513710,29,29,30,29
1680679527868196175,29,29,30,29
1680679527869993686,29,29,30,29
1680679527871678952,29,29,30,29
1680679527873361514,29,29,30,29
1680679527875126986,29,29,30,29
1680679527876802709,29,29,30,29
1680679527878490759,29,29,30,29
1680679527880184507,29,29,30,29
1680679527881889557,29,29,30,29
1680679527883611418,29,29,30,29
1680679527885379344,29,29,30,29
1680679527887062778,29,29,30,29
1680679527888784524,29,29,30,29
1680679527890493312,29,29,30,29
1680679527892181289,29,29,30,29
1680679527893870664,29,29,30,29
1680679527895559037,29,29,30,29
1680679527897253078,29,29,30,29
1680679527898942606,29,29,30,29
1680679527900624446,29,29,30,30
1680679527902313600,29,29,30,30
1680679527904015682,29,29,30,30
1680679527905696145,29,29,30,30
1680679527907377005,29,29,30,30
1680679527909225362,29,29,30,30
1680679527910915696,29,29,30,30
1680679527912598847,29,29,30,30
1680679527914295149,29,29,30,30
1680679527916049773,29,29,30,30
1680679527917733038,29,29,30,30
1680679527919412136,29,29,30,30
1680679527921099051,29,29,30,30
1680679527922787146,29,29,30,30
1680679527924526874,29,29,30,30
1680679527926254098,29,29,30,30
1680679527927943997,29,29,30,30
1680679527929798244,29,29,30,30
1680679527931574383,29,29,30,30
1680679527933260900,29,29,30,30
1680679527934944843,29,29,30,30
1680679527936646579,29,29,30,30
1680679527938335324,29,29,30,30
1680679527940016094,29,29,30,30
1680679527941699019,29,29,30,30
1680679527943407052,29,29,30,30
1680679527945091329,29,29,30,30
1680679527946775563,29,29,30,30
1680679527948633600,29,29,30,30
1680679527950347952,29,29,30,30
1680679527952032549,29,29,30,30
1680679527953723150,29,29,30,30
1680679527955402182,29,29,30,30
1680679527957081634,29,29,30,30
1680679527958762117,29,29,30,30
1680679527960449327,29,29,30,30
1680679527962137832,29,29,30,30
1680679527963851949,29,29,30,30
1680679527965522021,29,29,30,30
1680679527967182258,29,29,30,30
1680679527968934268,29,29,30,30
1680679527970637907,29,29,30,30
1680679527972345284,29,29,30,30
1680679527974057048,29,29,30,30
1680679527975807836,29,29,30,30
1680679527977561296,29,29,30,30
1680679527979281780,29,29,30,30
1680679527981075049,29,29,30,30
1680679527982766617,29,29,30,30
1680679527984477483,29,29,30,30
1680679527986162619,29,29,30,30
1680679527987854140,29,29,30,30
1680679527989647389,29,29,30,30
1680679527991335457,29,29,30,30
1680679527993024545,29,29,30,30
1680679527994705211,29,29,30,30
1680679527996387004,29,29,30,30
1680679527998076959,29,29,30,30
1680679527999763899,29,29,30,30
1680679528001453175,29,29,30,30
1680679528003137924,29,29,30,30
1680679528004824760,29,29,30,30
1680679528006512983,29,29,30,30
1680679528008204355,29,29,30,30
1680679528010032945,29,29,30,30
1680679528011713914,29,29,30,30
1680679528013403910,29,29,30,30
1680679528015099947,29,29,30,30
1680679528016780963,29,29,30,30
1680679528018477396,29,29,30,30
1680679528020232774,29,29,30,30
1680679528021944695,29,29,30,30
1680679528023662319,29,29,30,30
1680679528025341269,29,29,30,30
1680679528027034677,29,29,30,30
1680679528028822812,29,29,30,30
1680679528030559916,29,29,30,30
1680679528032248347,29,29,30,30
1680679528034047278,29,29,30,30
1680679528035736026,29,29,30,30
1680679528037417212,29,29,30,30
1680679528039106294,29,29,30,30
1680679528040796272,29,29,30,30
1680679528042477682,29,29,30,30
1680679528044231156,29,29,30,30
1680679528045946370,29,29,30,30
1680679528047628056,29,29,30,30
1680679528049434924,29,29,30,30
1680679528051109028,29,29,30,30
1680679528052788035,29,29,30,30
1680679528054468303,29,29,30,30
1680679528056165744,29,29,30,30
1680679528057923027,29,29,30,30
1680679528059613649,29,29,30,30
1680679528061300478,29,29,30,30
1680679528062980456,29,29,30,30
1680679528064698048,29,29,30,30
1680679528066381607,29,29,30,30
1680679528068050932,29,29,30,29
1680679528069806668,29,29,30,29
1680679528071473014,29,29,30,29
1680679528073129121,29,29,30,29
1680679528074803462,29,29,30,29
1680679528076483363,29,29,30,29
1680679528078169584,29,29,30,29
1680679528079969603,29,29,30,29
1680679528081661143,29,29,30,29
1680679528083350469,29,29,30,29
1680679528085061497,29,29,30,29
1680679528086765721,29,29,30,29
1680679528088467538,29,29,30,29
1680679528090239192,29,29,30,29
1680679528091947377,29,29,30,29
1680679528093650348,29,29,30,29
1680679528095349605,29,29,30,29
1680679528097033865,29,29,30,29
1680679528098724781,29,29,30,29
1680679528100416278,29,29,30,29
1680679528102120655,29,29,30,29
1680679528103830741,29,29,30,29
1680679528105519150,29,29,30,29
1680679528107208150,29,29,30,29
1680679528108896747,29,29,30,29
1680679528110604057,29,29,30,29
1680679528112294015,29,29,30,29
1680679528114017559,29,29,30,29
1680679528115700703,29,29,30,29
1680679528117381803,29,29,30,29
1680679528119072972,29,29,30,29
1680679528120839439,29,29,30,29
1680679528122532025,29,29,30,29
1680679528124229098,29,29,30,29
1680679528125930639,29,29,30,29
1680679528127619019,29,29,30,29
1680679528129439770,29,29,30,29
1680679528131115443,29,29,30,29
1680679528132795944,29,29,30,29
1680679528134476423,29,29,30,29
1680679528136157014,29,29,30,29
1680679528137846777,29,29,30,29
1680679528139535923,29,29,30,29
1680679528141221768,29,29,30,29
1680679528142908082,29,29,30,29
1680679528144624161,29,29,30,29
1680679528146405678,29,29,30,29
1680679528148095415,29,29,30,29
1680679528149873753,29,29,30,29
1680679528151567382,29,29,30,29
1680679528153255339,29,29,30,29
1680679528154944100,29,29,30,29
1680679528156623243,29,29,30,29
1680679528158311331,29,29,30,29
1680679528160001898,29,29,30,29
1680679528161688748,29,29,30,29
1680679528163372205,29,29,30,29
1680679528165055593,29,29,30,29
1680679528166738129,29,29,30,29
1680679528168400368,29,29,30,29
1680679528170157700,29,29,30,29
1680679528171821668,29,29,30,29
1680679528173479073,29,29,30,29
1680679528175150134,29,29,30,29
1680679528176812824,29,29,30,29
1680679528178490442,29,29,30,29
1680679528180176571,29,29,30,29
1680679528181860053,29,29,30,29
1680679528183548530,29,29,30,29
1680679528185232210,29,29,30,29
1680679528186921462,29,29,30,29
1680679528188704498,29,29,30,29
1680679528190582244,29,29,30,29
1680679528192324038,29,29,30,29
1680679528194061058,29,29,30,29
1680679528195797117,29,29,30,29
1680679528197533702,29,29,30,29
1680679528199256134,29,29,30,29
1680679528200906630,29,29,30,29
1680679528202550789,29,29,30,29
1680679528204291544,29,29,30,29
1680679528205955129,29,29,30,29
1680679528207613425,29,29,30,29
1680679528209414966,29,29,30,29
1680679528211145518,29,29,30,29
1680679528212829676,29,29,30,29
1680679528214514393,29,29,30,29
1680679528216196960,29,29,30,29
1680679528217970777,29,29,30,29
1680679528219658091,29,29,30,29
1680679528221365086,29,29,30,29
1680679528223065679,29,29,30,29
1680679528224811937,29,29,30,29
1680679528226515218,29,29,30,29
1680679528228225836,29,29,30,29
1680679528230163251,29,29,30,29
1680679528231879359,29,29,30,29
1680679528233565622,29,29,30,29
1680679528235245070,29,29,30,30
1680679528236948210,29,29,30,30
1680679528238635750,29,29,30,30
1680679528240313051,29,29,30,30
1680679528242009729,29,29,30,30
1680679528243703162,29,29,30,30
1680679528245384059,29,29,30,30
1680679528247064176,29,29,30,30
1680679528248726330,29,29,30,30
1680679528250468176,29,29,30,30
1680679528252156536,29,29,30,30
1680679528253856952,29,29,30,30
1680679528255545273,29,29,30,30
1680679528257231535,29,29,30,30
1680679528258914229,29,29,30,30
1680679528260608332,29,29,30,30
1680679528262328921,29,29,30,30
1680679528264032670,29,29,30,30
1680679528265815100,29,29,30,30
1680679528267498654,29,29,30,30
1680679528269189488,29,29,30,30
1680679528270898240,29,29,30,30
1680679528272582671,29,29,30,30
1680679528274282322,29,29,30,30
1680679528275968171,29,29,30,30
1680679528277653982,29,29,30,30
1680679528279340689,29,29,30,30
1680679528281023264,29,29,30,30
1680679528282744458,29,29,30,30
1680679528284606364,29,29,30,30
1680679528286365500,29,29,30,30
1680679528288230611,29,29,30,30
1680679528290015106,29,29,30,30
1680679528291686303,29,29,30,30
1680679528293606692,29,29,30,30
1680679528295557037,29,29,30,30
1680679528297272153,29,29,30,30
1680679528298975442,29,29,30,30
1680679528300687756,29,29,30,30
1680679528302656345,29,29,30,30
1680679528304393640,29,29,30,30
1680679528306113556,29,29,30,30
1680679528307813975,29,29,30,30
1680679528309814886,29,29,30,30
1680679528311543412,29,29,30,30
1680679528313244432,29,29,30,30
1680679528314910823,29,29,30,30
1680679528316931968,29,29,30,30
1680679528318599015,29,29,30,30
1680679528320267635,29,29,30,30
1680679528321939722,29,29,30,30
1680679528323602519,29,29,30,30
1680679528325372353,29,29,30,30
1680679528327079112,29,29,30,30
1680679528328787687,29,29,30,30
1680679528330602141,29,29,30,30
1680679528332306942,29,29,30,30
1680679528334034863,29,29,30,30
1680679528335734615,29,29,30,30
1680679528337465080,29,29,30,30
1680679528339154472,29,29,30,30
1680679528340841550,29,29,29,30
1680679528342525257,29,29,29,30
1680679528344237395,29,29,29,30
1680679528345920180,30,29,29,30
1680679528347595849,30,29,29,30
1680679528349271900,30,29,29,30
1680679528351008727,30,29,29,30
1680679528352696670,30,29,29,30
1680679528354385788,30,29,29,30
1680679528356077312,30,29,29,30
1680679528357862427,30,29,29,30
1680679528359549084,30,29,29,30
1680679528361255370,30,29,29,30
1680679528362941027,30,29,29,30
1680679528364644643,30,29,29,30
1680679528366336923,30,29,29,30
1680679528368026815,30,29,29,30
1680679528369807720,30,29,29,30
1680679528371760197,30,29,29,30
1680679528373644943,30,29,29,30
1680679528375491921,30,29,29,30
1680679528377389599,30,29,29,30
1680679528379274677,30,29,29,30
1680679528381164350,30,29,29,30
1680679528383070495,30,29,29,30
1680679528385127019,30,29,29,30
1680679528387013209,30,29,29,30
1680679528388850774,30,29,29,30
1680679528390880842,30,29,29,30
1680679528392726207,30,29,29,30
1680679528394560369,30,29,29,30
1680679528396408552,30,29,29,30
1680679528398312790,30,29,29,30
1680679528401024981,30,29,29,30
1680679528402918174,30,29,29,29
1680679528404836366,30,29,29,29
1680679528406742585,30,29,29,29
1680679528408648071,30,29,29,29
1680679528410700698,30,29,29,29
1680679528412604504,30,29,29,29
1680679528414509320,30,29,29,29
1680679528417047423,30,29,29,29
1680679528418914300,30,29,29,29
1680679528420795175,30,29,29,29
1680679528422705075,30,29,29,29
1680679528424658809,30,29,29,29
1680679528426555739,30,29,29,29
1680679528428459020,30,29,29,29
1680679528430382030,30,29,29,29
1680679528433120512,30,29,29,29
1680679528435719534,30,29,29,29
1680679528438533754,30,29,29,29
1680679528441806665,30,29,29,29
1680679528444985348,30,29,29,29
1680679528507539463,29,29,29,29
1680679528573878925,29,29,29,29
1680679528576332114,29,29,29,29
1680679528578272564,29,29,29,29
1680679528580222539,29,29,29,29
1680679528582285505,29,29,29,29
1680679528584054523,29,29,29,29
1680679528585760585,29,29,29,29
1680679528587418733,29,29,29,29
1680679528589073930,29,29,29,29
1680679528590814748,29,29,29,29
1680679528592480104,29,29,29,29
1680679528594161373,29,29,29,29
1680679528595842219,29,29,29,29
1680679528597524138,29,29,29,29
1680679528599203828,29,29,29,29
1680679528600883025,29,29,29,29
1680679528602567720,29,29,29,29
1680679528604426106,29,29,29,29
1680679528606122860,29,29,29,29
1680679528607814923,29,29,29,29
1680679528609565774,29,29,29,29
1680679528611350111,29,29,29,29
1680679528613038631,29,29,29,29
1680679528614701169,29,29,29,29
1680679528616373795,29,29,29,29
1680679528618055131,29,29,29,29
1680679528619726283,29,29,29,29
1680679528621393591,29,29,29,29
1680679528623067070,29,29,29,29
1680679528624800924,29,29,29,29
1680679528626508654,29,29,29,29
1680679528628210610,29,29,29,29
1680679528629942726,29,29,29,29
1680679528631755749,29,29,29,29
1680679528633463009,29,29,29,29
1680679528635163148,29,29,29,29
1680679528636851822,29,29,29,29
1680679528638538003,29,29,29,29
1680679528640226453,29,29,29,29
1680679528642015477,29,29,29,29
1680679528643704255,29,29,29,29
1680679528645453218,29,29,29,29
1680679528647141145,29,29,29,29
1680679528648829347,29,29,29,29
1680679528650633010,29,29,29,29
1680679528652316638,29,29,29,29
1680679528654031801,29,29,29,29
1680679528655799255,29,29,29,29
1680679528657493772,29,29,29,29
1680679528659174309,29,29,29,29
1680679528660857701,29,29,29,29
1680679528662549300,29,29,29,29
1680679528664238491,29,29,29,29
1680679528665989813,29,29,29,29
1680679528667685362,29,29,29,29
1680679528669370276,29,29,29,29
1680679528671100054,29,29,29,29
1680679528672786916,29,29,29,29
1680679528674467909,29,29,29,29
1680679528676151523,29,29,29,29
1680679528677848440,29,29,29,29
1680679528679536318,29,29,29,29
1680679528681219635,29,29,29,29
1680679528682900112,29,29,29,29
1680679528684586083,29,29,29,29
1680679528686278479,29,29,29,29
1680679528687972154,29,29,29,29
1680679528689660631,29,29,29,29
1680679528691440145,29,29,29,29
1680679528693134002,29,29,29,29
1680679528694815647,29,29,29,29
1680679528696533130,29,29,29,29
1680679528698252305,29,29,29,29
1680679528699932412,29,29,29,29
1680679528701622617,29,29,29,29
1680679528703311524,29,29,29,29
1680679528705033055,29,29,29,29
1680679528706718175,29,29,29,29
1680679528708378373,29,29,29,29
1680679528710051219,29,29,29,29
1680679528711815261,29,29,29,29
1680679528713476838,29,29,29,29
1680679528715145996,29,29,29,29
1680679528716811018,29,29,29,29
1680679528718489576,29,29,29,29
1680679528720170004,29,29,29,29
1680679528721854972,29,29,29,29
1680679528723549334,29,29,29,29
1680679528725243367,29,29,29,29
1680679528726926702,29,29,29,29
1680679528728639063,29,29,29,29
1680679528730350896,29,29,29,29
1680679528732088051,29,29,29,29
1680679528733814807,29,29,29,29
1680679528735518858,29,29,29,29
1680679528737233538,29,29,29,29
1680679528738941349,29,29,29,29
1680679528740608442,29,29,29,29
1680679528742286278,29,29,29,29
1680679528743946933,29,29,29,29
1680679528745691669,29,29,29,29
1680679528747358087,29,29,29,29
1680679528749021576,29,29,29,29
1680679528750808943,29,29,29,29
1680679528752520135,29,29,29,29
1680679528754227033,29,29,29,29
1680679528755933873,29,29,29,29
1680679528757642686,29,29,29,29
1680679528759346417,29,29,29,29
1680679528761048041,29,29,29,29
1680679528762733368,29,29,29,29
1680679528764411985,29,29,29,29
1680679528766159475,29,29,29,29
1680679528767846646,29,29,29,29
1680679528769529376,29,29,29,29
1680679528771355287,29,29,29,29
1680679528773042752,29,29,29,29
1680679528774729464,29,29,29,29
1680679528776414720,29,29,29,29
1680679528778102449,29,29,29,29
1680679528779792963,29,29,29,29
1680679528781470859,29,29,29,29
1680679528783157845,29,29,29,29
1680679528784981146,29,29,29,29
1680679528786657330,29,29,29,29
1680679528788334381,29,29,29,29
1680679528790027310,29,29,29,29
1680679528791843858,29,29,29,29
1680679528793527364,29,29,29,29
1680679528795210476,29,29,29,29
1680679528796905235,29,29,29,29
1680679528798590191,29,29,29,29
1680679528800273465,29,29,29,29
1680679528801972748,29,29,29,29
1680679528803685418,29,29,29,29
1680679528805464586,29,29,29,29
1680679528807152646,29,29,29,29
1680679528808840236,29,29,29,29
1680679528810522339,29,29,29,29
1680679528812284659,29,29,29,29
1680679528813971930,29,29,29,29
1680679528815650499,29,29,29,29
1680679528817333828,29,29,29,29
1680679528819012133,29,29,29,29
1680679528820699521,29,29,29,29
1680679528822556553,29,29,29,29
1680679528824284353,29,29,29,29
1680679528826027021,29,29,29,29
1680679528827712958,29,29,29,29
1680679528829398001,29,29,29,29
1680679528831153251,29,29,29,29
1680679528832836255,29,29,29,29
1680679528834518163,29,29,29,29
1680679528836203129,29,29,29,29
1680679528837899279,29,29,29,29
1680679528839593460,29,29,29,29
1680679528841273541,29,29,29,29
1680679528842953682,29,29,29,29
1680679528844623659,29,29,29,29
1680679528846344158,29,29,29,29
1680679528848015287,30,29,29,29
1680679528849673006,30,29,29,29
1680679528851392933,30,29,29,29
1680679528853060723,30,29,29,29
1680679528854771279,30,29,29,29
1680679528856482859,30,29,29,29
1680679528858192098,30,29,29,29
1680679528859899963,30,29,29,29
1680679528861611314,30,29,29,29
1680679528863322479,30,29,29,29
1680679528865105596,30,29,29,29
1680679528866787419,30,29,29,29
1680679528868477519,30,29,29,29
1680679528870161127,30,29,29,29
1680679528871970525,30,29,29,29
1680679528873660062,30,29,29,29
1680679528875353480,30,29,29,29
1680679528877033238,30,29,29,29
1680679528878716939,30,29,29,29
1680679528880482691,30,29,29,29
1680679528882174023,30,29,29,29
1680679528883910318,30,29,29,29
1680679528885623274,30,29,29,29
1680679528887330846,30,29,29,29
1680679528889013900,30,29,29,29
1680679528890701416,30,29,29,29
1680679528892524588,30,29,29,29
1680679528894305233,30,29,29,29
1680679528895995587,30,29,29,29
1680679528897677465,30,29,29,29
1680679528899358662,30,29,29,29
1680679528901047587,30,29,29,29
1680679528902726438,30,29,29,29
1680679528904413740,30,29,29,29
1680679528906183173,30,29,29,29
1680679528907864684,30,29,29,29
1680679528909550463,30,29,29,29
1680679528911371712,30,29,29,29
1680679528913060017,30,29,29,29
1680679528914743922,30,29,29,29
1680679528916460843,30,29,29,29
1680679528918149491,30,29,29,29
1680679528919840619,30,29,29,29
1680679528921531201,30,29,29,29
1680679528923216215,30,29,29,29
1680679528924896616,30,29,29,29
1680679528926591427,30,29,29,29
1680679528928257127,30,29,29,29
1680679528929933812,30,29,29,29
1680679528931676390,30,29,29,29
1680679528933345977,30,29,29,29
1680679528935009907,30,29,29,29
1680679528936675604,30,29,29,29
1680679528938387823,30,29,29,29
1680679528940099323,30,29,29,29
1680679528941814325,30,29,29,29
1680679528943518192,30,29,29,29
1680679528945254054,30,29,29,29
1680679528946955905,30,29,29,29
1680679528948713008,30,29,29,29
1680679528950411442,30,29,29,29
1680679528952232052,30,29,29,29
1680679528953927221,30,29,29,29
1680679528955609832,30,29,29,29
1680679528957295036,30,29,29,29
1680679528959031078,30,29,29,29
1680679528960705409,30,29,29,29
1680679528962426595,30,29,29,29
1680679528964105649,30,29,29,29
1680679528965822419,30,29,29,29
1680679528967508991,30,29,29,29
1680679528969194399,30,29,29,29
1680679528970875087,30,29,29,29
1680679528972613975,30,29,29,29
1680679528974312365,30,29,29,29
1680679528975999863,30,29,29,29
1680679528977709892,30,29,29,29
1680679528979392089,30,29,29,29
1680679528981091290,30,29,29,29
1680679528982780360,30,29,29,29
1680679528984461069,30,29,29,29
1680679528986174992,30,29,29,29
1680679528987859431,30,29,29,29
1680679528989542023,30,29,29,29
1680679528991341289,30,29,29,29
1680679528993027050,30,29,29,29
1680679528994707021,30,29,29,29
1680679528996401421,30,29,29,29
1680679528998096452,30,29,29,29
1680679528999784839,30,29,29,29
1680679529001471029,30,29,29,29
1680679529003206649,30,29,29,29
1680679529005191068,30,29,29,29
1680679529007093189,30,29,29,29
1680679529009001809,30,29,30,29
1680679529010897594,30,29,30,29
1680679529012826835,30,29,30,29
1680679529014720628,29,29,30,29
1680679529016698673,29,29,30,29
1680679529018624347,29,29,30,29
1680679529020422754,29,29,30,29
1680679529022074889,29,29,30,29
1680679529023707683,29,29,30,29
1680679529025468074,29,29,30,29
1680679529027099108,29,29,30,29
1680679529028725789,29,29,30,29
1680679529030411452,29,29,30,29
1680679529032207918,29,29,30,29
1680679529033905520,29,29,30,29
1680679529035731432,29,29,30,29
1680679529037409581,29,29,30,29
1680679529039091358,29,29,30,29
1680679529040726510,29,29,30,29
1680679529042409127,29,29,30,29
1680679529044097682,29,29,30,29
1680679529045798934,29,29,30,29
1680679529047487268,29,29,30,29
1680679529049175569,29,29,30,29
1680679529050874689,29,29,30,29
1680679529052689146,29,29,30,29
1680679529054374418,29,29,30,29
1680679529056043928,29,29,30,29
1680679529057710986,29,29,30,29
1680679529059381571,29,29,30,29
1680679529061044513,29,29,30,29
1680679529062747182,29,29,30,29
1680679529064442202,29,29,30,29
1680679529066181000,29,29,30,29
1680679529067866850,29,29,30,29
1680679529069547759,29,29,30,29
1680679529071231213,29,29,30,29
1680679529073004430,29,29,30,29
1680679529074685415,29,29,30,29
1680679529076374090,29,29,30,29
1680679529078068373,29,29,30,29
1680679529079764601,29,29,30,29
1680679529081454539,29,29,30,29
1680679529083169995,29,29,30,29
1680679529084877534,29,29,30,29
1680679529086603705,29,29,30,29
1680679529088308575,29,29,30,29
1680679529090038694,29,29,30,29
1680679529091869439,29,30,30,29
1680679529093535529,29,30,30,29
1680679529095198564,29,30,30,29
1680679529096867307,29,30,30,29
1680679529098544365,29,30,30,29
1680679529100311804,29,30,30,29
1680679529101982835,29,30,30,29
1680679529103674965,29,30,30,29
1680679529105386571,29,30,30,29
1680679529107090027,29,30,30,29
1680679529108795340,29,30,30,29
1680679529110497753,29,30,30,29
1680679529112284761,29,30,30,29
1680679529114003662,29,30,30,29
1680679529115682571,29,30,30,29
1680679529117359387,29,30,30,29
1680679529119043750,29,30,30,29
1680679529120728650,29,30,30,29
1680679529122414027,29,30,30,29
1680679529124098465,29,30,30,29
1680679529125811086,29,30,30,29
1680679529127506643,29,30,30,29
1680679529129194701,29,30,30,29
1680679529130880720,29,30,30,29
1680679529132700523,29,30,30,29
1680679529134403308,29,30,30,29
1680679529136088340,29,30,30,29
1680679529137771936,29,30,30,29
1680679529139457200,29,30,30,29
1680679529141153480,29,30,30,29
1680679529142833404,29,30,30,29
1680679529144515096,29,30,30,29
1680679529146235161,29,30,30,29
1680679529147921815,29,30,30,29
1680679529149610095,29,30,30,29
1680679529151294943,29,30,30,29
1680679529153034090,29,30,30,29
1680679529154719229,29,30,30,29
1680679529156409774,29,30,30,29
1680679529158105115,29,30,30,29
1680679529159795716,29,30,30,29
1680679529161486505,29,30,30,29
1680679529163171459,29,30,30,29
1680679529164855051,29,30,30,29
1680679529166595657,29,30,30,29
1680679529168280188,29,30,30,29
1680679529169992689,29,30,30,29
1680679529171931510,29,30,30,29
1680679529173613513,29,30,30,29
1680679529175293436,29,30,30,29
1680679529176974207,29,30,29,29
1680679529178652758,29,30,29,29
1680679529180333631,29,30,29,29
1680679529182019181,29,30,29,29
1680679529183765689,29,30,29,29
1680679529185455209,29,30,29,29
1680679529187191820,29,30,29,29
1680679529188879102,29,30,29,29
1680679529190559376,29,30,29,29
1680679529192435346,29,30,29,29
1680679529194136940,29,30,29,29
1680679529195830868,29,30,29,29
1680679529197520563,29,30,29,29
1680679529199201801,29,30,29,29
1680679529200892230,29,30,29,29
1680679529202574906,29,30,29,29
1680679529204268618,29,30,29,29
1680679529205963044,29,30,29,29
1680679529207647350,29,30,29,29
1680679529209337872,29,30,29,29
1680679529211022683,29,30,29,29
1680679529212859724,29,30,29,29
1680679529214540812,29,30,29,29
1680679529216227202,29,30,29,29
1680679529217925780,29,30,29,29
1680679529219611322,29,30,29,29
1680679529221297351,29,30,29,29
1680679529222976784,29,30,29,29
1680679529224659215,29,30,29,29
1680679529226356126,29,30,29,29
1680679529228046761,29,30,29,29
1680679529229732423,29,30,29,29
1680679529231420250,29,30,29,29
1680679529233154629,29,30,29,29
1680679529234843546,29,30,29,29
1680679529236524811,29,30,29,29
1680679529238212694,29,30,29,29
1680679529239902663,29,30,29,29
1680679529241588023,29,30,29,29
1680679529243272727,29,30,29,29
1680679529244957088,29,30,29,29
1680679529246673512,29,30,29,29
1680679529248343057,29,30,29,29
1680679529250014376,29,30,29,29
1680679529251722308,29,30,29,29
1680679529253442830,29,30,29,29
1680679529255100709,29,30,29,29
1680679529256726771,29,30,29,29
1680679529258418054,29,30,29,29
1680679529260129573,29,30,29,29
1680679529261845808,29,30,29,29
1680679529263555059,29,30,29,29
1680679529265261921,29,30,29,29
1680679529267014447,29,30,29,29
1680679529268727109,29,30,29,29
1680679529270418767,29,30,29,29
1680679529272190702,29,30,29,29
1680679529273878830,29,30,29,29
1680679529275564747,29,30,29,29
1680679529277257697,29,30,29,29
1680679529278941586,29,30,29,29
1680679529280623302,29,30,29,29
1680679529282318417,29,30,29,29
1680679529284008336,29,30,29,29
1680679529285699705,29,30,29,29
1680679529287380694,29,30,29,29
1680679529289067198,29,30,29,29
1680679529290752425,29,30,29,29
1680679529292554231,29,30,29,29
1680679529294253196,29,30,29,29
1680679529295952949,29,30,29,29
1680679529297639344,29,30,29,29
1680679529299338214,29,30,29,29
1680679529301104374,29,30,29,29
1680679529302772087,29,30,29,29
1680679529304435703,29,30,29,29
1680679529306131127,29,30,29,29
1680679529307819530,29,30,29,29
1680679529309492685,29,30,29,29
1680679529311178679,29,30,29,29
1680679529313002047,29,30,29,29
1680679529314680118,29,30,29,29
1680679529316363635,29,30,29,29
1680679529318057055,29,30,29,29
1680679529319741730,29,30,29,29
1680679529321428954,29,30,29,29
1680679529323110632,29,30,29,29
1680679529324795732,29,30,29,29
1680679529326494954,29,30,29,29
1680679529328173697,29,30,29,29
1680679529329855151,29,30,29,29
1680679529331562324,29,30,29,29
1680679529333398817,29,30,29,29
1680679529335106451,29,30,29,29
1680679529336822789,29,30,29,29
1680679529338535552,29,30,29,29
1680679529340248738,29,30,29,29
1680679529341925701,29,30,29,29
1680679529343588433,29,30,30,29
1680679529345268808,29,30,30,29
1680679529346991157,29,30,30,29
1680679529348706913,29,30,30,29
1680679529350385564,29,30,30,29
1680679529352114752,29,30,30,29
1680679529353812640,29,30,30,29
1680679529355501099,29,30,30,29
1680679529357181133,29,30,30,29
1680679529358863733,29,30,30,29
1680679529360555333,29,30,30,29
1680679529362266654,29,30,30,29
1680679529363975316,29,30,30,29
1680679529365684817,29,30,30,29
1680679529367414968,29,30,30,29
1680679529369125788,29,30,30,29
1680679529370828169,29,30,30,29
1680679529372645087,29,30,30,29
1680679529374332237,29,30,30,29
1680679529376020752,29,30,30,29
1680679529377715638,29,30,30,29
1680679529379405794,29,30,30,29
1680679529381093760,29,30,30,29
1680679529382768495,29,30,30,29
1680679529384440924,29,30,30,29
1680679529386124190,29,30,30,29
1680679529387795528,29,30,30,29
1680679529389470155,29,30,30,29
1680679529391137326,29,30,30,29
1680679529392954252,29,30,30,29
1680679529394661239,29,30,30,29
1680679529396369656,29,30,30,29
1680679529398088214,29,30,30,29
1680679529399799285,29,30,30,29
1680679529401508396,29,30,30,29
1680679529403216954,29,30,30,29
1680679529404927312,29,30,30,29
1680679529406631208,29,30,30,30
1680679529408319746,29,30,30,30
1680679529410010702,29,30,30,30
1680679529411703862,29,30,30,30
1680679529413551179,29,30,30,30
1680679529415242479,29,30,30,30
1680679529416931591,29,30,30,30
1680679529418622955,29,30,30,30
1680679529420303846,29,30,30,30
1680679529421999646,29,30,30,30
1680679529423692417,29,30,30,30
1680679529425373713,29,30,30,30
1680679529427112189,29,29,30,30
1680679529428791845,29,29,30,30
1680679529430475557,29,29,30,30
1680679529432215483,29,29,30,30
1680679529434001696,29,29,30,30
1680679529435690031,29,29,30,30
1680679529437380590,29,29,30,30
1680679529439061854,29,29,30,30
1680679529440728715,29,29,30,30
1680679529442410825,29,29,30,30
1680679529444097442,29,29,30,30
1680679529445874539,29,29,30,30
1680679529447576992,29,29,30,30
1680679529449258923,29,29,30,30
1680679529450941101,29,29,30,30
1680679529452692587,29,29,30,30
1680679529454397621,29,29,30,30
1680679529456092517,29,29,30,30
1680679529457783811,29,29,30,30
1680679529459478432,29,29,30,30
1680679529461154743,29,29,30,30
1680679529462841437,29,29,30,30
1680679529464522735,29,29,30,30
1680679529466222652,29,29,30,30
1680679529467914698,29,29,30,30
1680679529469602029,29,29,30,30
1680679529471283004,29,29,30,30
1680679529473174649,29,29,30,30
1680679529474855863,29,29,30,30
1680679529476551021,29,29,30,30
1680679529478242958,29,29,30,30
1680679529479925460,29,29,30,30
1680679529481616383,29,29,30,30
1680679529483301053,29,29,30,30
1680679529485051410,29,29,30,30
1680679529486759372,29,29,30,30
1680679529488484209,29,29,30,30
1680679529490164497,29,29,30,30
1680679529491922852,29,29,30,30
1680679529493657376,29,29,30,30
1680679529495328174,29,29,30,30
1680679529497003913,29,29,30,30
1680679529498691020,29,29,30,30
1680679529500376497,29,29,30,30
1680679529502066626,29,29,30,30
1680679529503756821,29,29,30,30
1680679529505434032,29,29,30,30
1680679529507200814,29,29,30,30
1680679529508909093,29,29,30,30
1680679529510620774,29,29,29,30
1680679529512627364,29,29,29,30
1680679529514358865,29,29,29,30
1680679529516067595,29,29,29,30
1680679529517786678,29,29,29,30
1680679529519479232,29,29,29,30
1680679529521145973,29,29,29,30
1680679529522804647,29,29,29,30
1680679529524473764,29,29,29,30
1680679529526154116,29,29,29,30
1680679529527846279,29,29,29,30
1680679529529546776,29,29,29,30
1680679529531254137,29,29,29,30
1680679529533089960,29,29,29,30
1680679529534797376,29,29,29,30
1680679529536500121,29,29,29,30
1680679529538217641,29,29,29,30
1680679529539919423,29,29,29,30
1680679529541604245,29,29,29,30
1680679529543286574,29,29,29,30
1680679529544972348,29,29,29,30
1680679529546672217,29,29,29,30
1680679529548363639,29,29,29,30
1680679529550054702,29,29,29,30
1680679529551743873,29,29,29,30
1680679529553569816,29,29,29,30
1680679529555253882,29,29,29,30
1680679529556938267,29,29,29,30
1680679529558624963,29,29,29,30
1680679529560312795,29,29,29,30
1680679529562003077,29,29,29,30
1680679529563754947,29,29,29,30
1680679529565445787,29,29,29,30
1680679529567162422,29,29,29,30
1680679529568860896,29,29,29,30
1680679529570542105,29,29,29,30
1680679529572231433,29,29,29,30
1680679529574015708,29,29,29,29
1680679529575707087,29,29,29,29
1680679529577392305,29,29,29,29
1680679529579077592,29,29,29,29
1680679529580728384,29,29,29,29
1680679529582410610,29,29,29,29
1680679529584242392,29,29,29,29
1680679529585940487,29,29,29,29
1680679529587647197,29,29,29,29
1680679529589334509,29,29,29,29
1680679529591016543,29,29,29,29
1680679529592733335,29,29,29,29
1680679529594430509,29,29,29,29
1680679529596205391,29,29,29,29
1680679529597904996,29,29,29,29
1680679529599593571,29,29,29,29
1680679529601291228,29,29,29,29
1680679529603520906,29,29,29,29
1680679529605627525,29,29,29,29
1680679529607362068,29,29,29,29
1680679529609044370,29,29,29,29
1680679529610726434,29,29,29,29
1680679529612549431,29,29,29,29
1680679529614235620,29,29,29,29
1680679529615957088,29,29,29,29
1680679529617894885,29,29,29,29
1680679529619667033,29,29,29,29
1680679529621333841,29,29,29,29
1680679529623035419,29,29,29,29
1680679529624927072,29,29,29,29
1680679529626794829,29,29,29,29
1680679529628490874,29,29,29,29
1680679529630193145,29,29,29,29
1680679529632180268,29,29,29,29
1680679529634037556,29,29,29,29
1680679529635742947,29,29,29,29
1680679529637454363,29,29,29,29
1680679529639165097,29,29,29,29
1680679529640897212,29,29,29,29
1680679529642603024,29,29,29,29
1680679529644285795,29,29,29,29
1680679529645978278,29,29,29,29
1680679529647711904,29,29,29,29
1680679529649398535,29,29,29,29
1680679529651086354,29,29,29,29
1680679529652848618,29,29,29,29
1680679529654542981,29,29,29,29
1680679529656220478,29,29,29,29
1680679529657902179,29,29,29,29
1680679529659582297,29,29,29,29
1680679529661259813,29,29,29,29
1680679529662940743,29,29,29,29
1680679529664652024,29,29,29,29
1680679529666365024,29,29,29,29
1680679529668086020,29,29,29,29
1680679529669798120,29,29,29,29
1680679529671507705,29,29,29,29
1680679529673338568,29,29,29,29
1680679529675051122,29,29,29,29
1680679529676726038,29,29,29,29
1680679529678416355,29,29,30,29
1680679529680105001,29,29,30,29
1680679529681799598,29,29,30,29
1680679529683578511,29,29,30,29
1680679529685511590,29,29,30,29
1680679529687403449,29,29,30,29
1680679529689283791,29,29,30,29
1680679529691172976,29,29,30,29
1680679529693149096,29,29,30,29
1680679529695016709,29,29,30,29
1680679529696865249,29,29,30,29
1680679529698778160,29,29,30,29
1680679529700667124,29,29,30,29
1680679529702557879,29,29,30,29
1680679529704436231,29,29,30,29
1680679529706329874,29,29,30,29
1680679529708245588,29,29,30,29
1680679529710141374,29,29,30,29
1680679529712021386,29,29,30,29
1680679529715261623,29,29,30,29
1680679529717136024,29,29,30,29
1680679529719068400,29,29,30,29
1680679529720977101,29,29,30,29
1680679529722886053,29,29,30,29
1680679529724788665,29,29,30,29
1680679529726697010,29,29,30,29
1680679529728568147,29,29,30,29
1680679529731185329,29,29,30,29
1680679529733133553,29,29,30,29
1680679529735030605,29,29,30,29
1680679529736951153,29,29,30,29
1680679529738869124,29,29,30,29
1680679529740786718,29,29,30,29
1680679529742702232,29,29,30,29
1680679529744607120,29,29,30,29
1680679529747215558,29,29,30,29
1680679529749837893,29,29,30,29
1680679529752031970,29,29,30,29
1680679529754195902,29,29,30,29
1680679529820743806,29,29,30,29
1680679529886412653,29,29,30,29
1680679529888866941,29,29,30,29
1680679529890761006,29,29,30,29
1680679529892669139,29,29,30,29
1680679529894753742,29,29,30,29
1680679529896650076,29,29,30,29
1680679529898287244,29,29,30,29
1680679529899914777,29,29,30,29
1680679529901555040,29,29,30,29
1680679529903188615,29,29,30,29
1680679529904826990,29,29,30,29
1680679529906462748,29,29,30,29
1680679529908175083,29,29,30,29
1680679529909896251,29,29,30,29
1680679529911589603,29,29,30,29
1680679529913318716,29,29,30,29
1680679529915054464,29,29,30,29
1680679529916727621,29,29,30,29
1680679529918503094,29,29,30,29
1680679529920191401,29,29,30,29
1680679529921873501,29,29,30,29
1680679529923559261,29,29,30,29
1680679529925242334,29,29,30,29
1680679529926924634,29,29,30,29
1680679529928631021,29,29,30,29
1680679529930382237,29,29,30,29
1680679529932072358,29,29,30,29
1680679529933816462,29,29,30,29
1680679529935501209,29,29,30,29
1680679529937202093,29,29,30,29
1680679529938878895,29,29,30,29
1680679529940550136,29,29,30,29
1680679529942219486,29,29,30,29
1680679529943883263,29,29,30,29
1680679529945545120,29,29,30,29
1680679529947205376,29,29,30,29
1680679529948906847,29,29,30,29
1680679529950615843,29,29,30,29
1680679529952323843,29,29,30,29
1680679529954170735,29,29,30,29
1680679529955878367,29,29,30,29
1680679529957584435,29,29,30,29
1680679529959297551,29,29,30,29
1680679529961013497,29,29,30,29
1680679529962721580,29,29,30,29
1680679529964628394,29,29,30,29
1680679529966352524,29,29,30,29
1680679529968137405,29,29,30,29
1680679529969859150,29,29,30,29
1680679529971563700,29,29,30,29
1680679529973239477,29,29,30,29
1680679529975002875,29,29,30,29
1680679529976661234,29,29,30,29
1680679529978328410,29,29,30,29
1680679529979999369,29,29,30,29
1680679529981682872,29,29,30,29
1680679529983367972,29,29,30,29
1680679529985077475,29,29,30,29
1680679529986764945,29,29,30,29
1680679529988526003,29,29,30,29
1680679529990223259,29,29,30,29
1680679529991921196,29,29,30,29
1680679529993635025,29,29,30,29
1680679529995317724,29,29,30,29
1680679529997001465,29,29,30,29
1680679529998678935,29,29,30,29
1680679530000365782,29,29,30,29
1680679530002062858,29,29,30,29
1680679530003745555,29,29,30,29
1680679530005433152,29,29,30,29
1680679530007117886,29,29,30,29
1680679530008863741,29,29,30,29
1680679530010547909,29,29,30,29
1680679530012238023,29,29,30,29
1680679530014147228,29,29,29,29
1680679530015837256,29,29,29,29
1680679530017526020,29,29,29,29
1680679530019224062,30,29,29,29
1680679530020917285,30,29,29,29
1680679530022602980,30,29,29,29
1680679530024293781,30,29,29,29
1680679530025984964,30,29,29,29
1680679530027761630,30,29,29,29
1680679530029451398,30,29,29,29
1680679530031134636,30,29,29,29
1680679530032817386,30,29,29,29
1680679530034569258,30,29,29,29
1680679530036259398,30,29,29,29
1680679530037968312,30,29,29,29
1680679530039654174,30,29,29,29
1680679530041374178,30,29,29,29
1680679530043063305,30,29,29,29
1680679530044726531,30,29,29,29
1680679530046414224,30,29,29,29
1680679530048115599,30,29,29,29
1680679530049813190,30,29,29,29
1680679530051500322,30,29,29,29
1680679530053184461,30,29,29,29
1680679530054962079,30,29,29,29
1680679530056650681,30,29,29,29
1680679530058335681,30,29,29,29
1680679530060035382,30,29,29,29
1680679530061810370,30,29,29,29
1680679530063498415,30,29,29,29
1680679530065179942,30,29,29,29
1680679530066861994,30,29,29,29
1680679530068563685,30,29,29,29
1680679530070253791,30,29,29,29
1680679530071942182,30,29,29,29
1680679530073734505,30,29,29,29
1680679530075471868,30,29,29,29
1680679530077161667,30,29,29,29
1680679530078840232,30,29,29,29
1680679530080562992,30,29,29,29
1680679530082255983,30,29,29,29
1680679530083940735,30,29,29,29
1680679530085624321,30,29,29,29
1680679530087313692,30,29,29,29
1680679530089050320,30,29,29,29
1680679530090733223,30,29,29,29
1680679530092433933,30,29,29,29
1680679530094284754,30,29,29,29
1680679530095973605,30,29,29,29
1680679530097665788,30,29,29,29
1680679530099345602,30,29,29,29
1680679530101029958,30,29,29,29
1680679530102707696,30,29,29,29
1680679530104391438,30,29,29,29
1680679530106074964,30,29,29,29
1680679530107890064,30,29,29,29
1680679530109581315,30,29,29,29
1680679530111258632,30,29,29,29
1680679530112937412,30,29,29,29
1680679530114754649,30,29,29,29
1680679530116468630,30,29,29,29
1680679530118162809,30,29,29,29
1680679530119849563,30,29,29,29
1680679530121537334,30,29,29,29
1680679530123227194,30,29,29,29
1680679530124909080,30,29,29,29
1680679530126595168,30,29,29,29
1680679530128312437,30,29,29,29
1680679530130012016,30,29,29,29
1680679530131706190,30,29,29,29
1680679530133395632,30,29,29,29
1680679530135239562,30,29,29,29
1680679530136915004,30,29,29,29
1680679530138571483,30,29,29,29
1680679530140242493,30,29,29,29
1680679530141927641,30,29,29,29
1680679530143601105,30,29,29,29
1680679530145262939,30,29,29,29
1680679530146968659,30,29,29,29
1680679530148691992,30,29,29,29
1680679530150418553,30,29,29,29
1680679530152129158,30,29,29,29
1680679530153938837,30,29,29,29
1680679530155653856,30,29,29,29
1680679530157334911,30,29,29,29
1680679530159014930,30,29,29,29
1680679530160697761,30,29,29,29
1680679530162402438,30,29,29,29
1680679530164083041,30,29,29,29
1680679530165770589,30,29,29,29
1680679530167459454,30,29,29,29
1680679530169164068,30,29,29,29
1680679530170842434,30,29,29,29
1680679530172542363,30,29,29,29
1680679530174372034,30,29,29,29
1680679530176058768,30,29,29,29
1680679530177770649,30,29,29,29
1680679530179479815,30,29,29,29
1680679530181175634,30,29,30,29
1680679530182877393,30,29,30,29
1680679530184587581,30,29,30,29
1680679530186301627,30,29,30,29
1680679530188038729,30,29,30,29
1680679530189723946,30,29,30,29
1680679530191406744,30,29,30,29
1680679530193100012,30,29,30,29
1680679530194921779,30,29,30,29
1680679530196675881,30,29,30,29
1680679530198372418,30,29,30,29
1680679530200059294,30,29,30,29
1680679530201751342,30,29,30,29
1680679530203442353,30,29,30,29
1680679530205124070,30,29,30,29
1680679530206809268,30,29,30,29
1680679530208522937,30,29,30,29
1680679530210213096,30,29,30,29
1680679530211904496,30,29,30,29
1680679530213581643,30,29,30,29
1680679530215388966,30,29,30,29
1680679530217073273,30,29,30,29
1680679530218802173,30,29,30,29
1680679530220464265,30,29,30,29
1680679530222139116,30,29,30,29
1680679530223805033,30,29,30,29
1680679530225484757,30,29,30,29
1680679530227148142,30,29,30,29
1680679530228817524,30,29,30,29
1680679530230514995,30,29,30,29
1680679530232229689,30,29,30,29
1680679530233943349,30,29,30,29
1680679530235701009,30,29,30,29
1680679530237401918,30,29,30,29
1680679530239103278,30,29,30,29
1680679530240818204,30,29,30,29
1680679530242509698,30,29,30,29
1680679530244192004,30,29,30,29
1680679530245884390,30,29,30,29
1680679530247642903,30,29,30,29
1680679530249349074,30,29,30,29
1680679530251045267,30,29,30,29
1680679530252798048,30,29,30,29
1680679530254559569,30,29,30,29
1680679530256245111,30,29,30,29
1680679530257934936,30,29,30,29
1680679530259622081,30,29,30,29
1680679530261361745,30,29,30,29
1680679530263048918,30,30,30,29
1680679530264727619,30,30,30,29
1680679530266416090,30,30,30,29
1680679530268104320,30,30,30,29
1680679530269790378,30,30,30,29
1680679530271481315,30,30,30,29
1680679530273162500,30,30,30,29
1680679530274898175,30,30,30,29
1680679530276584440,30,30,30,29
1680679530278279183,30,30,30,29
1680679530279967842,30,30,30,29
1680679530281656181,30,30,30,29
1680679530283341855,30,30,30,29
1680679530285026442,30,30,30,29
1680679530286741958,30,30,30,29
1680679530288454581,30,30,30,29
1680679530290151077,30,30,30,29
1680679530291841968,30,30,30,29
1680679530293730453,30,30,30,29
1680679530295476361,30,30,30,29
1680679530297164420,30,30,30,29
1680679530298840698,30,30,30,29
1680679530300520752,30,30,30,29
1680679530302212849,30,30,30,29
1680679530303909585,30,30,30,29
1680679530305658122,30,30,30,29
1680679530307339207,30,30,30,29
1680679530309045420,30,30,30,29
1680679530310731014,30,30,30,29
1680679530312425472,30,30,30,29
1680679530314255195,30,30,30,29
1680679530315949013,30,30,30,29
1680679530317636092,30,30,30,29
1680679530319342384,30,30,30,29
1680679530321025447,30,30,30,29
1680679530322721129,30,30,30,29
1680679530324479539,30,30,30,29
1680679530326159713,30,30,30,29
1680679530327829043,30,30,30,29
1680679530329545609,30,30,30,29
1680679530331202150,30,30,30,29
1680679530332871802,30,30,30,29
1680679530334602793,30,30,30,29
1680679530336294711,30,30,30,29
1680679530337985864,30,30,30,29
1680679530339676330,30,30,30,29
1680679530341361627,30,30,30,29
1680679530343049238,30,30,30,29
1680679530344728035,30,30,30,29
1680679530346436346,30,30,30,29
1680679530348150369,30,30,29,29
1680679530349862780,30,30,29,29
1680679530351570348,30,30,29,29
1680679530353280391,30,30,29,29
1680679530355148349,30,30,29,29
1680679530356806877,30,30,29,29
1680679530358457370,30,30,29,29
1680679530360110005,30,30,29,29
1680679530361758317,30,30,29,29
1680679530363410006,30,30,29,29
1680679530365058744,30,30,29,29
1680679530366761292,30,30,29,29
1680679530368525777,30,30,29,29
1680679530370241667,30,30,29,29
1680679530371949406,30,30,29,29
1680679530373652704,30,30,29,29
1680679530375525613,30,30,29,29
1680679530377225942,30,30,29,29
1680679530378904814,30,30,29,29
1680679530380591728,30,30,29,29
1680679530382281948,30,30,29,29
1680679530383967462,30,30,29,29
1680679530385699378,30,30,29,29
1680679530387384739,30,30,29,29
1680679530389206116,30,30,29,29
1680679530390891047,30,30,29,29
1680679530392576369,30,30,29,29
1680679530394283896,30,30,29,29
1680679530396020509,30,30,29,29
1680679530397709760,30,30,29,29
1680679530399394907,30,30,29,29
1680679530401084409,30,30,29,29
1680679530402765891,30,30,29,29
1680679530404453668,30,30,29,29
1680679530406140353,30,30,29,29
1680679530407826647,30,30,29,29
1680679530409567027,30,30,29,29
1680679530411253020,30,30,29,29
1680679530412935716,30,30,29,29
1680679530414655573,30,30,29,29
1680679530416350636,30,30,29,29
1680679530418042069,30,30,29,29
1680679530419735879,30,30,29,29
1680679530421425666,30,30,29,29
1680679530423116427,30,30,29,29
1680679530424802883,30,30,29,29
1680679530426497717,30,30,29,29
1680679530428181736,30,30,29,29
1680679530429902983,30,30,29,29
1680679530431598588,30,30,29,29
1680679530433280439,30,30,29,29
1680679530435398438,30,30,29,29
1680679530437100080,30,30,29,29
1680679530438772941,30,30,29,29
1680679530440432204,30,30,29,29
1680679530442120872,30,30,29,29
1680679530443789181,30,30,29,29
1680679530445458923,30,30,29,29
1680679530447119985,30,30,29,29
1680679530448856503,30,30,29,29
1680679530450562864,30,30,29,29
1680679530452274721,30,30,29,29
1680679530454002460,30,30,29,29
1680679530455853843,30,30,29,29
1680679530457557553,30,30,29,29
1680679530459278274,30,30,29,29
1680679530460969632,30,30,29,29
1680679530462658563,30,30,29,29
1680679530464346777,30,30,29,29
1680679530466038539,30,30,29,29
1680679530467721502,30,30,29,29
1680679530469436597,30,30,29,29
1680679530471119613,30,30,29,29
1680679530472813892,30,30,29,29
1680679530474559958,30,30,29,29
1680679530476302804,30,30,29,29
1680679530477994846,30,30,29,29
1680679530479689558,30,30,29,29
1680679530481371175,30,30,29,29
1680679530483047918,30,30,29,29
1680679530484726775,30,30,29,29
1680679530486412466,30,30,29,29
1680679530488091313,30,30,29,29
1680679530489810242,30,30,29,29
1680679530491497345,30,30,29,29
1680679530493181444,30,30,29,29
1680679530494929073,30,30,29,29
1680679530496614910,30,30,29,29
1680679530498377356,30,30,29,29
1680679530500067718,30,30,29,29
1680679530501758558,30,30,29,29
1680679530503452054,30,30,29,29
1680679530505139232,30,30,29,29
1680679530506825666,30,30,29,29
1680679530508516343,30,30,29,29
1680679530510306168,30,30,29,29
1680679530511997895,30,30,29,29
1680679530513684993,30,30,29,29
1680679530515468643,30,30,29,29
1680679530517157428,30,30,29,29
1680679530518840436,30,30,29,29
1680679530520521661,29,30,29,29
1680679530522211341,29,30,29,29
1680679530523905347,29,30,29,29
1680679530525603302,29,30,29,29
1680679530527293390,29,30,29,29
1680679530529038935,29,30,29,29
1680679530530730935,29,30,29,29
1680679530532417788,29,30,29,29
1680679530534133113,29,30,29,29
1680679530536066057,29,30,29,29
1680679530537758201,29,30,29,29
1680679530539448667,29,30,29,29
1680679530541135380,29,30,29,29
1680679530542811994,29,30,29,29
1680679530544498776,29,30,29,29
1680679530546184528,29,30,29,29
1680679530547883033,29,30,29,29
1680679530549633513,29,30,29,29
1680679530551323133,29,30,29,29
1680679530552991369,29,30,29,29
1680679530554736015,29,30,29,29
1680679530556441461,29,30,29,29
1680679530558117536,29,30,29,29
1680679530559783471,29,30,29,29
1680679530561446901,29,30,29,29
1680679530563135640,29,30,29,29
1680679530564825888,29,30,29,29
1680679530566510506,29,30,29,29
1680679530568206097,29,30,29,29
1680679530569947630,29,30,29,29
1680679530571720156,29,30,29,29
1680679530573424815,29,30,29,29
1680679530575263328,29,30,29,29
1680679530576973311,29,30,29,29
1680679530578682121,29,30,29,29
1680679530580385439,29,30,29,29
1680679530582107070,29,30,29,29
1680679530583797586,29,30,29,29
1680679530585468281,29,30,29,29
1680679530587127389,29,30,29,29
1680679530588799475,29,30,29,29
1680679530590488430,29,30,29,29
1680679530592163054,29,30,29,29
1680679530593877300,29,30,29,29
1680679530595730150,29,30,29,29
1680679530597428685,29,30,29,29
1680679530599167735,29,30,29,29
1680679530600871361,29,30,29,29
1680679530602582140,29,30,29,29
1680679530604294860,29,30,29,29
1680679530605990573,29,30,29,29
1680679530607679650,29,30,29,29
1680679530609418699,29,30,29,29
1680679530611107336,29,30,29,29
1680679530612792812,29,30,29,29
1680679530614477958,29,30,29,29
1680679530616237638,29,30,29,29
1680679530617938470,29,30,29,29
1680679530619758306,29,30,29,29
1680679530621443335,29,30,29,29
1680679530623123288,29,30,29,29
1680679530624809846,29,30,29,29
1680679530626491940,29,30,29,29
1680679530628177560,29,30,29,29
1680679530629875382,29,30,29,29
1680679530631560818,29,30,29,29
1680679530633250661,29,30,29,29
1680679530635117571,29,30,29,29
1680679530636783623,29,30,29,29
1680679530638452330,29,30,29,29
1680679530640116499,29,30,29,29
1680679530641802391,29,30,29,29
1680679530643474910,29,30,29,29
1680679530645144575,29,30,29,29
1680679530646848501,29,30,29,29
1680679530648553125,29,30,29,29
1680679530650305266,29,30,29,29
1680679530652013377,29,30,29,29
1680679530653719329,29,30,29,29
1680679530655524033,29,30,29,29
1680679530657244554,29,30,29,29
1680679530658952246,29,30,29,29
1680679530660664625,29,30,29,29
1680679530662377342,29,30,29,29
1680679530664089001,29,30,29,29
1680679530665813194,29,30,29,29
1680679530667525516,29,30,29,29
1680679530669297615,29,30,29,29
1680679530670986779,29,30,29,29
1680679530672685817,29,30,29,29
1680679530674450110,29,30,29,29
1680679530676279556,29,30,29,29
1680679530677982635,29,30,29,29
1680679530679672592,29,30,29,29
1680679530681356027,29,30,29,29
1680679530683035571,29,30,29,29
1680679530684726760,29,30,29,29
1680679530686498414,29,30,29,29
1680679530688183223,29,30,29,29
1680679530689961871,29,30,29,29
1680679530691643882,29,30,29,29
1680679530693327391,29,30,29,29
1680679530695080605,29,30,29,29
1680679530696886128,29,30,29,29
1680679530698570954,29,30,29,29
1680679530700256681,29,30,29,29
1680679530701950421,29,30,29,29
1680679530703634133,29,30,29,29
1680679530705318029,29,30,29,29
1680679530707004317,29,30,29,29
1680679530708724424,29,30,29,29
1680679530710501893,29,30,29,29
1680679530712256344,29,30,29,29
1680679530713977281,29,30,29,29
1680679530715780124,29,30,29,29
1680679530717488632,29,30,29,29
1680679530719179354,29,30,29,29
1680679530720862608,29,30,29,29
1680679530722544886,29,30,29,29
1680679530724232182,29,30,29,29
1680679530725929594,29,30,29,29
1680679530727618542,29,30,29,29
1680679530729315413,29,30,29,29
1680679530731002019,29,30,29,29
1680679530732687706,29,30,29,29
1680679530734380318,29,30,29,29
1680679530736202067,29,30,29,29
1680679530737896067,29,30,29,29
1680679530739579066,29,30,29,29
1680679530741264187,29,30,29,29
1680679530742945763,29,30,29,29
1680679530744657485,29,30,29,29
1680679530746350385,29,30,29,29
1680679530748042128,29,30,29,29
1680679530749830034,29,30,29,29
1680679530751516374,29,30,29,29
1680679530753202170,29,30,29,29
1680679530754886101,29,30,29,29
1680679530756653131,29,30,29,29
1680679530758341505,29,30,29,29
1680679530760039810,29,30,29,29
1680679530761720162,29,30,29,29
1680679530763413168,29,30,29,29
1680679530765177389,29,29,29,29
1680679530766858129,29,29,29,29
1680679530768552186,29,29,29,29
1680679530770309145,29,29,29,29
1680679530772009469,29,29,29,29
1680679530773695535,29,29,29,29
1680679530775485034,29,29,29,29
1680679530777174073,29,29,29,29
1680679530778858451,29,29,29,29
1680679530780551724,29,29,29,29
1680679530782290979,29,29,29,29
1680679530783978614,29,29,29,29
1680679530785664285,29,29,29,29
1680679530787413805,29,29,29,29
1680679530789102829,29,29,29,29
1680679530790837462,29,29,29,29
1680679530792521210,29,29,29,29
1680679530794212923,29,29,29,29
1680679530796055481,29,29,29,29
1680679530797752074,29,29,29,29
1680679530799441157,29,29,29,29
1680679530801201074,29,29,29,29
1680679530802881166,29,29,29,29
1680679530804550792,29,29,29,29
1680679530806221137,29,29,29,29
1680679530807890253,29,29,29,29
1680679530809586948,29,29,29,29
1680679530811251057,29,29,29,29
1680679530812916443,29,29,29,29
1680679530814621687,29,29,29,29
1680679530816535548,29,29,29,29
1680679530818250649,29,29,29,29
1680679530819960231,29,29,29,29
1680679530821671792,29,29,29,29
1680679530823403382,29,29,29,29
1680679530825446644,29,29,29,29
1680679530827342166,29,29,29,29
1680679530829239904,29,29,29,29
1680679530831195447,29,29,29,29
1680679530833092235,29,29,29,29
1680679530834734280,29,29,29,29
1680679530836513741,29,29,29,29
1680679530838155798,29,29,29,29
1680679530839787910,29,29,29,29
1680679530841421297,29,29,29,29
1680679530843056022,29,29,29,29
1680679530844822193,29,29,29,29
1680679530846507024,29,29,29,29
1680679530848201284,29,29,29,29
1680679530849897369,29,29,29,29
1680679530851589364,29,29,29,29
1680679530853410086,29,29,29,29
1680679530855098093,29,29,29,29
1680679530856861418,29,29,29,29
1680679530858552852,29,29,29,29
1680679530860243988,29,29,29,29
1680679530861942268,29,29,29,29
1680679530863636188,29,29,29,29
1680679530865336474,29,29,29,29
1680679530867017839,29,29,29,29
1680679530868702373,29,29,29,29
1680679530870415833,29,29,29,29
1680679530872100831,29,29,29,29
1680679530873795433,29,29,29,29
1680679530875502352,29,29,29,29
1680679530877201655,29,29,29,29
1680679530878881661,29,29,29,29
1680679530880584022,29,29,29,29
1680679530882422107,29,29,29,29
1680679530884112870,29,29,29,29
1680679530885813367,29,29,29,29
1680679530887503214,29,29,29,29
1680679530889193632,29,29,29,29
1680679530890897242,29,29,29,29
1680679530892588580,29,29,29,29
1680679530894286536,29,29,29,29
1680679530896070224,29,29,29,29
1680679530897764831,29,29,29,29
1680679530899455039,29,29,29,29
1680679530901148755,29,29,29,29
1680679530902828141,29,29,29,29
1680679530904513438,29,29,29,29
1680679530906205166,29,29,29,29
1680679530907894129,29,29,29,29
1680679530909587818,29,29,29,29
1680679530911272584,29,29,29,29
1680679530912952208,29,29,29,29
1680679530914637222,29,29,29,29
1680679530916944678,29,29,29,29
1680679530918634224,29,29,29,29
1680679530920333584,29,29,29,29
1680679530922014186,29,29,29,29
1680679530923860887,29,29,29,29
1680679530925547980,29,29,29,29
1680679530927207424,29,29,29,29
1680679530928866460,29,29,29,29
1680679530930827941,29,29,29,29
1680679530932495069,29,29,29,29
1680679530934165015,29,29,29,29
1680679530935901380,29,29,29,29
1680679530937772158,29,29,29,29
1680679530939463385,29,29,29,29
1680679530941152389,29,29,29,29
1680679530942833525,29,29,29,29
1680679530944812904,29,29,29,29
1680679530946498446,29,29,29,29
1680679530948378029,29,29,29,29
1680679530950115895,29,29,29,29
1680679530951806003,29,29,29,29
1680679530953486342,29,29,29,29
1680679530955170491,29,29,29,29
1680679530956932868,29,29,29,29
1680679530958615551,29,29,29,29
1680679530960302879,29,29,29,29
1680679530962000941,29,29,29,29
1680679530963685619,29,29,29,29
1680679530965367584,29,29,29,29
1680679530967049869,29,29,29,29
1680679530968727166,29,29,29,29
1680679530970433615,29,29,29,29
1680679530972124668,29,29,29,29
1680679530973826803,29,29,29,29
1680679530975572734,29,29,29,29
1680679530977391378,29,29,29,29
1680679530979071756,29,29,29,29
1680679530980727297,29,29,29,29
1680679530982412908,29,29,29,29
1680679530984100404,29,29,29,29
1680679530985784130,29,29,29,29
1680679530987473125,29,29,29,29
1680679530989190238,29,29,29,29
1680679530990917963,29,29,29,29
1680679530992630588,29,29,29,29
1680679530994343232,29,29,29,29
1680679530996278701,29,29,29,29
1680679530998230622,29,29,29,29
1680679531000172542,29,29,29,29
1680679531002059628,29,29,29,29
1680679531003940293,29,29,29,29
1680679531005820661,29,29,29,29
1680679531007698315,29,29,29,29
1680679531009585223,29,29,29,29
1680679531012475654,29,29,29,29
1680679531014344641,29,29,29,29
1680679531016370052,29,29,30,29
1680679531018219931,29,29,30,29
1680679531020082500,29,29,30,29
1680679531021988861,30,29,30,29
1680679531023881290,30,29,30,29
1680679531025772143,30,29,30,29
1680679531028313870,30,29,30,29
1680679531030200583,30,29,30,29
1680679531032086936,30,29,30,29
1680679531033991105,30,29,30,29
1680679531035926602,30,29,30,29
1680679531037816190,30,29,30,29
1680679531039714134,30,29,30,29
1680679531041626653,30,29,30,29
1680679531044048925,30,29,30,29
1680679531045911305,30,29,30,29
1680679531047767926,30,29,30,29
1680679531049658044,30,29,30,29
1680679531051563939,30,29,30,29
1680679531053481907,30,29,30,29
1680679531055425350,30,29,30,29
1680679531057420718,30,29,30,29
1680679531059902048,30,29,30,29
1680679531062553448,30,29,30,29
1680679531064726350,30,29,30,29
1680679531066755611,30,30,30,29
1680679531132712431,30,30,30,29
1680679531201156726,29,30,30,29
1680679531203445117,29,30,30,29
1680679531205333844,29,30,30,29
1680679531207225894,29,30,30,29
1680679531209124563,29,30,30,29
1680679531211094487,29,30,30,29
1680679531212725291,29,30,30,29
1680679531214361936,29,30,30,29
1680679531215998072,29,30,30,29
1680679531217732677,29,30,30,29
1680679531219378376,29,30,30,29
1680679531221069802,29,30,30,29
1680679531222773791,29,30,30,29
1680679531224457915,29,30,30,29
1680679531226155526,29,30,30,29
1680679531227845020,29,30,30,29
1680679531229533106,29,30,30,29
1680679531231236175,29,30,30,29
1680679531232942705,29,30,30,29
1680679531234650169,29,30,30,29
1680679531236474634,29,30,30,29
1680679531238263773,29,30,30,29
1680679531240107594,29,30,30,29
1680679531241917690,29,30,30,29
1680679531243615941,29,30,30,29
1680679531245274805,29,30,30,29
1680679531246941040,29,30,30,29
1680679531248601875,29,30,30,29
1680679531250274380,29,30,30,29
1680679531251963169,29,30,30,29
1680679531253645171,29,30,30,29
1680679531255347055,29,30,30,29
1680679531257123662,29,30,30,29
1680679531258838496,29,30,30,29
1680679531260547495,29,30,30,29
1680679531262262143,29,30,30,29
1680679531263968892,29,30,30,29
1680679531265647141,29,30,30,29
1680679531267382292,29,30,30,29
1680679531269069192,29,30,30,29
1680679531270763695,29,30,30,29
1680679531272452317,29,30,30,29
1680679531274150894,29,30,30,29
1680679531275835980,29,30,30,29
1680679531277663725,29,30,30,29
1680679531279347773,29,30,30,29
1680679531281038802,29,30,30,29
1680679531282725242,29,30,30,29
1680679531284415413,29,30,30,29
1680679531286108744,29,30,30,29
1680679531287826878,29,30,30,29
1680679531289512012,29,30,30,29
1680679531291226744,29,30,30,29
1680679531292914840,29,30,30,29
1680679531294608377,29,30,30,29
1680679531296310244,29,30,30,29
1680679531298039240,29,30,30,29
1680679531299732711,29,30,30,29
1680679531301418117,29,30,30,29
1680679531303102348,29,30,30,29
1680679531304842579,29,30,30,29
1680679531306524127,29,30,30,29
1680679531308212565,29,30,30,29
1680679531309902418,29,30,30,29
1680679531311633456,29,30,30,29
1680679531313312087,29,30,30,29
1680679531314989889,29,30,30,29
1680679531316727060,29,30,30,29
1680679531318521798,29,30,30,29
1680679531320208186,29,30,30,29
1680679531321902297,29,30,30,29
1680679531323593911,29,30,30,29
1680679531325278620,29,30,30,29
1680679531326961526,29,30,30,29
1680679531328650036,29,30,30,29
1680679531330346237,29,30,30,29
1680679531332057882,29,30,30,29
1680679531333751689,29,30,30,29
1680679531335436984,29,30,30,29
1680679531337225841,29,30,30,29
1680679531338907883,29,30,30,29
1680679531340586370,29,30,30,29
1680679531342287352,29,30,30,29
1680679531343989575,29,30,30,29
1680679531345671618,29,30,30,29
1680679531347355365,29,30,30,29
1680679531349042505,29,30,30,29
1680679531350734003,29,30,30,29
1680679531352419922,29,30,30,29
1680679531354114197,29,30,30,29
1680679531355889459,29,30,30,29
1680679531357769296,29,30,30,29
1680679531359460345,29,30,30,29
1680679531361150819,29,30,30,29
1680679531362834622,29,30,30,29
1680679531364523249,29,30,30,29
1680679531366227238,29,30,30,29
1680679531367914119,29,30,30,29
1680679531369595235,29,30,30,29
1680679531371373777,29,30,30,29
1680679531373142421,29,30,30,29
1680679531374822118,29,30,30,29
1680679531376528335,29,30,30,29
1680679531378295378,29,30,30,29
1680679531379977051,29,30,30,29
1680679531381658677,29,30,30,29
1680679531383343019,29,30,30,29
1680679531385029876,29,30,30,29
1680679531386709521,29,30,30,29
1680679531388374227,29,30,30,29
1680679531390048510,29,30,30,29
1680679531391733148,29,30,30,29
1680679531393402221,29,30,30,29
1680679531395060962,29,30,30,29
1680679531396726714,29,30,30,29
1680679531398459850,29,30,30,29
1680679531400161825,29,30,30,29
1680679531401867813,29,30,30,29
1680679531403659016,29,30,30,29
1680679531405357020,29,30,30,29
1680679531407053765,29,30,30,29
1680679531408726798,29,30,30,29
1680679531410413733,29,30,30,29
1680679531412160842,29,30,30,29
1680679531413950751,29,30,30,29
1680679531415633567,29,30,30,29
1680679531417438619,29,30,30,29
1680679531419415786,29,30,30,29
1680679531421320812,29,30,30,29
1680679531423229590,29,30,30,29
1680679531425142969,29,30,30,29
1680679531427040370,29,30,30,29
1680679531428933979,29,30,30,29
1680679531430599522,29,30,30,29
1680679531432283304,29,30,30,29
1680679531433965926,29,30,30,29
1680679531435630407,29,30,30,29
1680679531437357369,29,30,30,29
1680679531439020575,29,30,30,29
1680679531440699771,29,30,30,29
1680679531442393546,29,30,30,29
1680679531444077480,29,30,30,29
1680679531445772993,29,30,30,29
1680679531447448733,29,30,30,29
1680679531449129973,29,30,30,29
1680679531450806058,29,30,30,29
1680679531452473416,29,30,30,29
1680679531454149429,29,30,30,29
1680679531455829224,29,30,30,29
1680679531457581224,29,30,30,29
1680679531459297581,29,30,30,29
1680679531460965351,29,30,30,29
1680679531462648933,29,30,30,29
1680679531464332273,29,30,30,29
1680679531466020142,29,30,30,29
1680679531467737642,29,30,30,29
1680679531469431782,29,30,30,29
1680679531471142330,29,30,30,29
1680679531472851961,29,30,30,29
1680679531474559512,29,30,30,29
1680679531476267324,29,30,30,29
1680679531478154653,29,30,30,29
1680679531479867481,29,30,30,29
1680679531481575795,29,30,30,29
1680679531483284173,29,30,30,29
1680679531484966120,29,30,30,29
1680679531486646646,29,30,30,29
1680679531488340025,29,30,30,29
1680679531490030443,29,30,30,29
1680679531491890992,29,30,30,29
1680679531493581772,29,30,30,29
1680679531495266216,29,30,30,29
1680679531496959179,29,30,30,29
1680679531498714026,29,30,30,29
1680679531500536797,29,30,30,29
1680679531502249971,29,30,30,29
1680679531503940357,29,30,30,29
1680679531505627024,29,30,30,29
1680679531507316584,29,30,30,29
1680679531509002610,29,30,30,29
1680679531510683309,29,30,30,29
1680679531512424715,29,30,30,29
1680679531514151913,29,30,30,29
1680679531515818351,29,30,30,29
1680679531517572566,29,30,30,29
1680679531519349031,29,30,29,29
1680679531521009741,29,30,29,29
1680679531522670338,29,30,29,29
1680679531524355222,29,30,29,29
1680679531526053185,29,30,29,29
1680679531527729788,29,30,29,29
1680679531529405938,29,30,29,29
1680679531531091000,29,30,29,29
1680679531532918272,29,30,29,29
1680679531534594093,29,30,29,29
1680679531536273015,29,30,29,29
1680679531538051953,29,30,29,29
1680679531539743956,29,30,29,29
1680679531541432041,29,30,29,29
1680679531543119534,29,30,29,29
1680679531544806006,29,30,29,29
1680679531546491902,29,30,29,29
1680679531548173132,29,30,29,29
1680679531549882857,29,30,29,29
1680679531551732811,29,30,29,29
1680679531553421722,29,30,29,29
1680679531555104399,29,30,29,29
1680679531556808622,29,30,29,29
1680679531558565337,29,30,29,29
1680679531560256464,29,30,29,29
1680679531561948061,29,30,29,29
1680679531563632278,29,30,29,29
1680679531565316638,29,30,29,29
1680679531566993332,29,30,29,29
1680679531568676895,29,30,29,29
1680679531570367641,29,30,29,29
1680679531572082734,29,30,29,29
1680679531573767786,29,30,29,29
1680679531575455582,29,30,29,29
1680679531577176453,29,30,29,29
1680679531578962283,29,30,29,29
1680679531580648094,29,30,29,29
1680679531582343191,29,30,29,29
1680679531584038822,29,30,29,29
1680679531585722575,29,30,29,29
1680679531587394009,29,30,29,29
1680679531589075130,29,30,29,29
1680679531590756355,29,30,29,29
1680679531592495269,29,30,29,29
1680679531594182988,29,30,29,29
1680679531595865500,29,30,29,29
1680679531597712424,29,30,29,29
1680679531599395669,29,30,29,29
1680679531601076505,29,30,29,29
1680679531602758031,29,29,29,29
1680679531604449131,29,29,29,29
1680679531606152668,29,29,29,29
1680679531607842639,29,29,29,29
1680679531609528618,29,29,29,29
1680679531611219816,29,29,29,29
1680679531612902366,29,29,29,29
1680679531614587300,29,29,29,29
1680679531616274867,29,29,29,29
1680679531618023967,29,29,29,29
1680679531619694748,29,29,29,29
1680679531621435191,29,29,29,29
1680679531623093356,29,29,29,29
1680679531624730737,29,29,29,29
1680679531626401410,29,29,29,29
1680679531628086091,29,29,29,29
1680679531629773975,29,29,29,29
1680679531631459205,29,29,29,29
1680679531633146073,29,29,29,29
1680679531634826433,29,29,29,29
1680679531636573449,29,29,29,29
1680679531638413223,29,29,29,29
1680679531640100776,29,29,29,29
1680679531641795223,29,29,29,29
1680679531643475597,29,29,29,29
1680679531645157797,29,29,29,29
1680679531646838119,29,29,29,29
1680679531648497730,29,29,29,29
1680679531650257527,29,29,29,29
1680679531651944783,29,29,29,29
1680679531653605775,29,29,29,29
1680679531655272097,29,29,29,29
1680679531656936047,29,29,29,29
1680679531658708809,29,29,29,29
1680679531660419660,29,29,29,29
1680679531662139818,29,29,29,29
1680679531663843063,29,29,29,29
1680679531665547244,29,29,29,29
1680679531667255583,29,29,29,29
1680679531668967720,29,29,29,29
1680679531670647089,29,29,29,29
1680679531672383348,29,29,29,29
1680679531674086657,29,29,29,29
1680679531675773567,29,29,29,29
1680679531677489802,29,29,29,29
1680679531679172517,29,29,29,29
1680679531680857979,29,29,29,29
1680679531682532505,29,29,29,29
1680679531684217659,29,29,29,29
1680679531685915201,29,29,29,29
1680679531687605867,29,29,29,29
1680679531689289437,29,29,29,29
1680679531691034469,29,29,29,29
1680679531692726686,29,29,29,29
1680679531694404474,29,29,29,29
1680679531696084110,29,29,29,29
1680679531697990251,29,29,29,29
1680679531699671851,29,29,29,29
1680679531701358499,29,29,29,29
1680679531703043880,29,29,29,29
1680679531704726457,29,29,29,29
1680679531706405616,29,29,29,29
1680679531708092644,29,29,29,29
1680679531709781398,29,29,29,29
1680679531711469449,29,29,29,29
1680679531713153112,29,29,29,29
1680679531714839634,29,29,29,29
1680679531716530519,29,29,29,29
1680679531718294143,29,29,29,29
1680679531719980842,29,29,29,29
1680679531721639511,29,29,29,29
1680679531723333271,29,29,29,29
1680679531725001833,29,29,29,29
1680679531726670232,29,29,29,29
1680679531728338278,29,29,29,29
1680679531730030484,29,29,29,29
1680679531731773466,29,29,29,29
1680679531733460904,29,29,29,29
1680679531735160350,29,29,29,29
1680679531736841431,29,29,29,29
1680679531738732458,29,29,29,29
1680679531740416806,29,29,29,29
1680679531742170231,29,29,29,29
1680679531743849825,29,29,29,29
1680679531745526551,29,29,29,29
1680679531747200757,29,29,29,29
1680679531748881722,29,29,29,29
1680679531750566010,29,29,29,29
1680679531752242045,29,29,29,29
1680679531753910247,29,29,29,29
1680679531755572944,29,29,29,29
1680679531757239450,29,29,29,29
1680679531759007892,29,29,29,29
1680679531760678712,29,29,29,29
1680679531762464070,29,29,29,29
1680679531764175475,29,29,29,29
1680679531765910651,29,29,29,29
1680679531767617601,29,29,29,29
1680679531769330428,29,29,29,29
1680679531771027460,29,29,29,29
1680679531772726942,29,29,29,29
1680679531774423459,29,29,29,29
1680679531776114718,29,29,29,29
1680679531777859830,29,29,29,29
1680679531779556084,29,29,29,29
1680679531781239849,29,29,29,29
1680679531782924442,29,29,29,29
1680679531784612583,29,29,29,29
1680679531786303352,29,29,29,29
1680679531787989831,29,29,29,29
1680679531789687735,29,29,29,29
1680679531791368703,29,29,29,29
1680679531793108777,29,29,29,29
1680679531794793143,29,29,29,29
1680679531796487511,29,29,29,29
1680679531798351274,29,29,29,29
1680679531800037820,29,29,29,29
1680679531801726371,29,29,29,29
1680679531803411979,29,29,29,29
1680679531805098875,29,29,29,29
1680679531806787402,29,29,29,29
1680679531808567645,29,29,29,29
1680679531810260644,29,29,29,29
1680679531811962706,29,29,29,29
1680679531813640081,29,29,29,29
1680679531815288262,29,29,29,29
1680679531816935145,29,29,29,29
1680679531818662340,29,29,29,29
1680679531820323550,29,29,29,29
1680679531821978934,29,29,29,29
1680679531823630433,29,29,29,29
1680679531825288542,29,29,29,29
1680679531826986502,29,29,29,29
1680679531828693440,29,29,29,29
1680679531830414734,29,29,29,29
1680679531832138024,29,29,29,29
1680679531833851544,29,29,29,29
1680679531835557631,29,29,29,29
1680679531837310334,29,29,29,29
1680679531839032791,29,29,29,29
1680679531840823021,29,29,29,29
1680679531842502429,29,29,29,29
1680679531844193936,29,29,29,29
1680679531845880294,29,29,29,29
1680679531847567250,29,29,29,29
1680679531849250165,29,29,29,29
1680679531850932888,29,29,29,29
1680679531852724482,29,29,29,29
1680679531854410072,29,29,30,29
1680679531856096926,29,29,30,29
1680679531857812947,29,29,30,29
1680679531859546326,30,29,30,29
1680679531861224584,30,29,30,29
1680679531862903466,30,29,30,29
1680679531864589846,30,29,30,29
1680679531866277622,30,29,30,29
1680679531867977169,30,29,30,29
1680679531869673546,30,29,30,29
1680679531871358545,30,29,30,29
1680679531873065653,30,29,30,29
1680679531874755853,30,29,30,29
1680679531876447075,30,29,30,29
1680679531878214824,30,29,30,29
1680679531879899025,30,29,30,29
1680679531881584563,30,29,30,29
1680679531883257626,30,29,30,29
1680679531884946595,30,29,30,29
1680679531886635429,30,29,30,29
1680679531888324585,30,29,30,29
1680679531890089641,30,29,30,29
1680679531891776035,30,29,30,29
1680679531893542157,30,29,30,29
1680679531895226807,30,29,30,29
1680679531896911682,30,29,30,29
1680679531898742850,30,29,30,29
1680679531900430820,30,29,30,29
1680679531902119388,30,29,30,29
1680679531903808990,30,29,30,29
1680679531905499972,30,29,30,29
1680679531907182587,30,29,30,29
1680679531908874954,30,29,30,29
1680679531910565427,30,29,30,29
1680679531912282294,30,29,30,29
1680679531913964846,30,29,30,29
1680679531915655918,30,29,30,29
1680679531917339466,30,29,30,29
1680679531919155268,30,29,30,29
1680679531920829060,30,29,30,29
1680679531922522976,30,29,30,29
1680679531924192273,30,29,30,29
1680679531925861638,30,29,30,29
1680679531927627430,30,29,30,29
1680679531929302645,30,29,30,29
1680679531930984950,30,29,30,29
1680679531932682913,30,29,30,29
1680679531934372563,30,29,30,29
1680679531936061454,30,29,30,29
1680679531937769889,30,29,30,29
1680679531939531340,30,29,30,29
1680679531941220366,30,29,30,29
1680679531942897098,30,29,30,29
1680679531944685998,30,29,30,29
1680679531946379776,30,29,30,29
1680679531948071490,30,29,30,29
1680679531949763447,30,29,30,29
1680679531951446316,30,29,30,29
1680679531953188073,30,29,30,29
1680679531954863975,30,29,30,29
1680679531956549942,30,29,30,29
1680679531958299662,30,29,30,29
1680679531959984150,30,29,30,29
1680679531961664918,30,29,30,29
1680679531963343615,30,29,30,29
1680679531965026463,30,29,30,29
1680679531966710735,30,29,30,29
1680679531968393050,30,29,30,29
1680679531970083674,30,29,30,29
1680679531971768357,30,29,30,29
1680679531973473702,30,29,30,29
1680679531975152019,30,29,30,29
1680679531976840059,30,29,30,29
1680679531978602461,30,29,30,29
1680679531980294104,30,29,30,29
1680679531981999737,30,29,30,29
1680679531983684561,30,29,30,29
1680679531985431681,30,29,30,29
1680679531987120306,30,29,30,29
1680679531988854652,30,29,30,29
1680679531990539460,30,29,30,29
1680679531992222943,30,29,30,29
1680679531993970922,30,29,30,29
1680679531995665702,30,29,30,29
1680679531997420259,30,29,30,29
1680679531999206182,30,29,30,29
1680679532000896007,30,29,30,29
1680679532002572431,30,29,30,29
1680679532004256001,30,29,30,29
1680679532005946908,30,29,30,29
1680679532007639782,30,29,30,29
1680679532009326669,30,29,30,29
1680679532011060200,30,29,30,29
1680679532012725226,30,29,30,29
1680679532014412868,30,29,30,29
1680679532016097391,30,29,30,29
1680679532017798895,30,29,30,29
1680679532019597015,30,29,30,29
1680679532021278294,30,29,29,29
1680679532022967539,30,29,29,29
1680679532024639637,30,29,29,29
1680679532026314073,29,29,29,29
1680679532027971965,29,29,29,29
1680679532029639786,29,29,29,29
1680679532031365604,29,29,29,29
1680679532033148518,29,29,29,29
1680679532034855269,29,29,29,29
1680679532036566944,29,29,29,29
1680679532038310808,29,29,29,29
1680679532040024488,29,29,29,29
1680679532041729011,29,29,29,29
1680679532043415689,29,29,29,29
1680679532045198501,29,29,29,29
1680679532046878080,29,29,29,29
1680679532048563899,29,29,29,29
1680679532050256087,29,29,29,29
1680679532051943902,29,29,29,29
1680679532053685717,29,29,29,29
1680679532055360848,29,29,29,29
1680679532057040328,29,29,29,29
1680679532058819171,29,29,29,29
1680679532060512787,29,29,29,29
1680679532062203699,29,29,29,29
1680679532063890239,29,29,29,29
1680679532065575621,29,29,29,29
1680679532067259907,29,29,29,29
1680679532068971337,29,29,29,29
1680679532070653272,29,29,29,29
1680679532072342314,29,29,29,29
1680679532074093469,29,29,29,29
1680679532075804348,29,29,29,29
1680679532077487647,29,29,29,29
1680679532079242516,29,29,29,29
1680679532080924595,29,29,29,29
1680679532082602208,29,29,29,29
1680679532084286004,29,29,29,29
1680679532085981590,29,29,29,29
1680679532087673060,29,29,29,29
1680679532089440458,29,29,29,29
1680679532091126226,29,29,29,29
1680679532092826826,29,29,29,29
1680679532094513486,29,29,29,29
1680679532096201683,29,29,29,29
1680679532097890982,29,29,29,29
1680679532099688200,29,29,29,29
1680679532101375196,29,29,29,29
1680679532103062180,29,29,29,29
1680679532104726090,29,30,29,29
1680679532106387307,29,30,29,29
1680679532108060407,29,30,29,29
1680679532109724871,29,30,29,29
1680679532111389050,29,30,29,29
1680679532113072798,29,30,29,29
1680679532114780647,29,30,29,29
1680679532116495363,29,30,29,29
1680679532118269363,29,30,29,29
1680679532120034152,29,30,29,29
1680679532121752415,29,30,29,29
1680679532123462669,29,30,29,29
1680679532125154919,29,30,29,29
1680679532126848362,29,30,29,29
1680679532128642103,29,30,29,29
1680679532130329977,29,30,29,29
1680679532132018876,29,30,29,29
1680679532133732019,29,30,29,29
1680679532135408173,29,30,29,29
1680679532137089158,29,30,29,29
1680679532138797059,29,30,29,29
1680679532140477635,29,30,29,29
1680679532142169695,29,30,29,29
1680679532143853620,29,30,29,29
1680679532145543099,29,30,29,29
1680679532147226569,29,30,29,29
1680679532148914270,29,30,29,29
1680679532150602490,29,30,29,29
1680679532152293298,29,30,29,29
1680679532154036408,29,30,29,29
1680679532155727356,29,30,29,29
1680679532157418759,29,30,29,29
1680679532159139415,29,30,29,29
1680679532160827667,29,30,29,29
1680679532162512555,29,30,29,29
1680679532164198824,29,30,29,29
1680679532165897200,29,30,29,29
1680679532167582718,29,30,29,29
1680679532169287892,29,30,29,29
1680679532170970665,29,30,29,29
1680679532172680803,29,30,29,29
1680679532174452126,29,30,29,29
1680679532176142350,29,30,29,29
1680679532177838514,29,30,29,29
1680679532179695219,29,30,29,29
1680679532181381501,29,30,29,29
1680679532183062155,29,30,29,29
1680679532184726659,29,30,29,29
1680679532186409695,29,30,29,29
1680679532188089196,29,30,29,29
1680679532189783518,29,30,29,29
1680679532191469707,29,30,29,29
1680679532193171254,30,30,29,29
1680679532194857555,30,30,29,29
1680679532196645540,30,30,29,29
1680679532198384442,30,30,29,29
1680679532200144214,30,30,29,29
1680679532201835608,30,30,29,29
1680679532203518883,30,30,29,29
1680679532205291282,30,30,29,29
1680679532206973677,30,30,29,29
1680679532208650208,30,30,29,29
1680679532210321441,30,30,29,29
1680679532211983400,30,30,29,29
1680679532213673675,30,30,29,29
1680679532215345644,30,30,29,29
1680679532217022269,30,30,29,29
1680679532218763400,30,30,29,29
1680679532220539310,30,30,29,29
1680679532222253531,30,30,29,29
1680679532223964017,30,30,29,29
1680679532225674070,30,30,29,29
1680679532227465109,30,30,29,29
1680679532229317837,30,30,29,29
1680679532231002017,30,30,29,29
1680679532232693189,30,30,29,29
1680679532234441689,30,30,29,29
1680679532236137359,30,30,29,29
1680679532237836074,30,30,29,29
1680679532239629580,30,30,29,29
1680679532241600121,30,30,29,29
1680679532243283382,30,30,29,29
1680679532244963171,30,30,29,29
1680679532246641011,30,30,29,29
1680679532248501234,30,30,29,29
1680679532250188310,30,30,29,29
1680679532251871231,30,30,29,29
1680679532253601911,30,30,29,29
1680679532255487285,30,30,29,29
1680679532257178191,30,30,29,29
1680679532258992020,30,30,29,29
1680679532260682587,30,30,29,29
1680679532262381057,30,30,29,29
1680679532264071816,30,30,29,29
1680679532265836461,30,30,29,29
1680679532267526861,30,30,29,29
1680679532269297292,30,30,29,29
1680679532270996654,30,29,29,29
1680679532272712025,30,29,29,29
1680679532274452751,30,29,29,29
1680679532276206936,30,29,29,29
1680679532277949432,30,29,29,29
1680679532279769767,30,29,29,29
1680679532281495356,30,29,29,29
1680679532283186710,30,29,29,29
1680679532284868532,30,29,29,29
1680679532286557966,30,29,29,29
1680679532288243168,30,29,29,29
1680679532289941845,30,29,29,29
1680679532291619722,30,29,29,29
1680679532293347282,30,29,29,29
1680679532295030830,30,29,29,29
1680679532296724281,30,29,29,29
1680679532298501382,30,29,29,29
1680679532300267494,30,29,29,29
1680679532301957055,30,29,29,29
1680679532303642513,30,29,29,29
1680679532305511442,30,29,29,29
1680679532307382559,30,29,29,29
1680679532309275299,30,29,29,29
1680679532311165538,30,29,29,29
1680679532313060172,30,29,29,29
1680679532314961513,30,29,29,29
1680679532316860698,30,29,29,29
1680679532318779657,30,29,29,29
1680679532320646574,30,29,29,29
1680679532322542277,30,29,29,29
1680679532324389941,30,29,29,29
1680679532326278532,30,29,29,29
1680679532328159117,30,29,29,29
1680679532330043947,30,29,29,29
1680679532331922107,30,29,29,29
1680679532333873840,30,29,29,29
1680679532336257896,30,29,29,29
1680679532338131201,30,29,29,29
1680679532340065094,30,29,29,29
1680679532341928483,30,29,29,29
1680679532343788540,30,29,29,29
1680679532345701930,30,29,29,29
1680679532347591360,30,29,29,29
1680679532349485127,30,29,29,29
1680679532352007292,30,29,29,29
1680679532354010889,30,29,29,29
1680679532355896997,30,29,30,29
1680679532357798920,30,29,30,29
1680679532359786331,30,29,30,29
1680679532361684034,29,29,30,29
1680679532363593454,29,29,30,29
1680679532365499278,29,29,30,29
1680679532367971417,29,29,30,29
1680679532370545206,29,29,30,29
1680679532372665788,29,29,30,29
1680679532374834984,29,29,30,29
1680679532437643822,29,30,30,29
1680679532506326121,29,30,30,29
1680679532508625638,29,30,30,29
1680679532510561082,29,30,30,29
1680679532512473170,29,30,30,29
1680679532514403637,29,30,30,29
1680679532516305649,29,30,30,29
1680679532517946384,29,30,30,29
1680679532519602694,29,30,30,29
1680679532521300148,29,30,30,29
1680679532522929585,29,30,30,29
1680679532524567501,29,30,30,29
1680679532526218251,29,30,30,29
1680679532527896795,29,30,30,29
1680679532529576680,29,30,30,29
1680679532531258009,29,30,30,29
1680679532532941990,29,30,30,29
1680679532534655896,29,30,30,29
1680679532536344788,29,30,30,29
1680679532538088521,29,30,30,29
1680679532539838376,29,30,30,29
1680679532541521311,29,30,30,29
1680679532543210212,29,30,30,29
1680679532544894958,29,30,30,29
1680679532546573701,29,30,30,29
1680679532548265332,29,30,30,29
1680679532549966214,29,30,30,29
1680679532551654754,29,30,30,29
1680679532553331676,29,30,30,29
1680679532555086537,29,30,30,29
1680679532556922878,29,30,30,29
1680679532558612337,29,30,30,29
1680679532560421758,29,30,30,29
1680679532562115942,29,30,30,29
1680679532563804440,29,30,30,29
1680679532565484194,29,30,30,29
1680679532567159070,29,30,30,29
1680679532568836354,29,30,30,29
1680679532570519141,29,30,30,29
1680679532572201879,29,30,30,29
1680679532573909275,29,30,30,29
1680679532575636396,29,30,30,29
1680679532577324649,29,30,30,29
1680679532579006328,29,30,30,29
1680679532580852228,29,30,30,29
1680679532582521451,29,30,30,29
1680679532584189177,29,30,30,29
1680679532585858582,29,30,30,29
1680679532587532514,29,30,30,29
1680679532589200837,29,30,30,29
1680679532590893098,29,30,30,29
1680679532592576908,29,30,30,29
1680679532594283389,29,30,30,29
1680679532595964198,29,30,30,29
1680679532597655286,29,30,30,29
1680679532599391658,29,30,30,29
1680679532601149378,29,30,30,29
1680679532602858518,29,30,30,29
1680679532604570290,29,30,30,29
1680679532606300208,29,30,30,29
1680679532608007593,29,30,30,29
1680679532609718168,29,30,30,29
1680679532611418625,29,30,30,29
1680679532613106986,29,30,30,29
1680679532614809728,29,30,30,29
1680679532616501502,29,30,30,29
1680679532618193982,29,30,30,29
1680679532619937070,29,30,30,29
1680679532621630770,29,30,30,29
1680679532623325596,29,30,30,29
1680679532625004410,29,30,30,29
1680679532626676561,29,30,30,29
1680679532628359447,29,30,30,29
1680679532630048109,29,30,30,29
1680679532631728777,29,30,30,29
1680679532633411511,29,30,30,29
1680679532635144109,29,30,30,29
1680679532636897962,29,30,30,29
1680679532638581727,29,30,30,29
1680679532640396720,29,30,30,29
1680679532642092208,29,30,30,29
1680679532643779488,29,30,30,29
1680679532645466555,29,30,30,29
1680679532647144761,29,30,30,29
1680679532648833161,29,30,30,29
1680679532650520780,29,30,30,29
1680679532652206852,29,30,30,29
1680679532653895544,29,30,30,29
1680679532655587326,29,30,30,29
1680679532657267503,29,30,30,29
1680679532658949899,29,30,30,29
1680679532660682311,29,30,30,29
1680679532662375647,29,30,30,29
1680679532664063342,29,30,30,29
1680679532665748753,29,30,30,29
1680679532667435441,29,30,30,29
1680679532669120916,29,30,30,29
1680679532670803050,29,30,30,29
1680679532672492221,29,30,30,29
1680679532674197127,29,30,30,29
1680679532675879789,29,30,30,29
1680679532677558972,29,30,30,29
1680679532679242109,29,30,30,29
1680679532681173118,29,30,30,29
1680679532682848282,29,30,30,29
1680679532684510017,29,30,30,29
1680679532686183261,29,30,30,29
1680679532687966629,29,30,30,29
1680679532689640949,29,30,30,29
1680679532691303541,29,30,29,29
1680679532692970485,29,30,29,29
1680679532694704334,29,30,29,29
1680679532696416317,29,30,29,29
1680679532698138647,29,30,29,29
1680679532700025962,29,30,29,29
1680679532701743585,29,30,29,29
1680679532703449657,29,30,29,29
1680679532705157192,29,30,29,29
1680679532706851252,29,30,29,29
1680679532708524987,29,30,29,29
1680679532710207528,29,30,29,29
1680679532711890919,29,30,29,29
1680679532713568846,29,30,29,29
1680679532715300931,29,30,29,29
1680679532716984581,29,30,29,29
1680679532718669653,29,30,29,29
1680679532720409962,29,30,29,29
1680679532722119308,29,30,29,29
1680679532723810765,29,30,29,29
1680679532725497562,29,30,29,29
1680679532727185736,29,30,29,29
1680679532728877849,29,30,29,29
1680679532730562389,29,30,29,29
1680679532732256540,29,30,29,29
1680679532733953303,29,30,29,29
1680679532735634446,29,30,29,29
1680679532737315930,29,30,29,29
1680679532738997165,29,30,29,29
1680679532740798291,29,30,29,29
1680679532742484313,29,30,29,29
1680679532744165544,29,30,29,29
1680679532745856531,29,30,29,29
1680679532747543484,29,30,29,29
1680679532749229339,29,30,29,29
1680679532750911044,29,30,29,29
1680679532752609786,29,30,29,29
1680679532754401455,29,30,29,29
1680679532756092608,29,30,29,29
1680679532757788851,29,30,29,29
1680679532759474500,29,30,29,29
1680679532761273791,29,30,29,29
1680679532762961660,29,30,29,29
1680679532764646491,29,30,29,29
1680679532766340576,29,30,29,29
1680679532768038133,29,30,29,29
1680679532769719114,29,30,29,29
1680679532771400739,29,30,29,29
1680679532773081324,29,30,29,29
1680679532774775981,29,30,29,29
1680679532776471654,29,30,29,29
1680679532778157115,29,30,29,29
1680679532779864521,29,30,29,29
1680679532781594978,29,30,29,29
1680679532783283125,29,30,29,29
1680679532784959126,29,30,29,29
1680679532786638944,29,30,29,29
1680679532788312678,29,30,29,29
1680679532789992661,29,30,29,29
1680679532791664794,29,30,29,29
1680679532793324964,29,30,29,29
1680679532795011634,29,30,29,29
1680679532796680976,29,30,29,29
1680679532798376857,29,30,29,29
1680679532800133192,29,30,29,29
1680679532801896530,29,30,29,29
1680679532803605514,29,30,29,29
1680679532805315715,29,30,29,29
1680679532807025298,29,30,29,29
1680679532808726552,29,30,29,29
1680679532810412819,29,30,29,29
1680679532812103233,29,30,29,29
1680679532813813765,29,30,29,29
1680679532815523804,29,30,29,29
1680679532817215747,29,30,29,29
1680679532818894204,29,30,29,29
1680679532820700387,29,30,29,29
1680679532822393489,29,30,29,29
1680679532824079975,29,30,29,29
1680679532825792404,29,30,29,29
1680679532827479324,29,30,29,29
1680679532829165189,29,30,29,29
1680679532830851031,29,30,29,29
1680679532832579635,29,30,29,29
1680679532834342963,29,30,29,29
1680679532836034411,29,30,29,29
1680679532837725208,29,30,29,29
1680679532839417202,29,30,29,29
1680679532841271119,29,30,29,29
1680679532842985408,29,30,29,29
1680679532844666620,29,30,29,29
1680679532846366907,29,30,29,29
1680679532848046072,29,30,29,29
1680679532849727062,29,30,29,29
1680679532851412842,29,30,29,29
1680679532853093146,29,30,29,29
1680679532854796252,29,30,29,29
1680679532856483257,29,30,29,29
1680679532858168694,29,30,29,29
1680679532859855375,29,30,29,29
1680679532861596978,29,30,29,29
1680679532863283443,29,30,29,29
1680679532864974340,29,30,29,29
1680679532866671967,29,30,29,29
1680679532868424785,29,30,29,29
1680679532870123888,29,30,29,29
1680679532871815567,29,30,29,29
1680679532873497482,29,30,29,29
1680679532875238307,29,30,29,29
1680679532876915666,29,30,29,29
1680679532878589517,29,30,29,29
1680679532880380598,29,30,29,29
1680679532882083316,29,30,29,29
1680679532883771049,29,30,29,29
1680679532885464715,29,30,29,29
1680679532887144615,29,30,29,29
1680679532888821276,29,30,29,29
1680679532890497585,29,30,29,29
1680679532892220383,29,30,29,29
1680679532893906042,29,30,29,29
1680679532895608096,29,30,29,29
1680679532897287289,29,30,29,29
1680679532898964906,29,30,29,29
1680679532900704805,29,30,29,29
1680679532902404112,29,30,29,29
1680679532904094421,29,30,29,29
1680679532905870126,29,30,29,29
1680679532907555532,29,30,29,29
1680679532909239326,29,30,29,29
1680679532910927011,29,30,29,29
1680679532912612483,29,30,29,29
1680679532914305302,29,30,29,29
1680679532915994550,29,30,29,29
1680679532917681633,29,30,29,29
1680679532919363301,29,30,29,29
1680679532921167491,29,30,29,29
1680679532922857055,29,30,29,29
1680679532924574621,29,30,29,29
1680679532926282813,29,30,29,29
1680679532927965235,29,30,29,29
1680679532929648918,29,30,29,29
1680679532931326880,29,30,29,29
1680679532933007805,29,30,29,29
1680679532934751643,29,30,29,29
1680679532936431611,29,30,29,29
1680679532938124713,29,30,29,29
1680679532939814865,29,30,29,29
1680679532941657286,29,30,29,29
1680679532943343485,29,30,29,29
1680679532945032791,29,30,29,29
1680679532946716473,29,30,29,29
1680679532948404919,29,30,29,29
1680679532950103741,29,30,29,29
1680679532951797090,29,30,29,29
1680679532953570229,29,30,29,29
1680679532955266735,29,30,29,29
1680679532956946509,29,30,29,29
1680679532958630905,29,30,29,29
1680679532960365185,29,30,29,29
1680679532962098405,29,30,29,29
1680679532963866731,29,30,29,29
1680679532965554754,29,30,29,29
1680679532967234328,29,30,29,29
1680679532968924494,29,30,29,29
1680679532970722437,29,30,29,29
1680679532972407140,29,30,29,29
1680679532974105256,29,30,29,29
1680679532975815744,29,30,29,29
1680679532977505482,29,30,29,29
1680679532979189045,29,30,29,29
1680679532980954969,29,30,29,29
1680679532982641529,29,30,29,29
1680679532984335183,29,30,29,29
1680679532986023021,29,30,29,29
1680679532987699986,29,30,29,29
1680679532989376098,29,30,29,29
1680679532991148483,29,30,29,29
1680679532992920841,29,30,29,29
1680679532994606826,29,30,29,29
1680679532996289331,29,30,29,29
1680679532997982731,29,30,29,29
1680679532999684241,29,30,29,29
1680679533001732841,29,30,29,29
1680679533003433897,29,30,29,29
1680679533005092322,29,30,29,29
1680679533006762076,29,30,29,29
1680679533008427381,29,30,29,29
1680679533010115571,29,30,29,29
1680679533011779411,29,30,29,29
1680679533013477393,29,30,29,29
1680679533015193279,29,30,29,29
1680679533016903244,29,30,29,29
1680679533018607774,29,30,29,29
1680679533020311245,29,30,29,29
1680679533022074224,29,30,29,29
1680679533023788667,29,30,29,29
1680679533025474915,29,30,29,29
1680679533027213363,29,30,29,29
1680679533028901342,29,30,29,29
1680679533030587425,29,30,29,29
1680679533032276877,29,30,29,29
1680679533033969463,29,30,29,29
1680679533035673928,29,30,29,29
1680679533037382151,29,30,29,29
1680679533039056246,29,30,29,29
1680679533040775070,29,30,29,29
1680679533042458590,29,30,29,29
1680679533044142409,29,30,29,29
1680679533045840767,29,30,29,29
1680679533047524457,29,30,29,29
1680679533049206218,29,30,29,29
1680679533050887585,29,30,29,29
1680679533052581593,29,30,29,29
1680679533054272723,29,30,29,29
1680679533056016159,29,30,29,29
1680679533057710099,29,30,29,29
1680679533059396515,29,30,29,29
1680679533061149779,29,30,29,29
1680679533062837772,29,30,29,29
1680679533064526175,29,30,29,29
1680679533066211330,29,30,29,29
1680679533067889998,29,30,29,29
1680679533069567029,29,30,29,29
1680679533071258018,29,30,29,29
1680679533073027264,29,30,29,29
1680679533074708692,29,30,29,29
1680679533076369640,29,30,29,29
1680679533078031214,29,30,29,29
1680679533079698873,29,30,29,29
1680679533081484870,29,30,29,29
1680679533083153592,29,30,29,29
1680679533084820013,29,30,29,29
1680679533086496020,29,30,29,29
1680679533088205038,29,30,29,29
1680679533089938992,29,30,29,29
1680679533091657392,29,30,29,29
1680679533093359620,29,30,29,29
1680679533095088441,29,30,29,29
1680679533096788534,29,30,29,29
1680679533098467843,29,30,29,29
1680679533100150430,29,30,29,29
1680679533101995097,29,30,29,29
1680679533103681236,29,30,29,29
1680679533105363928,29,30,29,29
1680679533107040445,29,30,29,29
1680679533108727287,29,30,29,29
1680679533110414439,29,30,29,29
1680679533112103502,29,30,29,29
1680679533113794193,29,30,29,29
1680679533115492307,29,30,29,29
1680679533117180375,29,30,29,29
1680679533118856383,29,30,29,29
1680679533120539063,29,30,29,29
1680679533122313508,29,30,29,29
1680679533124000517,29,30,29,29
1680679533125684640,29,30,29,29
1680679533127372460,29,30,29,29
1680679533129057951,29,30,29,29
1680679533130743984,29,30,29,29
1680679533132426544,29,30,29,29
1680679533134123928,29,30,29,29
1680679533135878575,29,30,29,29
1680679533137577476,29,30,29,29
1680679533139271129,29,30,29,29
1680679533141039714,29,30,29,29
1680679533142726700,29,30,29,29
1680679533144413528,29,30,29,29
1680679533146207635,29,30,29,29
1680679533147892012,29,30,29,29
1680679533149577625,29,30,29,29
1680679533151256545,29,30,29,29
1680679533152939062,29,30,29,29
1680679533154621137,29,30,29,29
1680679533156362873,29,30,29,29
1680679533158071873,29,30,29,29
1680679533159820101,29,30,29,29
1680679533161587524,29,30,29,29
1680679533163274302,29,30,29,29
1680679533164958778,29,30,29,29
1680679533166642986,29,30,29,29
1680679533168337189,29,30,29,29
1680679533170020729,29,30,29,29
1680679533171712278,29,30,29,29
1680679533173395885,29,30,29,29
1680679533175107162,29,30,29,29
1680679533176850060,29,30,29,29
1680679533178528825,29,30,29,29
1680679533180209402,29,30,29,29
1680679533182056262,29,30,29,29
1680679533183749606,29,30,29,29
1680679533185433196,29,30,29,29
1680679533187116428,29,30,29,29
1680679533188803093,29,30,29,29
1680679533190488884,29,30,29,29
1680679533192178901,29,30,30,29
1680679533193866767,29,30,30,29
1680679533195649915,29,30,30,29
1680679533197335234,29,30,30,29
1680679533199028313,29,30,30,29
1680679533200700769,29,30,30,29
1680679533202439961,29,30,30,29
1680679533204106475,29,30,30,29
1680679533205782493,29,30,30,29
1680679533207446621,29,30,30,29
1680679533209119270,29,30,30,29
1680679533210825952,29,30,30,29
1680679533212515944,29,30,30,29
1680679533214211084,29,30,30,29
1680679533215968233,29,30,30,29
1680679533217657109,29,30,30,29
1680679533219334655,29,30,30,29
1680679533221149199,29,30,30,29
1680679533222849362,29,30,30,29
1680679533224553946,29,30,30,29
1680679533226267134,29,30,30,29
1680679533227976734,29,30,30,29
1680679533229707957,29,30,30,29
1680679533231412005,29,30,30,29
1680679533233096477,29,30,30,29
1680679533234777667,29,30,30,29
1680679533236515900,29,30,30,29
1680679533238208831,29,30,30,29
1680679533239898153,29,30,30,29
1680679533241684271,29,30,30,29
1680679533243375953,29,30,30,29
1680679533245059367,29,30,30,29
1680679533246742436,29,30,30,29
1680679533248433706,29,30,30,29
1680679533250127697,29,30,30,29
1680679533251812166,29,30,30,29
1680679533253504771,29,30,30,29
1680679533255185469,29,30,30,29
1680679533256867693,29,30,30,29
1680679533258543891,29,30,30,29
1680679533260225030,29,30,30,29
1680679533262020497,29,30,30,29
1680679533263705564,29,30,30,29
1680679533265392631,29,30,30,29
1680679533267078452,29,30,30,29
1680679533268726386,29,30,30,29
1680679533270412491,29,30,30,29
1680679533272103865,29,30,30,29
1680679533273820671,29,30,30,29
1680679533275545698,29,29,30,29
1680679533277234222,29,29,30,29
1680679533278907136,29,29,30,29
1680679533280597262,29,29,30,29
1680679533282386546,29,29,30,29
1680679533284067090,29,29,30,29
1680679533285748639,29,29,30,29
1680679533287428345,29,29,30,29
1680679533289108190,29,29,30,29
1680679533290787809,29,29,30,29
1680679533292469780,29,29,30,29
1680679533294210300,29,29,30,29
1680679533295919504,29,29,30,29
1680679533297605609,29,29,30,29
1680679533299287274,29,29,30,29
1680679533300980205,29,29,30,29
1680679533302731832,29,29,30,29
1680679533304397462,29,29,30,29
1680679533306078588,29,29,30,29
1680679533307744866,29,29,30,29
1680679533309413233,29,29,30,29
1680679533311081287,29,29,30,29
1680679533312728209,29,29,30,29
1680679533314444200,29,29,30,29
1680679533316181620,29,29,30,29
1680679533317900615,29,29,30,29
1680679533319659185,29,29,30,29
1680679533321456240,29,29,30,29
1680679533323167793,29,29,30,29
1680679533324864859,29,29,30,29
1680679533326568810,29,29,30,29
1680679533328319357,29,29,30,29
1680679533330029506,29,29,30,29
1680679533331737635,29,29,30,29
1680679533333446246,29,29,30,29
1680679533335154717,29,29,30,29
1680679533336887762,29,29,30,29
1680679533338540326,29,29,30,29
1680679533340208376,29,29,30,29
1680679533342068501,29,29,30,29
1680679533343741620,29,29,30,29
1680679533345400838,29,29,30,29
1680679533347083276,29,29,30,29
1680679533348724767,29,29,30,29
1680679533350403357,29,29,30,29
1680679533352086929,29,29,30,29
1680679533353773360,29,29,30,29
1680679533355462046,29,29,30,29
1680679533357171003,29,29,30,29
1680679533358864586,29,29,29,29
1680679533360571799,29,29,29,29
1680679533362573946,29,29,29,29
1680679533364278217,30,29,29,29
1680679533365993185,30,29,29,29
1680679533367686441,30,29,29,29
1680679533369347544,30,29,29,29
1680679533371000519,30,29,29,29
1680679533372680423,30,29,29,29
1680679533374426387,30,29,29,29
1680679533376106870,30,29,29,29
1680679533377809963,30,29,29,29
1680679533379497541,30,29,29,29
1680679533381212998,30,29,29,29
1680679533382941120,30,29,29,29
1680679533384634740,30,29,29,29
1680679533386330503,30,29,29,29
1680679533388020217,30,29,29,29
1680679533389694099,30,29,29,29
1680679533391373245,30,29,29,29
1680679533393108921,30,29,29,29
1680679533394781747,30,29,29,29
1680679533396536845,30,29,29,29
1680679533398255879,30,29,29,29
1680679533399998516,30,29,29,29
1680679533401768419,30,29,29,29
1680679533403462721,30,29,29,29
1680679533405147769,30,29,29,29
1680679533406831104,30,29,29,29
1680679533408513721,30,29,29,29
1680679533410195414,30,29,29,29
1680679533411888240,30,29,29,29
1680679533413636485,30,29,29,29
1680679533415325622,30,29,29,29
1680679533417052336,30,29,29,29
1680679533418735508,30,29,29,29
1680679533420405067,30,29,29,29
1680679533422188318,30,29,29,29
1680679533423854730,30,29,29,29
1680679533425570884,30,29,29,29
1680679533427242709,30,29,29,29
1680679533428916191,30,29,29,29
1680679533430615562,30,29,29,29
1680679533432327140,30,29,29,29
1680679533434038115,30,29,29,29
1680679533435747160,30,29,29,29
1680679533437451843,30,29,29,29
1680679533439209447,30,29,29,29
1680679533440920060,30,29,29,29
1680679533442691671,30,29,29,29
1680679533444382689,30,29,29,29
1680679533446081324,30,29,29,29
1680679533447768896,30,29,29,29
1680679533449452210,30,29,29,29
1680679533451132650,30,29,29,29
1680679533452815983,30,29,29,29
1680679533454497717,30,29,29,29
1680679533456193332,30,29,29,29
1680679533457887731,30,29,29,29
1680679533459580180,30,29,29,29
1680679533461264656,30,29,29,29
1680679533462969369,30,29,29,29
1680679533464656888,30,29,29,29
1680679533466346637,30,29,29,29
1680679533468035404,30,29,29,29
1680679533469726911,30,29,29,29
1680679533471495912,30,29,29,29
1680679533473181182,30,29,29,29
1680679533474865361,30,29,29,29
1680679533476606464,30,29,29,29
1680679533478294307,30,29,29,29
1680679533479977355,30,29,29,29
1680679533481716960,30,29,29,29
1680679533483400643,30,29,29,29
1680679533485086403,30,29,29,29
1680679533486767240,30,29,29,29
1680679533488455011,30,29,29,29
1680679533490153471,30,29,29,29
1680679533491854008,30,29,29,29
1680679533493571575,30,29,29,29
1680679533495256470,30,29,29,29
1680679533496973452,30,29,29,29
1680679533498657204,30,29,29,29
1680679533500332544,30,29,29,29
1680679533502163224,30,29,29,29
1680679533503843529,30,29,29,29
1680679533505525481,30,29,29,29
1680679533507238894,30,29,29,29
1680679533508916789,30,29,29,29
1680679533510599223,30,29,29,29
1680679533512283020,30,29,29,29
1680679533513976576,30,29,29,29
1680679533515663693,30,29,29,29
1680679533517350279,30,29,29,29
1680679533519036919,30,29,29,29
1680679533520728222,30,29,29,29
1680679533522553119,30,29,29,29
1680679533524245799,30,29,29,29
1680679533526000176,30,29,29,29
1680679533527696827,30,29,29,29
1680679533529385029,30,29,29,29
1680679533531066500,30,29,29,29
1680679533532975406,29,29,29,29
1680679533534666401,29,29,29,29
1680679533536363295,29,29,29,29
1680679533538054858,29,29,29,29
1680679533539899298,29,29,29,29
1680679533541645166,29,29,29,29
1680679533543372060,29,29,29,29
1680679533545160721,29,29,29,29
1680679533546846300,29,29,29,29
1680679533548523266,29,29,29,29
1680679533550215651,29,29,29,29
1680679533552130364,29,29,29,29
1680679533553832831,29,29,29,29
1680679533555512506,29,29,29,29
1680679533557241763,29,29,29,29
1680679533559135383,29,29,29,29
1680679533560815674,29,29,29,29
1680679533562633872,29,29,29,29
1680679533564322989,29,29,29,29
1680679533566008946,29,29,29,29
1680679533567690029,29,29,29,29
1680679533569370410,29,29,29,29
1680679533571050467,29,29,29,29
1680679533572727550,29,29,29,29
1680679533574408724,29,29,29,29
1680679533576182038,29,29,29,29
1680679533578036285,29,29,29,29
1680679533579725136,29,29,29,29
1680679533581410587,29,29,29,29
1680679533583166364,29,29,29,29
1680679533584846176,29,29,29,29
1680679533586526535,29,29,29,29
1680679533588206121,29,29,29,29
1680679533589928326,29,29,29,29
1680679533591611532,29,29,29,29
1680679533593429252,29,29,29,29
1680679533595108452,29,29,29,29
1680679533596779558,29,29,29,29
1680679533598442078,29,29,29,29
1680679533600106222,29,29,29,29
1680679533601837282,29,29,29,29
1680679533603558043,29,29,29,29
1680679533605841070,29,29,29,29
1680679533607731963,29,29,29,29
1680679533609665849,29,30,29,29
1680679533611557076,29,30,29,29
1680679533613438790,29,30,29,29
1680679533615328544,29,30,29,29
1680679533617246315,29,30,29,29
1680679533619582242,29,30,29,29
1680679533621442065,29,30,29,29
1680679533623404898,29,30,29,29
1680679533625260564,29,30,29,29
1680679533627127216,29,30,29,29
1680679533628983004,29,30,29,29
1680679533630846955,29,30,29,29
1680679533632722495,29,30,29,29
1680679533634882946,29,30,29,29
1680679533636776792,29,30,29,29
1680679533638639018,29,30,29,29
1680679533640508147,29,30,29,29
1680679533642458060,29,30,29,29
1680679533644456706,29,30,29,29
1680679533646330143,29,30,29,29
1680679533648182772,29,30,29,29
1680679533650167924,29,30,29,29
1680679533652037800,29,30,29,29
1680679533653853363,29,30,29,29
1680679533655688204,29,30,29,29
1680679533657528348,29,30,29,29
1680679533659388155,29,30,29,29
1680679533661272401,29,30,29,29
1680679533663276139,29,30,29,29
1680679533665491618,29,30,29,29
1680679533667985620,29,30,29,29
1680679533670024205,29,30,29,29
1680679533672405049,29,30,30,29
1680679533738544884,29,30,30,30
1680679533805799356,29,30,30,30
1680679533808082036,29,30,30,30
1680679533809977964,29,30,30,30
1680679533811889384,29,30,30,30
1680679533813810437,29,30,30,30
1680679533815715145,29,30,30,30
1680679533817422407,29,30,30,30
1680679533819059298,29,30,30,30
1680679533820694934,29,30,30,30
1680679533822343641,29,30,30,30
1680679533824004279,29,30,30,30
1680679533825646190,29,30,30,30
1680679533827332705,29,30,30,30
1680679533829040316,29,30,30,30
1680679533830724941,29,30,30,30
1680679533832404566,29,30,30,30
1680679533834092959,29,30,30,30
1680679533835774807,29,30,30,30
1680679533837511517,29,30,30,30
1680679533839220867,29,30,30,30
1680679533840928250,29,30,30,30
1680679533842689504,29,30,30,30
1680679533844408942,29,30,30,30
1680679533846121667,29,30,30,30
1680679533847825155,29,30,30,30
1680679533849517051,29,30,30,30
1680679533851201623,29,30,30,30
1680679533852890245,29,30,30,30
1680679533854574342,29,30,30,30
1680679533856265538,29,30,30,30
1680679533858008801,29,30,30,30
1680679533859690309,29,30,30,30
1680679533861381521,29,30,29,30
1680679533863170370,29,30,29,30
1680679533864861669,29,30,29,30
1680679533866547495,30,30,29,30
1680679533868228684,30,30,29,30
1680679533869916326,30,30,29,30
1680679533871603042,30,30,29,30
1680679533873288731,30,30,29,30
1680679533874972425,30,30,29,30
1680679533876668125,30,30,29,30
1680679533878361897,30,30,29,30
1680679533880043761,30,30,29,30
1680679533881734324,30,30,29,30
1680679533883473307,30,30,29,30
1680679533885157332,30,30,29,30
1680679533886835952,30,30,29,30
1680679533888514652,30,30,29,30
1680679533890216818,30,30,29,30
1680679533891895935,30,30,29,30
1680679533893575168,30,30,29,30
1680679533895257708,30,30,29,30
1680679533896972867,30,30,29,30
1680679533898653204,30,30,29,30
1680679533900338627,30,30,29,30
1680679533902023770,30,30,29,30
1680679533903758585,30,30,29,30
1680679533905442959,30,30,29,30
1680679533907128236,30,30,29,30
1680679533908813703,30,30,29,30
1680679533910499852,30,30,29,30
1680679533912185972,30,30,29,30
1680679533913884417,30,30,29,30
1680679533915576143,30,30,29,30
1680679533917302203,30,30,29,30
1680679533919010400,30,30,29,30
1680679533920691444,30,30,29,30
1680679533922524846,30,30,29,30
1680679533924280191,30,30,29,29
1680679533925951603,30,30,29,29
1680679533927630615,30,30,29,29
1680679533929435497,30,30,29,29
1680679533931121044,30,30,29,29
1680679533932804953,30,30,29,29
1680679533934484861,30,30,29,29
1680679533936167913,30,30,29,29
1680679533937877846,30,30,29,29
1680679533939560123,30,30,29,29
1680679533941260454,30,30,29,29
1680679533943032764,30,30,29,29
1680679533944727864,30,30,29,29
1680679533946431503,30,30,29,29
1680679533948142758,30,30,29,29
1680679533949864393,30,30,29,29
1680679533951570470,30,30,29,29
1680679533953251719,30,30,29,29
1680679533954929359,30,30,29,29
1680679533956681870,30,30,29,29
1680679533958399682,30,30,29,29
1680679533960093604,30,30,29,29
1680679533961779233,30,30,29,29
1680679533963518227,30,30,29,29
1680679533965207876,30,30,29,29
1680679533966894298,30,30,29,29
1680679533968576203,30,30,29,29
1680679533970268095,30,30,29,29
1680679533971954402,30,30,29,29
1680679533973646605,30,30,29,29
1680679533975326330,30,30,29,29
1680679533977026993,30,30,29,29
1680679533978777502,30,30,29,29
1680679533980461842,30,30,29,29
1680679533982271947,30,30,29,29
1680679533984213626,30,30,29,29
1680679533985919339,30,30,29,29
1680679533987606957,30,30,29,29
1680679533989298174,30,30,29,29
1680679533990985535,30,30,29,29
1680679533992699268,30,30,29,29
1680679533994449561,30,30,29,29
1680679533996124021,30,30,29,29
1680679533997833627,30,30,29,29
1680679533999503975,30,30,29,29
1680679534001172964,30,30,29,29
1680679534002952399,30,30,29,29
1680679534004638385,30,30,29,29
1680679534006312319,30,30,29,29
1680679534007979320,30,30,29,29
1680679534009641550,30,30,29,29
1680679534011307895,30,30,29,29
1680679534012970758,30,30,29,29
1680679534014674167,30,30,29,29
1680679534016416190,30,30,29,29
1680679534018172750,30,30,29,29
1680679534019879696,30,30,29,29
1680679534021587127,30,30,29,29
1680679534023462796,30,30,29,29
1680679534025175878,30,30,29,29
1680679534026892339,30,30,29,29
1680679534028582903,30,30,30,29
1680679534030285138,30,30,30,29
1680679534031976901,30,30,30,29
1680679534033733960,30,30,30,29
1680679534035416439,30,30,30,29
1680679534037117005,30,30,30,29
1680679534038803936,30,30,30,29
1680679534040486083,30,30,30,29
1680679534042171621,30,30,30,29
1680679534043912360,30,30,30,29
1680679534045599599,30,30,30,29
1680679534047277173,30,30,30,29
1680679534049012178,30,30,30,29
1680679534050687689,30,30,30,29
1680679534052368610,30,30,30,29
1680679534054058967,30,30,30,29
1680679534055755446,30,30,30,29
1680679534057448108,30,30,30,29
1680679534059160745,30,30,30,29
1680679534060835913,30,30,30,29
1680679534062541589,30,30,30,29
1680679534064327060,30,30,30,29
1680679534066018879,30,30,30,29
1680679534067703710,30,30,30,29
1680679534069388751,30,30,30,29
1680679534071068616,30,30,30,29
1680679534072806225,30,30,30,29
1680679534074485036,30,30,30,29
1680679534076168664,30,30,30,29
1680679534077892050,30,30,30,29
1680679534079580875,30,30,30,29
1680679534081263226,30,30,30,29
1680679534082968466,30,30,30,29
1680679534084710172,30,30,30,29
1680679534086487523,30,30,30,29
1680679534088173536,30,30,30,29
1680679534089861326,30,30,30,29
1680679534091546911,30,30,30,30
1680679534093260950,30,30,30,30
1680679534094939253,30,30,30,30
1680679534096623652,30,30,30,30
1680679534098366498,30,30,30,30
1680679534100059693,30,30,30,30
1680679534101743360,30,30,30,30
1680679534103576575,30,30,30,30
1680679534105263326,30,30,30,30
1680679534106934355,30,30,30,30
1680679534108597665,30,30,30,30
1680679534110261998,30,30,30,30
1680679534111927136,30,29,30,30
1680679534113595009,30,29,30,30
1680679534115262377,30,29,30,30
1680679534116923914,30,29,30,30
1680679534118692894,30,29,30,30
1680679534120406679,30,29,30,30
1680679534122120721,30,29,30,30
1680679534123961052,30,29,30,30
1680679534125671693,30,29,30,30
1680679534127375495,30,29,30,30
1680679534129075586,30,29,30,30
1680679534130763660,30,29,30,30
1680679534132444578,30,29,30,30
1680679534134170973,30,29,30,30
1680679534135943820,30,29,30,30
1680679534137652029,30,29,30,30
1680679534139332945,30,29,30,30
1680679534141011860,30,29,30,30
1680679534142793585,30,29,30,30
1680679534144554438,30,29,30,30
1680679534146244532,30,29,30,30
1680679534147928579,30,29,30,30
1680679534149606262,30,29,30,30
1680679534151284756,30,29,30,30
1680679534152960845,30,29,30,30
1680679534154635479,30,29,30,30
1680679534156314906,30,29,30,30
1680679534158009114,30,29,30,30
1680679534159700375,30,29,30,30
1680679534161429320,30,29,30,30
1680679534163126764,30,29,30,30
1680679534164839141,30,29,30,30
1680679534166567031,30,29,30,30
1680679534168253660,30,29,30,30
1680679534169944026,30,29,30,30
1680679534171631396,30,29,30,30
1680679534173341753,30,29,30,30
1680679534175109905,30,29,30,30
1680679534176883520,30,29,30,30
1680679534178629994,30,29,30,30
1680679534180319762,30,29,30,30
1680679534182007655,30,29,30,30
1680679534183817991,30,29,30,30
1680679534185513811,30,29,30,30
1680679534187201355,30,29,30,30
1680679534188965158,30,29,30,30
1680679534190641159,30,29,30,30
1680679534192320635,30,29,30,30
1680679534194005978,30,29,30,30
1680679534195690106,30,29,30,30
1680679534197377689,30,29,30,30
1680679534199058543,30,29,30,30
1680679534200727858,29,29,30,30
1680679534202425846,29,29,30,30
1680679534204241372,29,29,30,30
1680679534205949775,29,29,30,30
1680679534207655065,29,29,30,30
1680679534209358543,29,29,30,30
1680679534211068113,29,29,30,30
1680679534212726508,29,29,30,30
1680679534214405683,29,29,30,30
1680679534216083832,29,29,30,30
1680679534217792109,29,29,30,30
1680679534219474975,29,29,30,30
1680679534221153220,29,29,30,30
1680679534222830831,29,29,30,30
1680679534224604334,29,29,30,30
1680679534226294408,29,29,30,30
1680679534227977925,29,29,30,30
1680679534229663076,29,29,30,30
1680679534231348088,29,29,30,30
1680679534233032356,29,29,30,30
1680679534234715964,29,29,30,30
1680679534236403690,29,29,30,30
1680679534238123112,29,29,30,30
1680679534239809479,29,29,30,30
1680679534241585957,29,29,30,30
1680679534243327517,29,29,30,30
1680679534245035041,29,29,30,30
1680679534246726675,29,29,30,30
1680679534248415152,29,29,30,30
1680679534250102865,29,29,30,30
1680679534251783688,29,29,30,30
1680679534253462291,29,29,30,30
1680679534255137030,29,29,30,30
1680679534256811376,29,29,30,30
1680679534258522193,29,29,30,29
1680679534260205539,29,29,30,29
1680679534261912893,29,29,30,29
1680679534263663241,29,29,30,29
1680679534265401238,29,29,30,29
1680679534267081954,29,29,30,29
1680679534268731872,29,29,30,29
1680679534270411982,29,29,30,29
1680679534272097131,29,29,30,29
1680679534273792397,29,29,30,29
1680679534275477553,29,29,30,29
1680679534277159370,29,29,30,29
1680679534278922779,29,30,30,29
1680679534280612382,29,30,30,29
1680679534282313278,29,30,30,29
1680679534284045195,29,30,30,29
1680679534285735184,29,30,30,29
1680679534287425656,29,30,30,29
1680679534289114907,29,30,30,29
1680679534290801255,29,30,30,29
1680679534292569281,29,30,30,29
1680679534294267751,29,30,30,29
1680679534295962215,29,30,30,29
1680679534297644756,29,30,30,29
1680679534299327846,29,30,30,29
1680679534301006782,29,30,30,29
1680679534302686509,29,30,30,29
1680679534304521855,29,30,30,29
1680679534306193634,29,30,30,29
1680679534307858755,29,30,30,29
1680679534309517535,29,30,30,29
1680679534311182099,29,30,30,29
1680679534312845854,29,30,30,29
1680679534314561227,29,30,30,29
1680679534316264856,29,30,30,29
1680679534318005657,29,30,30,29
1680679534319713006,29,30,30,29
1680679534321414180,29,30,30,29
1680679534323171368,29,30,30,29
1680679534324931646,29,30,30,29
1680679534326626186,29,30,30,29
1680679534328302727,29,30,30,29
1680679534329994671,29,30,30,29
1680679534331676058,29,30,30,29
1680679534333356502,29,30,30,29
1680679534335034427,29,30,30,29
1680679534336722917,29,30,30,29
1680679534338461340,29,30,30,29
1680679534340150055,29,30,30,29
1680679534341849334,29,30,30,29
1680679534343552632,29,30,30,29
1680679534345310138,29,30,30,29
1680679534346999440,29,30,30,29
1680679534348693069,29,30,30,29
1680679534350385280,29,30,30,29
1680679534352081720,29,30,30,29
1680679534353854097,29,30,30,29
1680679534355543538,29,30,30,29
1680679534357231927,29,30,30,29
1680679534358963545,29,30,30,29
1680679534360647972,29,30,30,29
1680679534362334493,29,30,30,29
1680679534364196208,29,30,30,29
1680679534365887179,29,30,30,29
1680679534367564736,29,30,30,29
1680679534369249398,29,30,30,29
1680679534370934161,29,30,30,29
1680679534372612843,29,30,30,29
1680679534374307928,29,30,30,29
1680679534375995888,29,30,30,29
1680679534377686310,29,30,30,29
1680679534379493116,29,30,30,29
1680679534381193800,29,30,30,29
1680679534382874564,29,30,30,29
1680679534384636396,29,30,30,29
1680679534386322370,29,30,30,29
1680679534388008310,29,30,30,29
1680679534389685556,29,30,30,29
1680679534391372213,29,30,30,29
1680679534393053813,29,30,30,29
1680679534394736771,29,30,30,29
1680679534396418878,29,30,30,29
1680679534398130369,29,30,30,29
1680679534399895437,29,30,30,29
1680679534401585652,29,30,30,29
1680679534403319554,29,30,30,29
1680679534405052926,29,30,30,29
1680679534406730957,29,30,30,29
1680679534408501313,29,30,30,29
1680679534410169312,29,30,30,29
1680679534411836050,29,30,30,29
1680679534413500742,29,30,30,29
1680679534415168401,29,30,30,29
1680679534416831927,29,30,30,29
1680679534418552150,29,30,30,29
1680679534420261431,29,30,30,29
1680679534421971951,29,30,30,29
1680679534423698738,29,30,30,29
1680679534425531218,29,30,30,29
1680679534427228738,29,30,30,29
1680679534428926401,29,30,30,29
1680679534430617420,29,30,30,29
1680679534432291820,29,30,30,29
1680679534433980168,29,30,30,29
1680679534435663684,29,30,30,29
1680679534437352617,29,30,30,29
1680679534439045718,29,30,30,29
1680679534440726096,29,30,30,29
1680679534442420876,29,30,30,29
1680679534444240901,29,30,30,29
1680679534445983389,29,29,30,29
1680679534447669635,29,29,30,29
1680679534449360760,29,29,30,29
1680679534451050918,29,29,30,29
1680679534452727166,29,29,30,29
1680679534454475068,29,29,30,29
1680679534456159820,29,29,30,29
1680679534457851720,29,29,30,29
1680679534459584917,29,29,30,29
1680679534461273316,29,29,30,29
1680679534462960419,29,29,30,29
1680679534464817708,29,29,30,29
1680679534466504230,29,29,30,29
1680679534468196405,29,29,30,29
1680679534469880956,29,29,30,29
1680679534471566539,29,29,30,29
1680679534473245833,29,29,30,29
1680679534474927740,29,29,30,29
1680679534476621584,29,29,30,29
1680679534478395101,29,29,30,29
1680679534480076481,29,29,30,29
1680679534481754341,29,29,30,29
1680679534483475959,29,29,30,29
1680679534485300282,29,29,30,29
1680679534486975392,29,29,30,29
1680679534488657436,29,29,30,29
1680679534490343922,29,29,30,29
1680679534492024487,29,29,30,29
1680679534493772233,29,29,30,29
1680679534495553520,29,29,30,29
1680679534497237424,29,29,30,29
1680679534499023045,29,29,30,29
1680679534500722005,29,29,30,29
1680679534502402469,29,29,30,29
1680679534504189021,29,29,30,29
1680679534505884046,29,29,30,29
1680679534507567086,29,29,30,29
1680679534509254950,29,29,30,29
1680679534510941181,29,29,30,29
1680679534512626485,29,29,30,29
1680679534514320311,29,29,30,29
1680679534515998494,29,29,30,29
1680679534517671980,29,29,30,29
1680679534519404506,29,29,30,29
1680679534521085696,29,29,30,29
1680679534522764422,29,29,30,29
1680679534524574306,29,29,30,29
1680679534526290277,29,29,30,29
1680679534528024956,29,29,30,29
1680679534529717479,29,29,30,29
1680679534531404962,29,29,30,29
1680679534533094892,29,29,30,29
1680679534534783530,29,29,30,29
1680679534536477032,29,29,30,29
1680679534538157686,29,29,30,29
1680679534539897305,29,29,30,29
1680679534541578135,29,29,30,29
1680679534543256959,29,29,30,29
1680679534544980460,29,29,30,29
1680679534546653689,29,29,30,29
1680679534548333425,29,29,30,29
1680679534550011339,29,29,30,29
1680679534551706119,29,29,30,29
1680679534553393719,29,29,30,29
1680679534555080200,29,29,30,29
1680679534556725784,29,29,30,29
1680679534558415154,29,29,30,29
1680679534560105692,29,29,30,29
1680679534561809868,29,29,30,29
1680679534563515189,29,29,30,29
1680679534565277417,29,29,30,29
1680679534566959485,29,29,30,29
1680679534568635634,29,29,30,29
1680679534570325210,29,29,30,29
1680679534572007159,29,29,30,29
1680679534573683206,29,29,30,29
1680679534575364326,29,29,30,29
1680679534577043564,29,29,30,29
1680679534578746015,29,29,30,29
1680679534580435594,29,29,30,29
1680679534582188755,29,29,30,29
1680679534583879028,29,29,30,29
1680679534585665829,29,29,30,29
1680679534587353041,29,29,30,29
1680679534589036209,29,29,30,29
1680679534590714783,29,29,30,29
1680679534592396197,29,29,30,29
1680679534594103328,29,29,30,29
1680679534595784505,29,29,30,29
1680679534597465304,29,29,30,29
1680679534599162924,29,29,30,29
1680679534600851810,29,29,30,29
1680679534602537315,29,29,30,29
1680679534604484067,29,29,30,29
1680679534606177698,29,29,30,29
1680679534607855032,29,29,30,29
1680679534609543803,29,29,30,29
1680679534611225998,29,29,30,29
1680679534612918766,29,29,30,29
1680679534614602395,29,29,30,29
1680679534616286137,29,29,30,29
1680679534617980891,29,29,30,29
1680679534619689977,29,29,30,29
1680679534621376761,29,29,30,29
1680679534623052375,29,29,30,29
1680679534624935925,29,29,30,29
1680679534626623496,29,29,30,29
1680679534628363514,29,29,30,29
1680679534630077658,29,29,30,29
1680679534631762552,29,29,30,29
1680679534633503542,29,29,30,29
1680679534635188193,29,29,30,29
1680679534636879138,29,29,30,29
1680679534638565555,29,29,30,29
1680679534640304388,29,29,30,29
1680679534642003711,29,29,30,29
1680679534643774709,29,29,30,29
1680679534645538420,29,29,30,29
1680679534647218903,29,29,30,29
1680679534648899471,29,29,30,29
1680679534650571605,29,29,30,29
1680679534652251359,29,29,30,29
1680679534653938620,29,29,30,29
1680679534655632796,29,29,30,29
1680679534657316304,29,29,30,29
1680679534659015159,29,29,30,29
1680679534660703836,29,29,30,29
1680679534662395161,29,29,30,29
1680679534664097524,29,29,30,29
1680679534665848407,29,29,30,29
1680679534667539005,29,29,30,29
1680679534669228251,29,29,30,29
1680679534670907392,29,29,30,29
1680679534672592320,29,29,30,29
1680679534674345719,29,29,30,29
1680679534676032842,29,29,30,29
1680679534677713436,29,29,30,29
1680679534679418539,29,29,30,29
1680679534681103624,29,29,30,29
1680679534682789449,29,29,30,29
1680679534684576021,29,29,30,29
1680679534686323384,29,29,30,29
1680679534688006833,29,29,30,29
1680679534689691018,29,29,30,29
1680679534691375446,29,29,30,29
1680679534693065280,29,29,30,29
1680679534694744954,29,29,30,29
1680679534696410637,29,29,30,29
1680679534698078518,29,29,30,29
1680679534699809145,29,29,30,29
1680679534701470515,29,29,30,29
1680679534703135546,29,29,30,29
1680679534704946122,29,29,30,29
1680679534706643273,29,29,30,29
1680679534708351951,29,29,30,29
1680679534710076756,29,29,30,29
1680679534711857852,29,29,30,29
1680679534713564623,29,29,30,29
1680679534715271383,29,29,30,29
1680679534716972217,29,29,30,29
1680679534718663514,29,29,30,29
1680679534720348281,29,29,30,29
1680679534722034294,29,29,30,29
1680679534723717951,29,29,30,29
1680679534725544151,29,29,30,29
1680679534727239636,29,29,30,29
1680679534728923687,29,29,30,29
1680679534730606363,29,29,30,29
1680679534732286994,29,29,30,29
1680679534733976745,29,29,30,29
1680679534735662518,29,29,30,29
1680679534737354053,29,29,30,29
1680679534739129465,29,29,30,29
1680679534740812653,29,29,30,29
1680679534742495273,29,29,30,29
1680679534744200787,29,29,30,29
1680679534745999383,29,29,30,29
1680679534747692104,29,29,30,29
1680679534749380318,29,29,30,29
1680679534751067006,29,29,30,29
1680679534752727332,29,29,30,29
1680679534754409699,29,29,30,29
1680679534756099627,29,29,30,29
1680679534757793328,29,29,30,29
1680679534759552599,29,29,30,29
1680679534761237870,29,29,30,29
1680679534762912862,29,29,30,29
1680679534764629879,29,29,30,29
1680679534766316727,29,29,30,29
1680679534767994432,29,29,30,29
1680679534769681998,29,29,30,29
1680679534771370340,29,29,30,29
1680679534773059049,29,29,30,29
1680679534774742605,29,29,30,29
1680679534776435661,29,29,30,29
1680679534778206045,29,29,30,29
1680679534780112275,29,29,30,29
1680679534781888423,29,29,30,29
1680679534783579463,29,29,30,29
1680679534785312659,29,29,30,29
1680679534786995755,29,29,30,29
1680679534788726599,29,29,30,29
1680679534790393822,29,29,30,29
1680679534792065310,29,29,30,29
1680679534793739960,29,29,30,29
1680679534795407894,29,29,30,29
1680679534797070033,29,29,30,29
1680679534798730079,29,29,30,29
1680679534800424149,29,29,30,29
1680679534802194785,29,29,30,29
1680679534803861355,29,29,30,29
1680679534805674752,29,29,30,29
1680679534807341081,29,29,30,29
1680679534809006846,29,29,30,29
1680679534810716271,29,29,30,29
1680679534812423734,29,29,30,29
1680679534814140379,29,29,30,29
1680679534815848007,29,29,30,29
1680679534817553620,29,29,30,29
1680679534819314948,29,29,30,29
1680679534821025010,29,29,30,29
1680679534822706735,29,29,30,29
1680679534824487277,29,29,30,29
1680679534826541584,29,29,30,29
1680679534828462554,29,29,30,29
1680679534830407637,29,29,30,29
1680679534832397727,29,29,30,29
1680679534834538576,29,29,30,29
1680679534836274474,29,29,30,29
1680679534837920955,29,29,30,29
1680679534839599933,29,29,30,29
1680679534841250366,29,29,30,29
1680679534842885972,29,29,30,29
1680679534844558062,29,29,30,29
1680679534846571466,29,29,30,29
1680679534848262692,29,29,30,29
1680679534849949661,29,29,30,29
1680679534851634872,29,29,30,29
1680679534853527229,29,29,30,29
1680679534855303796,29,29,30,29
1680679534856985823,29,29,30,29
1680679534858667267,29,29,30,29
1680679534860605065,29,29,30,29
1680679534862297643,29,29,30,29
1680679534863985693,29,29,30,29
1680679534865737920,29,29,30,29
1680679534867418938,29,29,30,29
1680679534869099820,29,29,30,29
1680679534870784525,29,29,30,29
1680679534872464349,29,29,30,29
1680679534874154442,29,29,30,29
1680679534875834516,29,29,30,29
1680679534877515261,29,29,30,29
1680679534879197236,29,29,30,29
1680679534880878973,29,29,30,29
1680679534882559182,29,29,30,29
1680679534884266272,29,29,30,29
1680679534886018709,29,29,30,29
1680679534887709458,29,29,30,29
1680679534889397815,29,29,30,29
1680679534891075965,29,29,30,29
1680679534892730886,29,29,30,29
1680679534894471502,29,29,30,29
1680679534896185010,29,29,30,29
1680679534897880216,29,29,30,29
1680679534899589053,29,29,30,29
1680679534901271545,29,29,30,29
1680679534902951055,29,29,30,29
1680679534904727979,29,29,30,29
1680679534906444992,29,29,30,29
1680679534908136289,29,29,30,29
1680679534909827832,29,29,30,29
1680679534911789068,29,29,30,29
1680679534913666508,29,29,30,29
1680679534915519576,29,29,30,29
1680679534917403911,29,29,30,29
1680679534919231881,29,29,30,29
1680679534921072666,29,29,30,29
1680679534922933061,29,29,30,29
1680679534925085350,29,29,30,29
1680679534926952332,29,29,30,29
1680679534928968371,29,29,30,29
1680679534930881401,29,29,30,29
1680679534932780689,29,29,30,29
1680679534934692331,29,29,30,29
1680679534936591812,29,29,30,29
1680679534938509866,29,29,30,29
1680679534941069484,29,29,30,29
1680679534942951440,29,29,30,29
1680679534944831730,29,29,30,29
1680679534946744350,29,29,30,29
1680679534948613563,29,30,30,29
1680679534950505099,29,30,30,29
1680679534952410490,29,30,30,29
1680679534954321250,29,30,30,29
1680679534956928807,29,30,30,29
1680679534958846551,29,30,30,29
1680679534960819033,29,30,30,29
1680679534962749693,29,30,30,29
1680679534964704475,29,30,30,29
1680679534966722130,29,30,30,29
1680679534968644161,29,30,30,29
1680679534970578692,29,30,30,29
1680679534973036440,29,30,30,29
1680679534975594586,29,30,30,29
1680679534977683333,29,30,30,29
1680679534979666205,29,30,30,29
1680679535043519830,29,30,30,29
1680679535113215399,29,30,30,29
1680679535115606216,29,29,30,29
1680679535117519604,29,29,30,29
1680679535119418843,29,29,30,29
1680679535121332787,29,29,30,29
1680679535123212156,29,29,30,29
1680679535124855336,29,29,30,29
1680679535126551529,29,29,30,29
1680679535128187887,29,29,30,29
1680679535129831625,29,29,30,29
1680679535131464490,29,29,30,29
1680679535133115936,29,29,30,29
1680679535134800238,29,29,30,29
1680679535136493562,29,29,30,29
1680679535138182207,29,29,30,29
1680679535139876361,29,29,30,29
1680679535141677123,29,29,30,29
1680679535143356373,29,29,30,29
1680679535145164296,29,29,30,29
1680679535147008417,29,29,30,29
1680679535148725044,29,29,30,29
1680679535150431361,29,29,30,29
1680679535152144029,29,29,30,29
1680679535153861589,29,29,30,29
1680679535155582590,29,29,30,29
1680679535157266987,29,29,30,29
1680679535158945045,29,29,30,29
1680679535160727970,29,29,30,29
1680679535162414701,29,29,30,29
1680679535164103013,29,29,30,29
1680679535165830224,29,29,30,29
1680679535167517057,29,29,30,29
1680679535169208140,29,29,30,29
1680679535170893019,29,29,30,29
1680679535172591030,29,29,30,29
1680679535174394959,29,29,30,29
1680679535176078562,29,29,30,29
1680679535177783525,29,29,30,29
1680679535179466280,29,29,30,29
1680679535181208668,29,29,30,29
1680679535182889993,29,29,30,29
1680679535184573059,29,29,30,29
1680679535186353230,29,29,30,29
1680679535188047789,29,29,30,29
1680679535189733896,29,29,30,29
1680679535191419764,29,29,30,29
1680679535193101487,29,29,30,29
1680679535194782961,29,29,30,29
1680679535196464434,29,29,30,29
1680679535198156689,29,29,30,29
1680679535199837362,29,29,30,29
1680679535201581420,29,29,30,29
1680679535203263406,29,29,30,29
1680679535204949728,29,29,30,29
1680679535206662690,29,29,30,29
1680679535208322219,29,29,30,29
1680679535210003837,29,29,30,29
1680679535211663850,29,29,30,29
1680679535213328297,29,29,30,29
1680679535214993140,29,29,30,29
1680679535216666199,29,29,30,29
1680679535218359787,29,29,30,29
1680679535220060572,29,29,30,29
1680679535221847293,29,29,30,29
1680679535223569315,29,29,30,29
1680679535225384304,29,29,30,29
1680679535227196495,29,29,30,29
1680679535228915555,29,29,30,29
1680679535230608782,29,29,30,29
1680679535232297865,29,29,30,29
1680679535234006639,29,29,30,29
1680679535235686002,29,29,30,29
1680679535237368936,29,29,30,29
1680679535239049549,29,29,30,29
1680679535240730707,29,29,30,29
1680679535242419090,29,29,30,29
1680679535244108157,29,29,30,29
1680679535245895840,29,29,30,29
1680679535247896164,29,29,30,29
1680679535249583702,29,29,30,29
1680679535251250538,29,29,30,29
1680679535252919903,29,29,30,29
1680679535254581089,29,29,30,29
1680679535256262074,29,29,30,29
1680679535257955863,29,29,30,29
1680679535259675814,29,29,30,29
1680679535261444197,29,29,30,29
1680679535263129437,29,29,30,29
1680679535264875983,29,29,30,29
1680679535266719709,29,29,30,29
1680679535268415908,29,29,30,29
1680679535270118374,29,29,30,29
1680679535271803416,29,29,30,29
1680679535273483487,29,29,30,29
1680679535275316237,29,29,30,29
1680679535277002491,29,29,30,29
1680679535278687481,29,29,30,29
1680679535280376573,29,29,30,29
1680679535282090473,29,29,30,29
1680679535283773430,29,30,30,29
1680679535285485387,29,30,30,29
1680679535287276484,29,30,30,29
1680679535288968906,29,30,30,29
1680679535290645997,29,30,30,29
1680679535292315024,29,30,30,29
1680679535294190535,29,30,30,29
1680679535295853066,29,30,30,29
1680679535297524998,29,30,30,29
1680679535299189634,29,30,30,29
1680679535300936451,29,30,30,29
1680679535302651949,29,30,30,29
1680679535304414737,29,30,30,29
1680679535306168212,29,30,30,29
1680679535307927420,29,30,30,29
1680679535309637182,29,30,30,29
1680679535311329307,29,30,30,29
1680679535313017541,29,30,30,29
1680679535314708368,29,30,30,29
1680679535316456422,29,30,30,29
1680679535318154887,29,30,30,29
1680679535319840483,29,30,30,29
1680679535321574890,29,30,30,29
1680679535323261017,29,30,30,29
1680679535324949466,29,30,30,29
1680679535326686928,29,30,30,29
1680679535328387897,29,30,30,29
1680679535330188078,29,30,30,29
1680679535331871193,29,30,30,29
1680679535333563246,29,30,30,29
1680679535335252822,29,30,30,29
1680679535336943934,29,30,30,29
1680679535338633061,29,30,30,29
1680679535340321989,29,30,30,29
1680679535342089450,29,30,30,29
1680679535343775093,29,30,30,29
1680679535345549178,29,30,30,29
1680679535347306430,29,30,30,29
1680679535348989883,29,30,30,29
1680679535350674281,29,30,30,29
1680679535352362727,29,30,30,29
1680679535354063304,29,30,30,29
1680679535355751642,29,30,30,29
1680679535357445588,29,30,30,29
1680679535359134325,29,30,30,29
1680679535360831536,29,30,30,29
1680679535362511493,29,30,30,29
1680679535364264111,29,30,30,29
1680679535365985213,29,30,30,29
1680679535367696096,29,30,30,29
1680679535369388705,29,30,30,29
1680679535371073739,29,30,30,29
1680679535372726750,29,30,30,29
1680679535374407975,29,30,30,29
1680679535376085672,29,30,30,29
1680679535377767065,29,30,30,29
1680679535379452597,29,30,30,29
1680679535381168512,29,30,30,29
1680679535382858621,29,30,30,29
1680679535384527962,29,30,30,29
1680679535386293373,29,30,30,29
1680679535387961708,29,30,30,29
1680679535389629298,29,30,30,29
1680679535391292648,29,30,30,29
1680679535392965602,29,30,30,29
1680679535394667847,29,30,30,29
1680679535396373847,29,30,30,29
1680679535398092243,29,30,30,29
1680679535399799343,29,30,30,29
1680679535401536271,29,30,30,29
1680679535403305422,29,30,30,29
1680679535405003111,29,30,30,29
1680679535406888754,29,30,30,29
1680679535408574382,29,30,30,29
1680679535410267302,29,30,30,29
1680679535411950257,29,30,30,29
1680679535413630643,29,30,30,29
1680679535415314917,29,30,30,29
1680679535417003674,29,30,30,29
1680679535418681425,29,30,30,29
1680679535420363459,29,30,30,29
1680679535422120946,29,30,30,29
1680679535423807343,29,30,30,29
1680679535425496781,29,30,30,29
1680679535427231854,29,30,30,29
1680679535428977452,29,30,30,29
1680679535430700186,29,30,30,29
1680679535432387080,29,30,30,29
1680679535434084312,29,30,30,29
1680679535435822901,29,30,30,29
1680679535437524651,29,30,30,29
1680679535439208669,29,30,30,29
1680679535440897037,29,30,30,29
1680679535442584165,29,30,30,29
1680679535444382779,29,30,30,29
1680679535446134207,29,30,30,29
1680679535447855965,29,30,30,29
1680679535449549551,29,30,30,29
1680679535451234430,29,29,30,29
1680679535452912379,29,29,30,29
1680679535454594401,29,29,30,29
1680679535456292046,29,29,30,29
1680679535458076252,29,29,30,29
1680679535459762758,29,29,30,29
1680679535461483310,29,29,30,29
1680679535463166352,29,29,30,29
1680679535464852705,29,29,30,29
1680679535466677330,29,29,30,29
1680679535468451321,29,29,30,29
1680679535470154114,29,29,30,29
1680679535471844208,29,29,30,29
1680679535473522989,29,29,30,29
1680679535475208231,29,29,30,29
1680679535476884517,29,29,30,29
1680679535478563727,29,29,30,29
1680679535480246933,29,29,30,29
1680679535481988453,29,29,30,29
1680679535483669932,29,29,30,29
1680679535485352335,29,29,30,29
1680679535487097671,29,29,30,29
1680679535488725389,29,29,30,29
1680679535490391830,29,29,30,29
1680679535492053660,29,29,30,29
1680679535493723799,29,29,30,29
1680679535495386397,29,29,30,29
1680679535497052343,29,29,30,29
1680679535498759737,29,29,30,29
1680679535500468925,29,29,30,29
1680679535502210873,29,29,30,29
1680679535503917166,29,29,30,29
1680679535505629431,29,29,30,29
1680679535507489360,29,29,30,29
1680679535509255105,29,29,30,29
1680679535510933336,29,29,30,29
1680679535512614826,29,29,30,29
1680679535514312794,29,29,30,29
1680679535515998221,29,29,30,29
1680679535517685408,29,29,30,29
1680679535519361951,29,29,30,29
1680679535521049103,29,29,30,29
1680679535522723774,29,29,30,29
1680679535524404053,29,29,30,29
1680679535526116381,29,29,30,29
1680679535527892844,29,29,30,29
1680679535529581265,29,29,30,29
1680679535531259372,29,29,30,29
1680679535532945758,29,29,30,29
1680679535534623078,29,29,29,29
1680679535536341860,29,29,29,29
1680679535538029529,29,29,29,29
1680679535539714249,29,29,29,29
1680679535541437255,29,29,29,29
1680679535543124002,29,29,29,29
1680679535544805505,29,29,29,29
1680679535546517440,29,29,29,29
1680679535548255054,29,29,29,29
1680679535549937176,29,29,29,29
1680679535551621970,29,29,29,29
1680679535553309107,29,29,29,29
1680679535554988718,29,29,29,29
1680679535556672779,29,29,29,29
1680679535558367998,29,29,29,29
1680679535560046903,29,29,29,29
1680679535561836187,29,29,29,29
1680679535563523469,29,29,29,29
1680679535565207226,29,29,29,29
1680679535566988148,29,29,29,29
1680679535568675642,29,29,29,29
1680679535570374128,29,29,29,29
1680679535572061788,29,29,29,29
1680679535573750710,29,29,29,29
1680679535575441679,29,29,29,29
1680679535577132730,29,29,29,29
1680679535578823485,29,29,29,29
1680679535580508215,29,29,29,29
1680679535582275953,29,29,29,29
1680679535583956230,29,29,29,29
1680679535585638404,29,29,29,29
1680679535587394212,29,29,29,29
1680679535589074509,29,29,29,29
1680679535590753623,29,29,29,29
1680679535592423988,29,29,29,29
1680679535594098349,29,29,29,29
1680679535595757452,29,29,29,29
1680679535597424016,29,29,29,29
1680679535599083273,29,29,29,29
1680679535600727982,29,29,29,29
1680679535602468321,29,29,29,29
1680679535604271547,29,29,29,29
1680679535606225765,29,29,29,29
1680679535608116732,29,29,29,29
1680679535609824275,29,29,29,29
1680679535611531947,29,29,29,29
1680679535613237356,29,29,29,29
1680679535614927593,29,29,29,29
1680679535616693408,29,29,29,29
1680679535618384650,29,30,29,29
1680679535620075056,29,30,29,29
1680679535621812650,29,30,29,29
1680679535623497875,29,30,29,29
1680679535625181277,29,30,29,29
1680679535626914570,29,30,29,29
1680679535628651395,29,30,29,29
1680679535630342211,29,30,29,29
1680679535632027915,29,30,29,29
1680679535633707742,29,30,29,29
1680679535635430810,29,30,29,29
1680679535637110340,29,30,29,29
1680679535638789668,29,30,29,29
1680679535640474545,29,30,29,29
1680679535642191402,29,30,29,29
1680679535643895979,29,30,29,29
1680679535645579193,29,30,29,29
1680679535647329315,29,30,29,29
1680679535649091279,29,30,29,29
1680679535650775164,29,30,29,29
1680679535652469487,29,30,29,29
1680679535654168292,29,30,29,29
1680679535655853571,29,30,29,29
1680679535657577328,29,30,29,29
1680679535659261477,29,30,29,29
1680679535660950211,29,30,29,29
1680679535662655197,29,30,29,29
1680679535664339694,29,30,29,29
1680679535666032261,29,30,29,29
1680679535667760108,29,30,29,29
1680679535669448507,29,30,29,29
1680679535671135184,29,30,29,29
1680679535672815353,29,30,29,29
1680679535674495053,29,30,29,29
1680679535676206575,29,30,29,29
1680679535677899651,29,30,29,29
1680679535679584471,29,30,29,29
1680679535681272877,29,30,29,29
1680679535683006952,29,30,29,29
1680679535684698283,29,30,29,29
1680679535686409694,29,30,29,29
1680679535688203025,29,30,29,29
1680679535689890914,29,30,29,29
1680679535691564716,29,30,29,29
1680679535693243194,29,30,29,29
1680679535694925475,29,30,29,29
1680679535696593139,29,30,29,29
1680679535698371921,29,30,29,29
1680679535700062850,29,30,29,29
1680679535701784714,29,30,29,29
1680679535703479646,29,30,29,29
1680679535705159695,29,30,29,29
1680679535706997250,29,30,29,29
1680679535708799817,29,30,29,29
1680679535710483531,29,30,29,29
1680679535712173385,29,30,29,29
1680679535713859846,29,30,29,29
1680679535715548076,29,30,29,29
1680679535717229862,29,30,29,29
1680679535718904464,29,30,29,29
1680679535720593120,29,30,29,29
1680679535722311214,29,30,29,29
1680679535723997170,29,30,29,29
1680679535725690993,29,30,29,29
1680679535727543245,29,30,29,29
1680679535729233703,29,30,29,29
1680679535730956626,29,30,29,29
1680679535732642041,29,30,29,29
1680679535734342969,29,30,29,29
1680679535736026866,29,30,29,29
1680679535737734748,29,30,29,29
1680679535739416223,29,30,29,29
1680679535741096497,29,30,29,29
1680679535742831483,29,30,29,29
1680679535744514337,29,30,29,29
1680679535746195560,29,30,29,29
1680679535747921844,29,30,29,29
1680679535749605607,29,30,29,29
1680679535751289924,29,30,29,29
1680679535752973355,29,30,29,29
1680679535754656979,29,30,29,29
1680679535756339915,29,30,29,29
1680679535758026232,29,30,29,29
1680679535759716095,29,30,29,29
1680679535761405634,29,30,29,29
1680679535763207083,29,30,29,29
1680679535764888831,29,30,29,29
1680679535766597560,29,30,29,29
1680679535768358868,29,30,29,29
1680679535770058583,29,30,29,29
1680679535771735194,29,30,29,29
1680679535773419241,29,30,29,29
1680679535775096321,29,30,29,29
1680679535776834498,29,30,29,29
1680679535778518226,29,30,29,29
1680679535780209127,29,30,29,29
1680679535781915364,29,30,29,29
1680679535783754647,29,30,29,29
1680679535785435837,29,30,29,29
1680679535787145444,29,30,29,29
1680679535788886457,29,30,29,29
1680679535790573535,29,30,29,29
1680679535792264645,29,30,29,29
1680679535794035489,29,30,29,29
1680679535795725597,29,30,29,29
1680679535797405480,29,30,29,29
1680679535799106690,29,30,29,29
1680679535800805256,29,30,29,29
1680679535802516800,29,30,29,29
1680679535804198995,29,30,29,29
1680679535805959411,29,30,29,29
1680679535807705898,29,30,29,29
1680679535809372563,29,30,29,29
1680679535811028812,29,30,29,29
1680679535812690520,29,30,29,29
1680679535814361035,29,30,29,29
1680679535816021421,29,30,29,29
1680679535817735741,29,30,29,29
1680679535819449165,29,30,29,29
1680679535821163016,29,30,29,29
1680679535822933901,29,30,29,29
1680679535824645759,29,30,29,29
1680679535826363085,29,30,29,29
1680679535828165165,29,30,29,29
1680679535829854176,29,30,29,29
1680679535831543490,29,30,29,29
1680679535833227148,29,30,29,29
1680679535834911344,29,30,29,29
1680679535836600204,29,30,29,29
1680679535838305627,29,30,29,29
1680679535839993295,29,30,29,29
1680679535841682960,29,30,29,29
1680679535843414044,29,30,29,29
1680679535845101806,29,30,29,29
1680679535846845040,29,30,29,29
1680679535848617320,29,30,29,29
1680679535850310358,29,30,29,29
1680679535851991872,29,30,29,29
1680679535853668671,29,30,29,29
1680679535855349720,29,30,29,29
1680679535857035363,29,30,29,29
1680679535858721597,29,30,29,29
1680679535860381936,29,30,29,29
1680679535862062661,29,30,29,29
1680679535863726876,29,30,29,29
1680679535865391168,29,30,29,29
1680679535867162028,29,30,29,29
1680679535868929370,29,30,29,29
1680679535870623451,29,30,29,29
1680679535872338834,29,30,29,29
1680679535874046652,29,30,29,29
1680679535875757577,29,30,29,29
1680679535877469891,29,30,29,29
1680679535879182407,29,30,29,29
1680679535880889916,29,30,29,29
1680679535882584730,29,30,29,29
1680679535884269073,29,30,29,29
1680679535885965324,29,30,29,29
1680679535887702067,29,30,29,29
1680679535889384879,29,30,29,29
1680679535891065501,29,30,29,29
1680679535892727064,29,30,29,29
1680679535894410766,29,30,29,29
1680679535896092643,29,30,29,29
1680679535897787597,29,30,29,29
1680679535899478208,29,30,29,29
1680679535901165822,29,30,29,29
1680679535902873583,29,30,29,29
1680679535904572317,29,30,29,29
1680679535906270261,29,30,29,29
1680679535908134234,29,30,29,29
1680679535909824127,29,30,29,29
1680679535911511002,29,30,29,29
1680679535913263068,29,30,29,29
1680679535914935862,29,30,29,29
1680679535916699189,29,30,29,29
1680679535918400146,29,30,29,29
1680679535920079995,29,30,29,29
1680679535921761351,29,30,29,29
1680679535923496400,29,30,29,29
1680679535925177674,29,30,29,29
1680679535926940475,29,30,29,29
1680679535928727334,29,30,29,29
1680679535930412421,29,30,29,29
1680679535932102263,29,30,29,29
1680679535933796377,29,30,29,29
1680679535935485336,29,30,29,29
1680679535937174554,29,30,29,29
1680679535938875361,29,30,29,29
1680679535940564272,29,30,29,29
1680679535942409962,29,30,29,29
1680679535944089273,29,30,29,29
1680679535945769645,29,30,29,29
1680679535947457304,29,30,29,29
1680679535949255810,29,30,29,29
1680679535950935827,29,30,29,29
1680679535952620923,29,30,29,29
1680679535954307206,29,30,29,29
1680679535955994589,29,30,29,29
1680679535957677615,29,30,29,29
1680679535959358200,29,30,29,29
1680679535961038868,29,30,29,29
1680679535962746378,29,30,29,29
1680679535964412197,29,30,29,29
1680679535966082375,29,30,29,29
1680679535967901181,29,30,29,29
1680679535969567792,29,30,29,29
1680679535971234558,29,30,29,29
1680679535972900114,29,30,29,29
1680679535974609549,29,30,29,29
1680679535976312272,29,30,29,29
1680679535978026478,29,30,29,29
1680679535979735035,29,30,29,29
1680679535981452148,29,30,29,29
1680679535983220877,29,30,29,29
1680679535984929248,29,30,29,29
1680679535986619373,29,30,29,29
1680679535988425785,29,30,29,29
1680679535990125766,29,30,29,29
1680679535991816805,29,30,29,29
1680679535993495574,29,30,29,29
1680679535995180656,29,30,29,29
1680679535996912727,29,30,29,29
1680679535998631359,29,30,29,29
1680679536000311567,29,30,29,29
1680679536002008005,29,30,29,29
1680679536003749066,29,30,29,29
1680679536005438376,29,30,29,29
1680679536007180750,29,30,29,29
1680679536009016164,29,30,29,29
1680679536010699144,29,30,29,29
1680679536012387455,29,30,29,29
1680679536014085540,29,30,29,29
1680679536015778542,29,30,29,29
1680679536017457079,29,30,29,29
1680679536019136403,29,30,29,29
1680679536020818453,29,30,29,29
1680679536022504065,29,30,29,29
1680679536024189562,29,30,29,29
1680679536025871538,29,30,29,29
1680679536027566916,29,30,29,29
1680679536029297850,29,30,29,29
1680679536030984992,29,30,29,29
1680679536032667060,29,30,29,29
1680679536034359729,29,30,29,29
1680679536036046015,29,30,30,29
1680679536037730398,29,30,30,29
1680679536039441840,29,30,30,29
1680679536041127676,29,30,30,29
1680679536042821799,29,30,30,29
1680679536044511647,29,30,30,29
1680679536046195547,29,30,30,29
1680679536048006659,29,30,30,29
1680679536049723765,29,30,30,29
1680679536051410613,29,30,30,29
1680679536053111122,29,30,30,29
1680679536054789803,29,30,30,29
1680679536056474849,29,30,30,29
1680679536058253658,29,30,30,29
1680679536059937878,29,30,30,29
1680679536061620927,29,30,30,29
1680679536063310680,29,30,30,29
1680679536064995446,29,30,30,29
1680679536066683590,29,30,30,29
1680679536068561159,29,30,30,29
1680679536070247826,29,30,30,29
1680679536071912442,29,30,30,29
1680679536073578148,29,30,30,29
1680679536075244567,29,30,30,29
1680679536076911165,29,30,30,29
1680679536078592685,29,30,30,29
1680679536080276333,29,30,30,29
1680679536081967661,29,30,30,29
1680679536083673815,29,30,30,29
1680679536085363631,29,30,30,29
1680679536087047011,29,30,30,29
1680679536088810655,29,30,30,29
1680679536090519728,29,30,30,29
1680679536092238344,29,30,30,29
1680679536093965719,29,30,30,29
1680679536095666554,29,30,30,29
1680679536097372432,29,30,30,29
1680679536099098920,29,30,30,29
1680679536100726076,29,30,30,29
1680679536102397609,29,30,30,29
1680679536104063441,29,30,30,29
1680679536105720408,29,30,30,29
1680679536107432902,29,30,30,29
1680679536109146108,29,30,30,29
1680679536110867361,29,30,30,29
1680679536112580970,29,30,30,29
1680679536114292348,29,30,30,29
1680679536115992299,29,30,30,29
1680679536117705995,29,30,30,29
1680679536119418117,29,29,30,29
1680679536121198092,29,29,30,29
1680679536122940464,29,29,30,29
1680679536124639389,29,29,30,29
1680679536126343203,29,29,30,29
1680679536128115067,29,29,30,29
1680679536129881928,29,29,30,29
1680679536131586601,29,29,30,29
1680679536133381373,29,29,30,29
1680679536135068636,29,29,30,29
1680679536136727999,29,29,30,29
1680679536138413730,29,29,30,29
1680679536140095458,29,29,30,29
1680679536141794618,29,29,30,29
1680679536143782301,29,29,30,29
1680679536145598476,29,29,30,29
1680679536147356565,29,29,30,29
1680679536149134991,29,29,30,29
1680679536150823895,29,29,30,29
1680679536152515088,29,29,30,29
1680679536154205658,29,29,30,29
1680679536155884824,29,29,30,29
1680679536157790250,29,29,30,29
1680679536159488429,29,29,30,29
1680679536161172746,29,29,30,29
1680679536162929922,29,29,30,29
1680679536164900067,29,29,30,29
1680679536166565387,29,29,30,29
1680679536168303843,29,29,30,29
1680679536170014094,29,29,30,29
1680679536171810343,29,29,30,29
1680679536173472667,29,29,30,29
1680679536175159141,29,29,30,29
1680679536176845397,29,29,30,29
1680679536178521035,29,29,30,29
1680679536180201706,29,29,30,29
1680679536181883020,29,29,30,29
1680679536183617796,29,29,30,29
1680679536185336791,29,29,30,29
1680679536187046619,29,29,30,29
1680679536188801778,29,29,30,29
1680679536190504698,29,29,30,29
1680679536192208617,29,29,30,29
1680679536193922744,29,29,30,29
1680679536195624461,29,29,30,29
1680679536197330483,29,29,30,29
1680679536199056946,29,29,30,29
1680679536200730041,29,29,30,29
1680679536202414057,29,29,30,29
1680679536204124608,29,29,29,29
1680679536205818831,29,29,29,29
1680679536207580232,29,29,29,29
1680679536209317804,29,29,29,29
1680679536211008546,29,29,29,29
1680679536212695477,29,29,29,29
1680679536214390560,29,29,29,29
1680679536216065973,29,29,29,29
1680679536217751571,29,29,29,29
1680679536219434155,29,29,29,29
1680679536221116447,29,29,29,29
1680679536222888884,29,29,29,29
1680679536224813744,29,29,29,29
1680679536226652905,29,29,29,29
1680679536228530219,29,29,29,29
1680679536230401545,29,29,29,29
1680679536232333212,29,29,29,29
1680679536234224907,29,29,29,29
1680679536236126190,29,29,29,29
1680679536238043904,29,29,29,29
1680679536239888842,29,29,29,29
1680679536241735369,29,29,29,29
1680679536243637281,29,29,29,29
1680679536245516931,29,29,29,29
1680679536247415469,29,29,29,29
1680679536249396521,29,29,29,29
1680679536251284823,29,29,29,29
1680679536253868334,29,29,29,29
1680679536255739040,29,29,29,29
1680679536257598689,29,29,29,29
1680679536259527595,29,29,29,29
1680679536261433561,29,29,29,29
1680679536263339369,29,29,29,29
1680679536265244726,29,29,29,29
1680679536267165937,29,29,29,29
1680679536270681930,29,29,29,29
1680679536272604388,29,29,29,29
1680679536274518748,29,29,29,29
1680679536276444761,29,29,29,29
1680679536278388392,29,29,29,29
1680679536280313543,29,29,29,29
1680679536282170026,29,29,29,29
1680679536283999382,29,29,29,29
1680679536286467407,29,29,29,29
1680679536289056431,29,29,29,29
1680679536291195170,29,29,29,29
1680679536293448669,29,29,29,29
1680679536361559950,29,29,29,29
1680679536428451897,29,29,29,29
1680679536430789437,29,29,29,29
1680679536432696755,29,29,29,29
1680679536434626285,29,29,29,29
1680679536436537618,29,29,29,29
1680679536438523959,29,29,29,29
1680679536440162394,29,29,29,29
1680679536441805979,29,29,29,29
1680679536443454820,29,29,29,29
1680679536445146207,29,29,29,29
1680679536446776186,29,29,29,29
1680679536448499999,29,29,29,29
1680679536450382123,29,29,29,29
1680679536452067151,29,29,29,29
1680679536453758172,29,29,29,29
1680679536455435817,29,30,29,29
1680679536457122290,29,30,29,29
1680679536458875356,29,30,29,29
1680679536460554176,29,30,29,29
1680679536462217794,29,30,29,29
1680679536463886705,29,30,29,29
1680679536465549928,29,30,29,29
1680679536467216877,29,30,29,29
1680679536468889274,29,30,29,29
1680679536470666805,29,30,29,29
1680679536472328466,29,30,29,29
1680679536474001526,29,30,29,29
1680679536475660814,29,30,29,29
1680679536477331106,29,30,29,29
1680679536479038412,29,30,29,29
1680679536480706432,29,30,29,29
1680679536482418399,29,30,29,29
1680679536484137493,29,30,29,29
1680679536485912195,29,30,29,29
1680679536487622464,29,30,29,29
1680679536489538273,29,30,29,29
1680679536491247947,29,30,29,29
1680679536492911694,29,30,29,29
1680679536494577362,29,30,29,29
1680679536496236225,29,30,29,29
1680679536497915879,29,30,29,29
1680679536499585824,29,30,29,29
1680679536501270579,29,30,29,29
1680679536502975970,29,30,29,29
1680679536504731591,29,30,29,29
1680679536506438834,29,30,29,29
1680679536508148824,29,30,29,29
1680679536509932660,29,30,29,29
1680679536511646838,29,30,29,29
1680679536513346137,29,30,29,29
1680679536515038031,29,30,29,29
1680679536516788391,29,30,29,29
1680679536518484961,29,30,29,29
1680679536520166278,29,30,29,29
1680679536521861097,29,30,29,29
1680679536523544829,29,30,29,29
1680679536525250577,29,30,29,29
1680679536526929463,29,30,29,29
1680679536528629632,29,30,29,29
1680679536530381851,29,30,29,29
1680679536532076312,29,30,29,29
1680679536533759176,29,30,29,29
1680679536535443584,29,30,29,29
1680679536537129427,29,30,29,29
1680679536538817505,29,30,29,29
1680679536540509714,29,30,29,29
1680679536542228055,29,30,29,29
1680679536543919043,29,30,29,29
1680679536545663938,29,30,29,29
1680679536547354241,29,30,29,29
1680679536549055289,29,30,29,29
1680679536550780569,29,30,29,29
1680679536552474588,29,30,29,29
1680679536554170941,29,30,29,29
1680679536555865895,29,30,29,29
1680679536557554029,29,30,29,29
1680679536559242563,29,30,29,29
1680679536560926011,29,30,29,29
1680679536562609944,29,30,29,29
1680679536564311399,29,30,29,29
1680679536566018224,29,30,29,29
1680679536567779881,29,30,29,29
1680679536569483867,29,30,29,29
1680679536571165653,29,30,29,29
1680679536572851530,29,30,29,29
1680679536574536564,29,30,29,29
1680679536576227754,29,30,29,29
1680679536577914820,29,30,29,29
1680679536579607251,29,30,29,29
1680679536581298353,29,30,29,29
1680679536583034363,29,30,29,29
1680679536584831919,29,30,29,29
1680679536586498545,29,30,29,29
1680679536588160928,29,30,29,29
1680679536589962683,29,30,29,29
1680679536591632077,29,30,29,29
1680679536593298985,29,30,29,29
1680679536594964452,29,30,29,29
1680679536596632873,29,30,29,29
1680679536598386136,29,30,29,29
1680679536600106329,29,30,29,29
1680679536601783390,29,30,29,29
1680679536603458832,29,30,29,29
1680679536605301941,29,30,29,29
1680679536606992668,29,30,29,29
1680679536608723357,29,30,29,29
1680679536610534537,29,30,29,29
1680679536612216555,29,30,29,29
1680679536613907646,29,30,29,29
1680679536615592993,29,30,29,29
1680679536617307246,29,30,29,29
1680679536619066754,29,30,29,29
1680679536620728138,29,30,29,29
1680679536622432171,29,29,29,29
1680679536624138948,29,29,29,29
1680679536625853008,29,29,29,29
1680679536627565387,29,29,29,29
1680679536629271884,29,29,29,29
1680679536631023933,29,29,29,29
1680679536632710395,29,29,29,29
1680679536634411730,29,29,29,29
1680679536636095344,29,29,29,29
1680679536637784889,29,29,29,29
1680679536639467883,29,29,29,29
1680679536641148865,29,29,29,29
1680679536642833130,29,29,29,29
1680679536644558029,29,29,29,29
1680679536646254550,29,29,29,29
1680679536647956299,29,29,29,29
1680679536649686133,29,29,29,29
1680679536651400735,29,29,29,29
1680679536653088836,29,29,29,29
1680679536654777159,29,29,29,29
1680679536656464975,29,29,29,29
1680679536658168918,29,29,29,29
1680679536659915335,29,29,29,29
1680679536661595432,29,29,29,29
1680679536663277971,29,29,29,29
1680679536665079040,29,29,29,29
1680679536666757614,29,29,29,29
1680679536668441734,29,29,29,29
1680679536670210736,29,29,29,29
1680679536671896980,29,29,29,29
1680679536673582610,29,29,29,29
1680679536675253730,29,29,29,29
1680679536676943976,29,29,29,29
1680679536678616835,29,29,29,29
1680679536680294221,29,29,29,29
1680679536681988737,29,29,29,29
1680679536683762796,29,29,29,29
1680679536685471995,29,29,29,29
1680679536687157551,29,29,29,29
1680679536688835805,29,29,29,29
1680679536690579503,29,29,29,29
1680679536692266663,29,29,29,29
1680679536694023048,29,29,29,29
1680679536695705859,29,29,29,29
1680679536697391616,29,29,29,29
1680679536699076601,29,29,29,29
1680679536700730908,29,29,29,29
1680679536702416988,29,29,29,29
1680679536704105975,29,29,29,29
1680679536705827687,29,29,29,29
1680679536707508103,29,29,29,29
1680679536709224334,29,29,29,29
1680679536710949849,29,29,29,29
1680679536712642849,29,29,29,29
1680679536714332123,29,29,29,29
1680679536716018822,29,29,29,29
1680679536717699234,29,29,29,29
1680679536719381832,29,29,29,29
1680679536721066365,29,29,29,29
1680679536722748601,29,29,29,29
1680679536724441576,29,29,29,29
1680679536726136264,29,29,29,29
1680679536727825515,29,29,29,29
1680679536729619307,29,29,29,29
1680679536731417192,29,29,29,29
1680679536733110427,29,29,29,29
1680679536734800059,29,29,29,29
1680679536736520049,29,29,29,29
1680679536738212189,29,29,29,29
1680679536739895438,29,29,29,29
1680679536741575809,29,29,29,29
1680679536743280763,29,29,29,29
1680679536745072242,29,29,29,29
1680679536746756862,29,29,29,29
1680679536748440491,29,29,29,29
1680679536750345429,29,29,29,29
1680679536752032592,29,29,29,29
1680679536753717243,29,29,29,29
1680679536755400423,29,29,29,29
1680679536757083018,29,29,29,29
1680679536758765078,29,29,29,29
1680679536760451433,29,29,29,29
1680679536762155107,29,29,29,29
1680679536763834504,29,29,29,29
1680679536765548338,29,29,29,29
1680679536767228975,29,29,29,29
1680679536768905575,29,29,29,29
1680679536770783856,29,29,29,29
1680679536772471081,29,29,29,29
1680679536774163200,29,29,29,29
1680679536775844332,29,29,29,29
1680679536777525331,29,29,29,29
1680679536779265720,29,29,29,29
1680679536780949640,29,29,29,29
1680679536782637228,29,29,29,29
1680679536784305359,29,29,29,29
1680679536786047565,29,29,29,29
1680679536787714505,29,29,29,29
1680679536789428206,29,29,29,29
1680679536791213701,29,29,29,29
1680679536792876924,29,29,29,29
1680679536794583589,29,29,29,29
1680679536796289922,29,29,29,29
1680679536798004273,29,29,29,29
1680679536799713013,29,29,29,29
1680679536801417004,29,29,29,29
1680679536803111480,29,29,29,29
1680679536804823911,29,29,29,29
1680679536806508559,29,29,29,29
1680679536808195283,29,29,29,29
1680679536809899307,29,29,29,29
1680679536811594761,29,29,29,29
1680679536813280090,29,29,29,29
1680679536814960348,29,29,29,29
1680679536816647389,29,29,29,29
1680679536818338490,29,29,29,29
1680679536820029427,29,29,29,29
1680679536821702626,29,29,29,29
1680679536823383209,29,29,29,29
1680679536825124152,29,29,29,29
1680679536826818912,29,29,29,29
1680679536828508813,29,29,29,29
1680679536830303406,29,29,29,29
1680679536831990550,29,29,29,29
1680679536833699788,29,29,29,29
1680679536835399568,29,29,29,29
1680679536837168680,29,29,29,29
1680679536838884350,29,29,29,29
1680679536840574504,29,29,29,29
1680679536842261468,29,29,29,29
1680679536843951161,29,29,29,29
1680679536845676518,29,29,29,29
1680679536847353584,29,29,29,29
1680679536849044597,29,29,29,29
1680679536850869064,29,29,29,29
1680679536852570598,29,29,29,29
1680679536854270232,29,29,29,29
1680679536855951631,29,29,29,29
1680679536857639543,29,29,29,29
1680679536859324471,29,29,29,29
1680679536861006942,29,29,29,29
1680679536862688448,29,29,29,29
1680679536864375585,29,29,29,29
1680679536866123197,29,29,29,29
1680679536867812838,29,29,29,29
1680679536869544162,29,29,29,29
1680679536871269616,29,29,29,29
1680679536872959196,29,29,30,29
1680679536874647787,29,29,30,29
1680679536876338877,29,29,30,29
1680679536878031975,29,29,30,29
1680679536879718798,29,29,30,29
1680679536881405882,29,29,30,29
1680679536883087780,29,29,30,29
1680679536884726445,29,29,30,29
1680679536886436793,29,29,30,29
1680679536888130598,29,29,30,29
1680679536889844421,29,29,30,29
1680679536891579491,29,29,30,29
1680679536893272238,29,29,30,29
1680679536894956290,29,29,30,29
1680679536896644630,29,29,30,29
1680679536898325324,29,29,30,29
1680679536900004952,29,29,30,29
1680679536901686780,29,29,30,29
1680679536903366905,29,29,30,29
1680679536905078797,29,29,30,29
1680679536906754907,29,29,30,29
1680679536908419748,29,29,30,29
1680679536910132102,29,29,30,29
1680679536911846724,29,29,30,29
1680679536913508667,29,29,30,29
1680679536915170655,29,29,30,29
1680679536916835175,29,29,30,29
1680679536918516469,29,29,30,29
1680679536920208275,29,29,30,29
1680679536921899105,29,29,30,29
1680679536923588709,29,29,30,29
1680679536925297260,29,29,30,29
1680679536926982783,29,29,30,29
1680679536928710941,29,29,30,29
1680679536930588934,29,29,30,29
1680679536932301012,29,29,30,29
1680679536934077311,29,29,30,29
1680679536935777991,29,29,30,29
1680679536937481149,29,29,30,29
1680679536939189334,29,29,30,29
1680679536940838340,29,29,30,29
1680679536942475038,29,29,30,29
1680679536944122303,29,29,30,29
1680679536945860800,29,29,30,29
1680679536947512890,29,29,30,29
1680679536949220775,29,29,30,29
1680679536951045320,29,29,30,29
1680679536952750773,29,29,30,29
1680679536954503474,29,29,30,29
1680679536956183862,29,29,30,29
1680679536957874826,29,29,30,29
1680679536959556180,29,29,30,29
1680679536961272253,29,29,30,29
1680679536962983879,29,29,30,29
1680679536964727569,29,29,30,29
1680679536966489916,29,29,30,29
1680679536968199861,29,29,30,29
1680679536969934581,29,29,30,29
1680679536971680448,29,29,30,29
1680679536973366912,29,29,30,29
1680679536975052850,29,29,30,29
1680679536976727687,29,29,30,29
1680679536978415570,29,29,30,29
1680679536980105946,29,29,30,29
1680679536981863763,29,29,30,29
1680679536983555998,29,29,30,29
1680679536985300909,29,29,30,29
1680679536986978988,29,29,30,29
1680679536988704135,29,29,30,29
1680679536990448294,29,29,30,29
1680679536992184145,29,29,30,29
1680679536993875828,29,29,30,29
1680679536995559874,29,29,30,29
1680679536997239108,29,29,30,29
1680679536998916342,29,29,30,29
1680679537000633541,29,29,30,29
1680679537002322226,29,29,30,29
1680679537004000781,29,29,30,29
1680679537005691904,29,29,30,29
1680679537007377320,29,29,30,29
1680679537009053909,29,29,30,29
1680679537010830897,29,29,30,29
1680679537012510397,29,29,30,29
1680679537014191529,29,29,30,29
1680679537015875933,29,29,30,29
1680679537017556817,29,29,30,29
1680679537019243751,29,29,30,29
1680679537020933613,29,29,30,29
1680679537022619906,29,29,30,29
1680679537024283366,29,29,30,29
1680679537026009887,29,29,30,29
1680679537027682369,29,29,30,29
1680679537029356683,29,29,30,29
1680679537031131787,29,29,30,29
1680679537032807732,29,29,30,29
1680679537034518872,29,29,30,29
1680679537036224398,29,29,30,29
1680679537037933195,29,29,30,29
1680679537039636892,29,29,30,29
1680679537041347173,29,29,30,29
1680679537043050319,29,29,30,29
1680679537044727493,29,29,30,29
1680679537046436327,29,29,30,29
1680679537048115362,29,29,30,29
1680679537049860928,29,29,30,29
1680679537051683755,29,29,30,29
1680679537053382731,29,29,30,29
1680679537055078107,29,29,30,29
1680679537056725772,29,29,30,29
1680679537058406477,29,29,30,29
1680679537060099600,29,29,30,29
1680679537061788202,29,29,30,29
1680679537063477145,29,29,30,29
1680679537065151743,29,29,30,29
1680679537066834897,29,29,30,29
1680679537068516801,29,29,30,29
1680679537070247121,29,29,30,29
1680679537072027199,29,29,30,29
1680679537073713030,29,29,30,29
1680679537075397799,29,29,30,29
1680679537077079878,29,29,30,29
1680679537078762249,29,29,30,29
1680679537080447373,29,29,30,29
1680679537082153404,29,29,30,29
1680679537083843972,29,29,30,29
1680679537085559312,29,29,30,29
1680679537087251996,29,29,30,29
1680679537088994660,29,29,30,29
1680679537090767146,29,29,30,29
1680679537092496468,29,29,30,29
1680679537094188788,29,29,30,29
1680679537095880451,29,29,30,29
1680679537097573967,29,29,30,29
1680679537099254459,29,29,30,29
1680679537100972838,29,29,30,29
1680679537102659916,29,29,30,29
1680679537104344475,29,29,30,29
1680679537106050307,29,29,30,29
1680679537107749725,29,29,30,29
1680679537109498292,29,29,30,29
1680679537111259858,29,29,30,29
1680679537112943747,29,29,30,29
1680679537114628504,29,29,30,29
1680679537116312849,29,29,30,29
1680679537118014998,29,29,30,29
1680679537119697685,29,29,30,29
1680679537121380894,29,29,30,29
1680679537123059445,29,29,30,29
1680679537124729830,29,29,30,29
1680679537126486462,29,29,30,29
1680679537128169710,29,29,30,29
1680679537129858833,29,29,30,29
1680679537131649102,29,29,30,29
1680679537133361107,29,29,30,29
1680679537135047278,29,29,30,29
1680679537136728698,29,29,30,29
1680679537138417214,29,29,30,29
1680679537140111705,29,29,30,29
1680679537141826321,29,29,30,29
1680679537143516994,29,29,30,29
1680679537145198591,29,29,30,29
1680679537147006931,29,29,30,29
1680679537148682127,29,29,30,29
1680679537150404754,29,29,30,29
1680679537152139600,29,29,30,29
1680679537153820042,29,29,30,29
1680679537155480533,29,29,30,29
1680679537157150578,29,29,30,29
1680679537158834833,29,29,30,29
1680679537160523473,29,29,30,29
1680679537162219920,29,29,30,29
1680679537163926512,29,29,30,29
1680679537165690158,29,29,30,29
1680679537167379717,29,29,30,29
1680679537169064983,29,29,30,29
1680679537170805121,29,29,30,29
1680679537172487994,29,29,30,29
1680679537174171689,29,29,30,29
1680679537175855065,29,29,30,29
1680679537177534774,29,29,30,29
1680679537179239019,29,29,30,29
1680679537180945067,29,29,30,29
1680679537182649010,29,29,30,29
1680679537184356533,29,29,30,29
1680679537186100661,29,29,30,29
1680679537187812393,29,29,30,29
1680679537189496206,29,29,30,29
1680679537191250587,29,29,30,29
1680679537192938040,29,29,30,29
1680679537194626505,29,29,30,29
1680679537196314652,29,29,30,29
1680679537198013086,29,29,30,29
1680679537199762203,29,29,30,29
1680679537201523007,29,29,30,29
1680679537203239917,29,29,30,29
1680679537204948769,29,29,30,29
1680679537206689793,29,29,30,29
1680679537208396857,29,29,30,29
1680679537210121322,29,29,30,29
1680679537211899282,29,29,30,29
1680679537213582811,29,29,30,29
1680679537215273581,29,29,30,29
1680679537216960798,29,29,30,29
1680679537218651156,29,29,30,29
1680679537220335373,29,29,30,29
1680679537222020352,29,29,30,29
1680679537223704887,29,29,30,29
1680679537225383205,29,29,30,29
1680679537227083775,29,29,30,29
1680679537228729989,29,29,30,29
1680679537230445085,29,29,30,29
1680679537232208039,29,29,30,29
1680679537233899702,29,29,30,29
1680679537235582842,29,29,30,29
1680679537237265890,29,29,30,29
1680679537238949609,29,29,30,29
1680679537240638610,29,29,30,29
1680679537242328478,29,29,30,29
1680679537244011738,29,29,30,29
1680679537245699952,29,29,30,29
1680679537247556067,29,29,30,29
1680679537249237974,29,29,30,29
1680679537250934255,29,29,30,29
1680679537252664563,29,29,30,29
1680679537254368951,29,29,30,29
1680679537256077137,29,29,30,29
1680679537257770780,29,29,30,29
1680679537259459203,29,29,30,29
1680679537261144122,29,29,30,29
1680679537262822048,29,29,30,29
1680679537264504107,29,29,30,29
1680679537266214502,29,29,30,29
1680679537267898461,29,29,30,29
1680679537269649110,29,29,30,29
1680679537271643439,29,29,30,29
1680679537273329744,29,29,30,29
1680679537275017810,29,29,30,29
1680679537276703579,29,29,30,29
1680679537278397753,29,29,30,29
1680679537280142330,29,29,30,29
1680679537281840434,29,29,30,29
1680679537283502285,29,29,30,29
1680679537285170760,29,29,30,29
1680679537286883788,29,29,30,29
1680679537288553023,29,29,30,29
1680679537290231777,29,29,30,29
1680679537291985740,29,29,30,29
1680679537293677268,29,29,30,29
1680679537295360376,29,29,30,29
1680679537297039991,29,29,30,29
1680679537298721970,29,29,30,29
1680679537300408993,29,29,30,29
1680679537302124980,29,29,30,29
1680679537303817326,29,29,30,29
1680679537305500932,29,29,30,29
1680679537307267309,29,29,30,29
1680679537308953549,29,29,30,29
1680679537310663717,29,29,30,29
1680679537312390318,29,29,30,29
1680679537314088882,29,29,30,29
1680679537315778811,29,29,30,29
1680679537317470762,29,29,30,29
1680679537319152354,29,29,30,29
1680679537320840033,29,29,30,29
1680679537322526476,29,29,30,29
1680679537324211952,29,29,30,29
1680679537325939164,29,29,30,29
1680679537327681335,29,29,30,29
1680679537329359687,29,29,30,29
1680679537331058894,29,29,30,29
1680679537332814678,29,29,30,29
1680679537334552550,29,29,30,29
1680679537336232561,29,29,30,29
1680679537337933472,29,29,30,29
1680679537339620994,29,29,30,29
1680679537341301914,29,29,30,29
1680679537342982273,29,29,30,29
1680679537344654423,29,29,30,29
1680679537346357252,29,29,30,29
1680679537348018230,29,29,30,29
1680679537349687141,29,29,30,29
1680679537351510585,29,29,30,29
1680679537353176678,29,29,30,29
1680679537354859210,29,29,30,29
1680679537356547155,29,29,30,29
1680679537358259543,29,29,30,29
1680679537359945211,29,29,30,29
1680679537361634120,29,29,30,29
1680679537363318079,29,29,30,29
1680679537365031130,29,29,30,29
1680679537366813653,29,29,30,29
1680679537368526417,29,29,30,29
1680679537370255204,29,29,30,29
1680679537372087792,29,29,30,29
1680679537373816331,29,29,30,29
1680679537375514582,29,29,30,29
1680679537377198862,29,29,30,29
1680679537378879090,29,29,30,29
1680679537380570452,29,29,30,29
1680679537382281124,29,29,30,29
1680679537383973001,29,29,30,29
1680679537385706427,29,29,30,29
1680679537387418920,29,29,30,29
1680679537389110557,29,29,30,29
1680679537390826601,29,29,30,29
1680679537392589094,29,29,30,29
1680679537394283335,29,29,30,29
1680679537395965835,29,29,30,29
1680679537397646345,29,29,30,29
1680679537399325670,29,29,30,29
1680679537401009814,29,29,30,29
1680679537402688268,29,29,30,29
1680679537404374470,29,29,30,29
1680679537406069439,29,29,30,29
1680679537407756293,29,29,30,29
1680679537409444530,29,29,30,29
1680679537411185780,29,29,30,29
1680679537412967815,29,29,30,29
1680679537414652984,29,29,30,29
1680679537416338721,29,29,30,29
1680679537418031934,29,29,30,29
1680679537419717595,29,29,30,29
1680679537421408415,29,29,30,29
1680679537423092550,29,29,30,29
1680679537424844302,29,29,30,29
1680679537426533468,29,29,30,29
1680679537428219410,29,29,30,29
1680679537429907911,29,29,30,29
1680679537431727731,29,29,30,29
1680679537433413902,29,29,30,29
1680679537435103636,29,29,30,29
1680679537436790249,29,29,30,29
1680679537438546722,29,29,30,29
1680679537440315290,29,29,30,29
1680679537442002943,29,29,30,29
1680679537443690313,29,29,30,29
1680679537445377612,29,29,30,29
1680679537447096195,29,29,30,29
1680679537448780425,29,29,30,29
1680679537450475137,29,29,30,29
1680679537452345147,29,29,30,29
1680679537454044783,29,29,30,29
1680679537455741848,29,29,30,29
1680679537457772458,29,29,30,29
1680679537459747013,29,29,30,29
1680679537461444810,29,29,30,29
1680679537463131547,29,29,30,29
1680679537464815773,29,29,30,29
1680679537466710241,29,29,30,29
1680679537468392918,29,29,30,29
1680679537470118270,29,29,30,29
1680679537471954266,29,29,30,29
1680679537473859225,29,29,30,29
1680679537475557132,29,29,30,29
1680679537477340313,29,29,30,29
1680679537479109687,29,29,30,29
1680679537480823812,29,29,30,29
1680679537482484044,29,29,30,29
1680679537484151758,29,29,30,29
1680679537486085995,29,29,30,29
1680679537487755435,29,29,30,29
1680679537489471841,29,29,30,29
1680679537491235719,29,29,30,29
1680679537493021454,29,29,30,29
1680679537494731069,29,29,30,29
1680679537496432610,29,29,30,29
1680679537498155248,29,29,30,29
1680679537499857624,29,29,30,29
1680679537501552941,29,29,30,29
1680679537503229426,29,29,30,29
1680679537504912434,29,29,30,29
1680679537506606756,29,29,30,29
1680679537508289965,29,29,30,29
1680679537509987085,29,29,30,29
1680679537511724773,29,29,30,29
1680679537513414833,29,29,30,29
1680679537515095350,29,29,30,29
1680679537516777681,29,29,30,29
1680679537518460134,29,29,30,29
1680679537520148250,29,29,30,29
1680679537521849967,29,29,30,29
1680679537523541811,29,29,30,29
1680679537525230396,29,29,30,29
1680679537526944114,29,29,30,29
1680679537528631089,29,29,30,29
1680679537530319979,29,29,30,29
1680679537532204919,29,29,30,29
1680679537533905937,29,29,30,29
1680679537535601043,29,29,30,29
1680679537537421745,29,29,30,29
1680679537539310109,29,29,30,29
1680679537541191643,29,29,30,29
1680679537543081275,29,29,30,29
1680679537544967410,29,29,30,29
1680679537546977616,29,29,30,29
1680679537548894373,29,29,30,29
1680679537550767714,29,29,30,29
1680679537552656517,29,29,30,29
1680679537554535857,29,29,30,29
1680679537556398344,29,29,30,29
1680679537558284190,29,29,30,29
1680679537560155570,29,29,30,29
1680679537562046099,29,29,30,29
1680679537563922320,29,29,30,29
1680679537565813329,29,29,30,29
1680679537568287817,29,29,30,29
1680679537570182609,29,29,30,29
1680679537572160649,29,29,30,29
1680679537574046257,29,29,30,29
1680679537575948153,29,29,30,29
1680679537577863581,29,29,30,29
1680679537579768772,29,29,30,29
1680679537581671214,29,29,30,29
1680679537584200469,29,29,30,29
1680679537586233224,29,29,30,29
1680679537588127723,29,29,30,29
1680679537590047966,29,29,30,29
1680679537592176472,29,29,30,29
1680679537594086494,29,29,30,29
1680679537595945916,29,29,30,29
1680679537597809792,29,29,30,29
1680679537600257484,29,29,30,29
1680679537602836941,29,29,30,29
1680679537605175888,29,29,30,29
1680679537607291050,29,29,30,29
1680679537671355653,29,29,29,29
1680679537740059661,29,29,29,29
1680679537742394039,29,29,29,29
1680679537744302600,29,29,29,29
1680679537746230965,29,29,29,29
1680679537748195404,29,29,29,29
1680679537750169909,29,29,29,29
1680679537751876885,29,29,29,29
1680679537753603556,29,29,29,29
1680679537755235668,29,29,29,29
1680679537756876401,29,29,29,29
1680679537758512021,29,29,29,29
1680679537760152144,29,29,29,29
1680679537761818645,29,29,29,29
1680679537763481853,29,29,29,29
1680679537765140876,29,29,29,29
1680679537766814583,29,29,29,29
1680679537768475409,29,29,29,29
1680679537770148574,29,29,29,29
1680679537771862704,29,29,29,29
1680679537773642800,29,29,29,29
1680679537775350430,29,29,29,29
1680679537777060366,29,29,29,29
1680679537778758746,29,29,29,29
1680679537780471134,29,29,29,29
1680679537782184434,29,29,29,29
1680679537783868391,29,29,29,29
1680679537785548675,29,29,29,29
1680679537787255417,29,29,29,29
1680679537788939514,29,29,29,29
1680679537790623108,29,29,29,29
1680679537792383656,29,29,29,29
1680679537794087567,29,29,29,29
1680679537795773499,29,29,29,29
1680679537797460985,29,29,29,29
1680679537799146764,29,29,29,29
1680679537800832590,29,29,29,29
1680679537802585886,29,29,29,29
1680679537804274607,29,29,29,29
1680679537805965751,29,29,29,29
1680679537807686735,29,29,29,29
1680679537809374594,29,29,29,29
1680679537811047022,29,29,29,29
1680679537812877378,29,29,29,29
1680679537814560699,29,29,29,29
1680679537816255982,29,29,29,29
1680679537817967597,29,29,29,29
1680679537819649820,29,29,29,29
1680679537821333241,29,29,29,29
1680679537823015468,29,29,29,29
1680679537824682945,29,29,29,29
1680679537826355582,29,29,29,29
1680679537828073750,29,29,29,29
1680679537829743082,29,29,29,29
1680679537831414108,29,29,29,29
1680679537833188457,29,29,29,29
1680679537834865846,29,29,29,29
1680679537836545957,29,29,29,29
1680679537838240531,29,29,29,29
1680679537839924163,29,29,29,29
1680679537841608717,29,29,29,29
1680679537843294414,29,29,29,29
1680679537844996634,29,29,29,29
1680679537846699312,29,29,29,29
1680679537848464028,29,29,29,29
1680679537850227310,29,29,29,29
1680679537851939957,29,29,29,29
1680679537853800703,29,29,29,29
1680679537855500835,29,29,29,29
1680679537857163708,29,29,29,29
1680679537858831244,29,29,29,29
1680679537860500108,29,29,29,29
1680679537862170323,29,29,29,29
1680679537863846894,29,29,29,29
1680679537865527703,29,29,29,29
1680679537867232380,29,29,29,29
1680679537868911100,29,29,29,29
1680679537870591437,29,29,29,29
1680679537872291751,29,29,29,29
1680679537874014607,29,29,29,29
1680679537875697158,29,29,29,29
1680679537877382703,29,29,29,29
1680679537879068126,29,29,29,29
1680679537880727752,29,29,29,29
1680679537882415311,29,29,29,29
1680679537884109520,29,29,29,29
1680679537885814920,29,29,29,29
1680679537887518939,29,29,29,29
1680679537889203805,29,29,29,29
1680679537890896853,29,29,29,29
1680679537892655565,29,29,29,29
1680679537894337858,29,29,29,29
1680679537896016767,29,29,29,29
1680679537897698153,29,29,29,29
1680679537899376355,29,29,29,29
1680679537901056427,29,29,29,29
1680679537902874852,29,29,29,29
1680679537904560089,29,29,29,29
1680679537906255027,29,29,29,29
1680679537907977535,29,29,29,29
1680679537909666438,29,29,29,29
1680679537911351863,29,29,29,29
1680679537913142029,29,29,29,29
1680679537914841659,29,29,29,29
1680679537916528748,29,29,29,29
1680679537918227814,29,29,29,29
1680679537919917873,29,29,29,29
1680679537921610397,29,29,29,29
1680679537923283136,29,29,29,29
1680679537924964516,29,29,29,29
1680679537926641562,29,29,29,29
1680679537928332543,29,29,29,29
1680679537929999674,29,29,29,29
1680679537931660399,29,29,29,29
1680679537933477983,29,29,29,29
1680679537935144084,29,29,29,29
1680679537936808046,29,29,29,29
1680679537938520477,29,29,29,29
1680679537940228143,29,29,29,29
1680679537941951219,29,29,29,29
1680679537943652079,29,29,29,29
1680679537945361102,29,29,29,29
1680679537947070760,29,29,29,29
1680679537948728352,29,29,29,29
1680679537950463213,29,29,29,29
1680679537952147012,29,29,29,29
1680679537953952341,29,29,29,29
1680679537955640647,29,29,29,29
1680679537957322464,29,29,29,29
1680679537959003986,29,29,29,29
1680679537960684783,29,29,29,29
1680679537962383734,29,29,29,29
1680679537964071235,29,29,29,29
1680679537965756909,29,29,29,29
1680679537967531445,29,29,29,29
1680679537969226170,29,29,29,29
1680679537970907501,29,29,29,29
1680679537972614535,29,29,29,29
1680679537974356264,29,29,29,29
1680679537976041224,29,29,29,29
1680679537977721792,29,29,29,29
1680679537979401301,29,29,29,29
1680679537981081050,29,29,29,29
1680679537982775969,29,29,29,29
1680679537984462169,29,29,29,29
1680679537986160472,29,29,29,29
1680679537987865775,29,29,29,29
1680679537989554419,29,29,29,29
1680679537991242260,29,29,29,29
1680679537993122732,29,29,29,29
1680679537994812505,29,29,29,29
1680679537996496288,29,29,29,29
1680679537998179521,29,29,29,29
1680679537999861704,29,29,29,29
1680679538001624230,29,29,29,29
1680679538003366882,29,29,29,29
1680679538005051098,29,29,29,29
1680679538006744784,29,29,29,29
1680679538008535535,29,29,29,29
1680679538010223939,29,29,29,29
1680679538011906901,29,29,29,29
1680679538013701252,29,29,29,29
1680679538015399452,29,29,29,29
1680679538017086670,29,29,29,29
1680679538018772955,29,29,29,29
1680679538020465508,29,29,29,29
1680679538022156929,29,29,29,29
1680679538023852185,29,29,29,29
1680679538025543128,29,29,29,29
1680679538027230976,29,29,29,29
1680679538028938745,29,29,29,29
1680679538030619412,29,29,29,29
1680679538032282492,29,29,29,29
1680679538034075226,29,29,29,29
1680679538035740111,29,29,29,29
1680679538037411153,29,29,29,29
1680679538039076930,29,29,29,29
1680679538040728647,29,29,29,29
1680679538042429308,29,29,29,29
1680679538044131256,29,29,29,29
1680679538045841007,29,29,29,29
1680679538047553459,29,29,29,29
1680679538049258446,29,29,29,29
1680679538050975103,29,29,29,29
1680679538052787231,29,29,29,29
1680679538054549223,29,29,29,29
1680679538056235379,29,29,29,29
1680679538057930624,29,29,29,29
1680679538059617985,29,29,29,29
1680679538061300092,29,29,29,29
1680679538062980159,29,29,29,29
1680679538064652697,29,29,29,29
1680679538066317357,29,29,29,29
1680679538068016307,29,29,29,29
1680679538069688719,29,29,29,29
1680679538071356353,29,29,29,29
1680679538073131516,29,29,29,29
1680679538074893391,29,29,29,29
1680679538076601961,29,29,29,29
1680679538078318032,29,29,29,29
1680679538080032666,29,29,29,29
1680679538081816654,29,29,29,29
1680679538083530529,29,29,29,29
1680679538085237827,29,29,29,29
1680679538086917604,29,29,29,29
1680679538088656671,29,29,29,29
1680679538090341449,29,29,29,29
1680679538092024155,29,29,29,29
1680679538093906833,29,29,29,29
1680679538095593396,29,29,29,29
1680679538097278985,29,29,29,29
1680679538098965100,29,29,29,29
1680679538100651309,29,29,29,29
1680679538102347629,29,29,29,29
1680679538104032495,29,29,29,29
1680679538105728048,29,29,29,29
1680679538107412415,29,29,29,29
1680679538109096569,29,29,29,29
1680679538110777847,29,29,29,29
1680679538112459244,29,29,29,29
1680679538114237522,29,29,29,29
1680679538115929702,29,29,29,29
1680679538117698458,29,29,29,29
1680679538119384075,29,29,29,29
1680679538121067199,29,29,29,29
1680679538122748135,29,29,29,29
1680679538124434990,29,29,29,29
1680679538126127397,29,29,29,29
1680679538127843652,29,29,29,29
1680679538129535635,29,29,29,29
1680679538131221609,29,29,29,29
1680679538132930194,29,29,29,29
1680679538134671243,29,29,29,29
1680679538136413197,29,29,29,29
1680679538138122385,29,29,29,29
1680679538139807173,29,29,29,29
1680679538141489924,29,29,29,29
1680679538143172987,29,29,29,29
1680679538144852070,29,29,29,29
1680679538146532430,29,29,29,29
1680679538148267750,29,29,29,29
1680679538149956419,29,29,29,29
1680679538151646920,29,29,29,29
1680679538153404186,29,29,29,29
1680679538155176172,29,29,29,29
1680679538156858821,29,29,29,29
1680679538158535798,29,29,29,29
1680679538160223145,29,29,29,29
1680679538161912415,29,29,29,29
1680679538163596451,29,29,29,29
1680679538165298964,29,29,29,29
1680679538166994452,29,29,29,29
1680679538168843761,29,29,29,29
1680679538170498540,29,29,29,29
1680679538172175625,29,29,29,29
1680679538173956343,29,29,29,29
1680679538175627810,29,29,29,29
1680679538177303335,29,29,29,29
1680679538178983395,29,29,29,29
1680679538180669697,29,29,29,29
1680679538182364955,29,29,29,29
1680679538184049068,29,29,29,29
1680679538185741743,29,29,29,29
1680679538187429212,29,29,29,29
1680679538189144653,29,29,29,29
1680679538190851048,29,29,29,29
1680679538192562078,29,29,29,29
1680679538194339617,29,29,29,29
1680679538196047677,29,29,29,29
1680679538197761380,29,29,29,29
1680679538199456501,29,29,29,29
1680679538201140813,29,29,29,29
1680679538202821629,29,29,29,29
1680679538204507945,29,29,29,29
1680679538206203161,29,29,29,29
1680679538207973901,29,29,29,29
1680679538209665364,29,29,29,29
1680679538211356238,29,29,30,29
1680679538213292193,29,29,30,29
1680679538215004304,29,29,30,29
1680679538216679027,29,29,30,29
1680679538218363132,29,29,30,29
1680679538220042205,29,29,30,29
1680679538221722239,29,29,30,29
1680679538223403313,29,29,30,29
1680679538225082817,29,29,30,29
1680679538226768928,29,29,30,29
1680679538228464298,29,29,30,29
1680679538230162705,29,29,30,29
1680679538231849175,29,29,30,29
1680679538233624393,29,29,30,29
1680679538235311530,29,29,30,29
1680679538237001690,29,29,30,29
1680679538238689443,29,29,30,29
1680679538240372584,29,29,30,29
1680679538242072918,29,29,30,29
1680679538243767032,29,29,30,29
1680679538245456649,29,29,30,29
1680679538247146042,29,29,30,29
1680679538248858367,29,29,30,29
1680679538250538693,29,29,30,29
1680679538252230211,29,29,30,29
1680679538254286897,29,29,30,29
1680679538255975537,29,29,30,29
1680679538257661123,29,29,30,29
1680679538259350496,29,29,30,29
1680679538261036117,29,29,30,29
1680679538262717605,29,29,30,29
1680679538264397022,29,29,30,29
1680679538266087655,29,29,30,29
1680679538267774241,29,29,30,29
1680679538269454798,29,29,30,29
1680679538271130137,29,29,30,29
1680679538272809595,29,29,30,29
1680679538274551389,29,29,30,30
1680679538276230594,29,29,30,30
1680679538277999037,29,29,30,30
1680679538279684085,29,29,30,30
1680679538281373410,29,29,30,30
1680679538283061722,29,29,30,30
1680679538284728587,29,29,30,30
1680679538286416385,29,29,30,30
1680679538288133633,29,29,30,30
1680679538289831759,29,29,30,30
1680679538291520755,29,29,30,30
1680679538293337206,29,29,30,30
1680679538295043961,29,29,30,30
1680679538296728918,29,29,30,30
1680679538298419538,29,29,30,30
1680679538300107089,29,29,30,30
1680679538301796483,29,29,30,30
1680679538303486292,29,29,30,30
1680679538305168219,29,29,30,30
1680679538306850123,29,29,30,30
1680679538308563962,29,29,30,30
1680679538310257354,29,29,30,30
1680679538311952113,29,29,30,30
1680679538313678179,29,29,30,30
1680679538315439264,29,29,30,30
1680679538317188150,29,29,30,30
1680679538318861461,29,29,30,30
1680679538320557450,29,29,30,30
1680679538322247767,29,29,30,30
1680679538323927972,29,29,30,30
1680679538325607260,29,29,30,30
1680679538327289149,29,29,30,30
1680679538329029977,29,29,30,30
1680679538330708314,29,29,30,30
1680679538332527989,29,29,30,30
1680679538334432492,29,29,30,30
1680679538336114080,29,29,30,30
1680679538337803652,29,29,30,30
1680679538339493528,29,29,30,30
1680679538341178550,29,29,30,30
1680679538342847693,29,29,30,30
1680679538344525517,29,29,30,30
1680679538346197023,29,29,30,30
1680679538347861656,29,29,30,30
1680679538349636984,29,29,30,30
1680679538351306276,29,29,30,30
1680679538352987584,29,29,30,30
1680679538354817821,29,29,30,30
1680679538356520192,29,29,30,30
1680679538358234721,29,29,30,30
1680679538359990953,29,29,30,30
1680679538361709264,29,29,30,30
1680679538363404257,29,29,30,30
1680679538365086840,29,29,30,30
1680679538366768992,29,29,30,30
1680679538368476819,29,29,30,30
1680679538370170025,29,29,30,30
1680679538371861079,29,29,30,30
1680679538373643394,29,29,30,30
1680679538375354661,29,29,30,30
1680679538377031587,29,29,30,30
1680679538378713273,29,29,29,30
1680679538380390482,29,29,29,30
1680679538382147739,29,29,29,30
1680679538383830887,29,29,29,30
1680679538385513407,29,29,29,30
1680679538387190581,29,29,29,30
1680679538388900335,29,29,29,30
1680679538390580959,29,29,29,30
1680679538392266431,29,29,29,30
1680679538394024634,29,29,29,30
1680679538395712734,29,29,29,30
1680679538397400463,29,29,29,30
1680679538399087244,29,29,29,30
1680679538400730064,29,29,29,30
1680679538402481265,29,29,29,30
1680679538404213207,29,29,29,30
1680679538405911507,29,29,29,30
1680679538407616070,29,29,29,30
1680679538409384989,29,29,29,30
1680679538411064875,29,29,29,30
1680679538412732977,29,29,29,30
1680679538414495715,29,29,29,30
1680679538416179364,29,29,29,30
1680679538417865123,29,29,29,30
1680679538419557446,29,29,29,30
1680679538421238331,29,29,29,30
1680679538422918607,29,29,29,30
1680679538424612004,29,29,29,30
1680679538426308281,29,29,29,30
1680679538428004810,29,29,29,30
1680679538429689849,29,29,29,30
1680679538431374542,29,29,29,30
1680679538433057839,29,29,29,30
1680679538434811518,29,29,29,30
1680679538436567972,29,29,29,30
1680679538438346113,29,29,29,30
1680679538440061398,29,29,29,30
1680679538441749467,29,29,29,30
1680679538443440348,29,29,29,30
1680679538445122772,29,29,29,30
1680679538446801132,29,29,29,30
1680679538448515111,29,29,29,30
1680679538450216853,29,29,29,30
1680679538451905090,29,29,29,30
1680679538453981583,29,29,29,30
1680679538455739250,29,29,29,30
1680679538457404735,29,29,29,30
1680679538459070364,29,29,29,30
1680679538460727283,29,29,29,30
1680679538462405159,29,29,29,30
1680679538464076000,29,29,29,30
1680679538465768625,29,29,29,30
1680679538467464216,29,29,29,30
1680679538469175038,29,29,29,30
1680679538470860617,29,29,29,30
1680679538472542529,29,29,29,30
1680679538474316830,29,29,29,30
1680679538476005252,29,29,29,30
1680679538477771872,29,29,29,30
1680679538479464284,29,29,29,30
1680679538481147569,29,29,29,30
1680679538482829457,29,29,29,30
1680679538484513383,29,29,29,30
1680679538486205890,29,29,29,30
1680679538487888596,29,29,29,30
1680679538489616467,29,29,29,30
1680679538491299422,29,29,29,30
1680679538492979616,29,29,29,30
1680679538494836079,29,29,29,30
1680679538496518462,29,29,29,30
1680679538498218765,29,29,29,30
1680679538499902620,29,29,29,30
1680679538501588663,29,29,29,30
1680679538503274068,29,29,29,30
1680679538504955978,29,29,29,30
1680679538506635245,29,29,29,30
1680679538508327441,29,29,29,30
1680679538510005205,29,29,29,30
1680679538511676741,29,29,29,30
1680679538513340455,29,29,29,30
1680679538515099799,29,29,29,30
1680679538516728100,29,29,29,30
1680679538518419955,29,29,29,30
1680679538520132256,29,29,29,30
1680679538521846809,29,29,29,30
1680679538523553918,29,29,29,30
1680679538525257553,29,29,29,30
1680679538526995666,29,29,29,30
1680679538528728312,29,29,29,30
1680679538530412438,29,29,29,30
1680679538532098017,29,29,29,30
1680679538533900734,29,29,29,30
1680679538535608694,29,29,29,30
1680679538537298860,29,29,29,30
1680679538538981628,29,29,29,30
1680679538540669099,29,29,29,30
1680679538542359553,29,29,29,30
1680679538544057482,29,29,29,30
1680679538545742165,29,29,29,30
1680679538547423561,29,29,29,30
1680679538549129716,29,29,29,30
1680679538550810120,29,29,29,30
1680679538552489737,29,29,29,30
1680679538554241260,29,29,29,30
1680679538555923168,29,29,29,30
1680679538557604006,29,29,29,30
1680679538559285263,29,29,29,30
1680679538560946926,29,29,29,30
1680679538562626082,29,29,29,30
1680679538564302105,29,29,29,30
1680679538565976955,29,29,29,30
1680679538567640517,29,29,29,30
1680679538569332927,29,29,29,30
1680679538571037378,29,29,29,30
1680679538572728107,29,29,29,30
1680679538574615616,29,29,29,30
1680679538576326560,29,29,29,30
1680679538578033630,29,29,29,30
1680679538579759787,29,29,29,30
1680679538581439791,29,29,29,30
1680679538583193166,29,29,29,30
1680679538584878992,29,29,29,30
1680679538586568128,29,29,29,30
1680679538588249062,29,29,29,30
1680679538589968706,29,29,29,30
1680679538591676393,29,29,29,30
1680679538593386261,29,29,29,30
1680679538595134491,29,29,29,30
1680679538596841036,29,29,29,30
1680679538598548753,29,29,29,30
1680679538600257787,29,29,29,30
1680679538601941906,29,29,29,30
1680679538603626558,29,29,29,30
1680679538605455001,29,29,29,30
1680679538607145637,29,29,29,30
1680679538608859447,29,29,29,29
1680679538610543707,29,29,29,29
1680679538612232206,29,29,29,29
1680679538613959065,29,29,29,29
1680679538615694298,29,29,29,29
1680679538617378418,29,29,29,29
1680679538619059917,29,29,29,29
1680679538620727953,29,29,29,29
1680679538622416124,29,29,29,29
1680679538624105674,29,29,29,29
1680679538625798002,29,29,29,29
1680679538627486607,29,29,29,29
1680679538629194576,29,30,29,29
1680679538630876109,29,30,29,29
1680679538632620448,29,30,29,29
1680679538634425542,29,30,29,29
1680679538636159170,29,30,29,29
1680679538637907473,29,30,29,29
1680679538639707249,29,30,29,29
1680679538641441023,29,30,29,29
1680679538643167188,29,30,29,29
1680679538644818631,29,30,29,29
1680679538646462226,29,30,29,29
1680679538648112350,29,30,29,29
1680679538649790062,29,30,29,29
1680679538651443014,29,30,29,29
1680679538653098136,29,30,29,29
1680679538654959497,29,30,29,29
1680679538656662822,29,30,29,29
1680679538658376196,29,30,29,29
1680679538660139598,29,30,29,29
1680679538661858411,29,30,29,29
1680679538663567289,29,30,29,29
1680679538665257921,29,30,29,29
1680679538666941595,29,30,29,29
1680679538668628098,29,30,29,29
1680679538670321912,29,30,29,29
1680679538672010472,29,30,29,29
1680679538673695877,29,30,29,29
1680679538675472162,29,30,29,29
1680679538677154954,29,30,29,29
1680679538678846586,29,30,29,29
1680679538680603929,29,30,29,29
1680679538682302297,29,30,29,29
1680679538683994160,29,30,29,29
1680679538685691619,29,30,29,29
1680679538687366919,29,30,29,29
1680679538689104262,29,30,29,29
1680679538690790042,29,30,29,29
1680679538692472881,29,30,29,29
1680679538694263136,29,30,29,29
1680679538696044341,29,30,29,29
1680679538697728595,29,30,29,29
1680679538699406721,29,30,29,29
1680679538701090606,29,30,29,29
1680679538702784429,29,30,29,29
1680679538704484392,29,30,29,29
1680679538706169469,29,30,29,29
1680679538707858068,29,30,29,29
1680679538709564720,29,30,29,29
1680679538711248320,29,30,29,29
1680679538712931528,29,30,29,29
1680679538714654261,29,30,29,29
1680679538716349676,29,30,29,29
1680679538718033802,29,30,29,29
1680679538719719906,29,30,29,29
1680679538721408658,29,30,29,29
1680679538723101385,29,30,29,29
1680679538724861724,29,30,29,29
1680679538726544672,29,30,29,29
1680679538728235317,29,30,29,29
1680679538729957171,29,30,29,29
1680679538731698517,29,30,29,29
1680679538733386005,29,30,29,29
1680679538735263115,29,30,29,29
1680679538736956055,29,30,29,29
1680679538738635446,29,30,29,29
1680679538740316950,29,30,29,29
1680679538742003934,29,30,29,29
1680679538743686517,29,30,29,29
1680679538745367739,29,30,29,29
1680679538747047984,29,30,29,29
1680679538748713162,29,30,29,29
1680679538750385087,29,30,29,29
1680679538752047409,29,30,29,29
1680679538753715434,29,30,29,29
1680679538755450043,29,30,29,29
1680679538757118780,29,30,29,29
1680679538758796243,29,30,29,29
1680679538760474918,29,30,29,29
1680679538762164936,29,30,29,29
1680679538763848192,29,30,29,29
1680679538765524566,29,30,29,29
1680679538767207770,29,30,29,29
1680679538769230516,29,30,29,29
1680679538771085250,29,30,29,29
1680679538772793071,29,30,29,29
1680679538774544070,29,30,29,29
1680679538776411648,29,30,29,29
1680679538778133834,29,30,29,29
1680679538779844837,29,30,29,29
1680679538781528827,29,30,29,29
1680679538783410539,29,30,29,29
1680679538785154571,29,30,29,29
1680679538786839496,29,30,29,29
1680679538788529547,29,30,29,29
1680679538790445299,29,30,29,29
1680679538792138174,29,30,29,29
1680679538793835808,29,30,29,29
1680679538795589348,29,30,29,29
1680679538797298190,29,29,29,29
1680679538798977490,29,29,29,29
1680679538800675141,29,29,29,29
1680679538802366615,29,29,29,29
1680679538804050535,29,29,29,29
1680679538805740701,29,29,29,29
1680679538807427389,29,29,29,29
1680679538809140443,29,29,29,29
1680679538810825880,29,29,29,29
1680679538812492952,29,29,29,29
1680679538814183667,29,29,29,29
1680679538815916122,29,29,29,29
1680679538817581015,29,29,29,29
1680679538819242908,29,29,29,29
1680679538820903542,29,29,29,29
1680679538822583301,29,29,29,29
1680679538824262646,29,29,29,29
1680679538825953489,29,29,29,29
1680679538827648035,29,29,29,29
1680679538829452968,29,29,29,29
1680679538831138803,29,29,29,29
1680679538832847072,29,29,29,29
1680679538834690129,29,29,29,29
1680679538836420564,29,29,29,29
1680679538838134632,29,29,29,29
1680679538839836677,29,29,29,29
1680679538841548643,29,29,29,29
1680679538843268323,29,29,29,29
1680679538844958534,29,29,29,29
1680679538846636242,29,29,29,29
1680679538848454794,29,29,29,29
1680679538850391186,29,29,29,29
1680679538852275189,29,29,29,29
1680679538854166838,29,29,29,29
1680679538856305202,29,29,29,29
1680679538858202408,29,29,29,29
1680679538860083083,29,29,29,29
1680679538861956789,29,29,29,29
1680679538863803301,29,29,29,29
1680679538865698849,29,29,29,29
1680679538867556853,29,29,29,29
1680679538869448304,29,29,29,29
1680679538871340508,29,29,29,29
1680679538873222691,29,29,29,29
1680679538875346967,29,29,29,29
1680679538877207621,29,29,29,29
1680679538879806747,29,29,29,29
1680679538881688950,29,29,29,29
1680679538883567971,29,29,29,29
1680679538885459191,29,29,29,29
1680679538887342708,29,29,29,29
1680679538889260563,29,29,29,29
1680679538891177479,29,29,29,29
1680679538893081535,29,29,29,29
1680679538895738501,29,29,29,29
1680679538897626381,29,29,29,29
1680679538899534136,29,29,29,29
1680679538901454090,29,29,29,29
1680679538903373840,29,29,29,29
1680679538905290360,29,29,29,29
1680679538907198315,29,29,29,29
1680679538909071672,29,29,29,29
1680679538911654094,29,29,29,29
1680679538914234509,29,29,29,29
1680679538916401872,29,29,29,29
1680679538918591304,29,29,29,29
1680679538988505147,29,29,29,29
1680679539054724561,29,29,29,29
1680679539057112985,29,29,29,29
1680679539059028191,29,29,29,29
1680679539060934029,29,29,29,29
1680679539062847928,29,29,29,29
1680679539064742366,29,29,29,29
1680679539066573450,29,29,29,29
1680679539068223329,29,29,29,29
1680679539069990045,29,29,29,29
1680679539071651573,29,29,29,29
1680679539073302714,29,29,29,29
1680679539074955576,29,29,29,29
1680679539076703466,29,29,29,29
1680679539078401035,29,29,29,29
1680679539080094597,29,29,29,29
1680679539081781838,29,29,29,29
1680679539083494955,29,29,29,29
1680679539085175402,29,29,29,29
1680679539086857517,29,29,29,29
1680679539088541027,29,29,29,29
1680679539090279888,29,29,29,29
1680679539091975064,29,29,29,29
1680679539093657013,29,29,29,29
1680679539095391299,29,29,29,29
1680679539097127878,29,29,29,29
1680679539098806499,29,29,29,29
1680679539100498444,29,29,29,29
1680679539102182163,29,29,29,29
1680679539103867055,29,29,29,29
1680679539105579589,29,29,29,29
1680679539107259657,29,29,29,29
1680679539108944212,29,29,29,29
1680679539110635922,29,29,29,29
1680679539112324040,29,29,29,29
1680679539114015306,29,29,29,29
1680679539115756480,29,29,29,29
1680679539117445591,29,29,29,29
1680679539119128779,29,29,29,29
1680679539120812482,29,29,29,29
1680679539122489061,29,29,29,29
1680679539124177692,29,29,29,29
1680679539125872021,29,29,29,29
1680679539127559770,29,29,29,29
1680679539129242212,29,29,29,29
1680679539130944869,29,29,29,29
1680679539132625468,29,29,29,29
1680679539134315602,29,29,29,29
1680679539136089951,29,29,29,29
1680679539137795326,29,29,29,29
1680679539139479108,29,29,29,29
1680679539141168267,29,29,29,29
1680679539142859485,29,29,29,29
1680679539144614607,29,29,29,29
1680679539146311178,29,29,29,29
1680679539148014127,29,29,29,29
1680679539149700233,29,29,29,29
1680679539151408409,29,29,29,29
1680679539153084398,29,29,29,29
1680679539154769752,29,29,29,29
1680679539156625507,29,29,29,29
1680679539158316294,29,29,29,29
1680679539159997918,29,29,29,29
1680679539161682715,29,29,29,29
1680679539163362529,29,29,29,29
1680679539165042943,29,29,29,29
1680679539166726563,29,29,29,29
1680679539168499883,29,29,29,29
1680679539170196210,29,29,29,29
1680679539171885171,29,29,29,29
1680679539173569241,29,29,29,29
1680679539175254812,29,29,29,29
1680679539176986053,29,29,29,29
1680679539178673613,29,29,29,29
1680679539180360612,29,29,29,29
1680679539182050940,29,29,29,29
1680679539183879361,29,29,29,29
1680679539185573344,29,29,29,29
1680679539187254740,29,29,29,29
1680679539189026685,29,29,29,29
1680679539190742961,29,29,29,29
1680679539192443375,29,29,29,29
1680679539194158905,29,29,29,29
1680679539196070203,29,29,29,29
1680679539197758289,29,29,29,29
1680679539199438479,29,29,29,29
1680679539201098674,29,29,29,29
1680679539202762827,29,29,29,29
1680679539204486353,29,29,29,29
1680679539206158427,29,29,29,29
1680679539207831933,29,29,29,29
1680679539209517598,29,29,29,29
1680679539211226253,29,29,29,29
1680679539212910157,29,29,29,29
1680679539214587360,29,29,29,29
1680679539216431629,29,29,29,29
1680679539218129533,29,29,29,29
1680679539219817906,29,29,29,29
1680679539221500511,29,29,29,29
1680679539223187502,29,29,29,29
1680679539224869709,29,29,29,29
1680679539226555365,29,29,29,29
1680679539228239485,29,29,29,29
1680679539229939980,29,29,29,29
1680679539231687153,29,29,29,29
1680679539233364231,29,29,29,29
1680679539235046127,29,29,29,29
1680679539236903214,29,29,29,29
1680679539238620308,29,29,29,29
1680679539240306156,29,29,29,29
1680679539242006503,29,29,29,29
1680679539243700964,29,29,29,29
1680679539245395660,29,29,29,29
1680679539247087651,29,29,29,29
1680679539248852820,29,29,29,29
1680679539250558561,29,29,29,29
1680679539252244598,29,29,29,29
1680679539253941271,29,29,29,29
1680679539255809277,29,29,29,29
1680679539257539598,29,29,29,29
1680679539259228249,29,29,29,29
1680679539260910009,29,29,29,29
1680679539262594180,29,29,29,29
1680679539264313490,29,29,29,29
1680679539266009688,29,29,29,29
1680679539267691539,29,29,29,29
1680679539269369956,29,29,29,29
1680679539271075152,29,29,29,29
1680679539272727161,29,29,29,29
1680679539274391330,29,29,29,29
1680679539276266783,29,29,29,29
1680679539277948647,29,29,29,29
1680679539279623333,29,29,29,29
1680679539281293198,29,29,29,29
1680679539282973162,29,29,29,29
1680679539284671384,29,29,29,29
1680679539286428806,29,29,29,29
1680679539288119052,29,29,29,29
1680679539289804737,29,29,29,29
1680679539291513627,29,29,29,29
1680679539293312840,29,29,29,29
1680679539295028471,29,29,29,29
1680679539296833052,29,29,29,29
1680679539298545425,29,29,29,29
1680679539300266159,29,29,29,29
1680679539302041059,29,29,29,29
1680679539303749690,29,29,29,29
1680679539305436136,29,29,29,29
1680679539307119288,29,29,29,29
1680679539308810393,29,29,29,29
1680679539310554458,29,29,29,29
1680679539312238018,29,29,29,29
1680679539313923181,29,29,29,29
1680679539315864913,29,29,29,29
1680679539317598115,29,29,29,29
1680679539319286486,29,29,29,29
1680679539320967380,29,29,29,29
1680679539322647867,29,29,29,29
1680679539324331266,29,29,29,29
1680679539326013681,29,29,29,29
1680679539327764923,29,29,29,29
1680679539329443476,29,29,29,29
1680679539331183871,29,29,29,29
1680679539332864979,29,29,29,29
1680679539334544651,29,29,29,29
1680679539336364331,29,29,29,29
1680679539338064133,29,29,29,29
1680679539339747355,29,29,29,29
1680679539341427344,29,29,29,29
1680679539343107421,29,29,29,29
1680679539344788929,29,29,29,29
1680679539346469621,29,29,29,29
1680679539348151864,29,29,29,29
1680679539349841195,29,29,29,29
1680679539351574398,29,29,29,29
1680679539353254489,29,29,29,29
1680679539354933009,29,29,29,29
1680679539356729237,29,29,29,29
1680679539358392029,29,29,29,29
1680679539360064183,29,29,29,29
1680679539361732841,29,29,29,29
1680679539363404642,29,29,29,29
1680679539365070351,29,29,29,29
1680679539366764201,29,29,29,29
1680679539368463780,29,29,29,29
1680679539370180397,29,29,29,29
1680679539371992434,29,29,29,29
1680679539373696704,29,29,29,29
1680679539375397832,29,29,29,29
1680679539377326312,29,29,29,29
1680679539379005883,29,29,29,29
1680679539380694214,29,29,29,29
1680679539382380426,29,29,29,29
1680679539384094072,29,29,29,29
1680679539385782515,29,29,29,29
1680679539387469112,29,29,29,29
1680679539389188777,29,29,29,29
1680679539390928686,29,29,29,29
1680679539392619271,29,29,29,29
1680679539394319817,29,29,29,29
1680679539396072165,29,29,29,29
1680679539397790361,29,29,29,29
1680679539399482242,29,29,29,29
1680679539401156636,29,29,29,29
1680679539402836215,29,29,29,29
1680679539404563201,29,29,29,29
1680679539406317426,29,29,29,29
1680679539407995967,29,29,29,29
1680679539409676447,29,29,29,29
1680679539411437811,29,29,29,29
1680679539413124203,29,29,29,29
1680679539414807518,29,29,29,29
1680679539416587085,29,29,29,29
1680679539418287768,29,29,29,29
1680679539419974337,29,29,29,29
1680679539421660570,29,29,29,29
1680679539423334976,29,29,29,29
1680679539425020957,29,29,29,29
1680679539426701224,29,29,29,29
1680679539428381492,29,29,29,29
1680679539430082709,29,29,29,29
1680679539431790036,29,29,29,29
1680679539433469324,29,29,29,29
1680679539435149909,29,29,29,29
1680679539436928843,29,29,29,29
1680679539438703738,29,29,29,29
1680679539440386154,29,29,29,29
1680679539442080360,29,29,29,29
1680679539443770029,29,29,29,29
1680679539445449613,29,29,29,30
1680679539447140870,29,29,29,30
1680679539448839829,29,29,29,30
1680679539450547297,29,29,29,30
1680679539452374950,29,29,29,30
1680679539454089688,29,29,29,30
1680679539455882808,29,29,29,30
1680679539457688338,29,29,29,30
1680679539459417148,29,29,29,30
1680679539461087731,29,29,29,30
1680679539462748396,29,29,29,30
1680679539464407058,29,29,29,30
1680679539466080296,29,29,29,30
1680679539467747336,29,29,29,30
1680679539469455104,29,29,29,30
1680679539471179238,29,29,29,30
1680679539472890043,29,29,29,30
1680679539474588630,29,29,29,30
1680679539476429823,29,29,29,30
1680679539478154051,29,29,29,30
1680679539479866640,29,29,29,30
1680679539481557517,29,29,29,30
1680679539483241251,29,29,29,30
1680679539484917517,29,29,29,30
1680679539486601191,29,29,29,30
1680679539488283034,29,29,29,30
1680679539489973933,29,29,29,30
1680679539491711736,29,29,29,30
1680679539493391322,29,29,29,30
1680679539495071909,29,29,29,30
1680679539496870004,29,29,29,30
1680679539498553713,29,29,29,30
1680679539500239667,29,29,29,30
1680679539501935231,29,29,29,30
1680679539503628726,29,29,29,30
1680679539505316875,29,29,29,30
1680679539506998983,29,29,29,30
1680679539508688610,29,29,29,30
1680679539510391430,29,29,29,30
1680679539512102407,29,29,29,30
1680679539513788315,29,29,29,30
1680679539515485921,29,29,29,30
1680679539517272096,29,29,29,30
1680679539518959765,29,29,29,30
1680679539520642933,29,29,29,30
1680679539522326620,29,29,29,30
1680679539524009146,29,29,29,30
1680679539525690809,29,29,29,30
1680679539527373340,29,29,29,30
1680679539529056908,29,29,29,30
1680679539530740513,29,29,29,30
1680679539532417600,29,29,29,30
1680679539534121105,29,29,29,30
1680679539535799930,29,29,29,30
1680679539537610756,29,29,29,30
1680679539539289842,29,29,29,30
1680679539540972078,29,29,29,30
1680679539542655605,29,29,29,30
1680679539544402205,29,29,29,30
1680679539546085153,29,29,29,30
1680679539547761577,29,29,29,30
1680679539549427743,29,29,29,30
1680679539551124368,29,29,29,30
1680679539552797220,29,29,29,30
1680679539554496737,29,29,29,30
1680679539556214623,29,29,29,30
1680679539557953798,29,29,29,30
1680679539559652379,29,29,29,30
1680679539561366014,29,29,29,30
1680679539563078858,29,29,29,30
1680679539564775759,29,29,29,30
1680679539566459096,29,29,29,30
1680679539568147182,29,29,29,30
1680679539569895487,29,29,29,30
1680679539571586161,29,29,29,30
1680679539573266946,29,29,29,30
1680679539574944593,29,29,29,30
1680679539576637542,29,29,29,30
1680679539578304501,29,29,29,30
1680679539579971486,29,29,29,30
1680679539581634535,29,29,29,30
1680679539583307407,29,29,29,30
1680679539584983362,29,29,29,30
1680679539586682889,29,29,29,30
1680679539588392263,29,29,29,30
1680679539590102748,29,29,29,30
1680679539591907782,29,29,29,30
1680679539593615386,29,29,29,30
1680679539595321455,29,29,29,30
1680679539597102209,29,29,29,30
1680679539598778170,29,29,29,30
1680679539600464004,29,29,29,30
1680679539602157680,29,29,29,30
1680679539603841998,29,29,29,30
1680679539605818204,29,29,29,30
1680679539607506470,29,29,29,30
1680679539609192184,29,29,29,30
1680679539610879877,29,29,29,30
1680679539612619601,29,29,29,29
1680679539614398229,29,29,29,29
1680679539616087005,29,29,29,29
1680679539617855523,29,29,29,29
1680679539619537440,29,29,29,29
1680679539621225090,29,29,29,29
1680679539622907617,29,29,29,29
1680679539624598608,29,29,29,29
1680679539626305451,29,29,29,29
1680679539627988344,29,29,29,29
1680679539629670272,29,29,29,29
1680679539631374446,29,29,29,29
1680679539633055307,29,29,29,29
1680679539634737364,29,29,29,29
1680679539636478397,29,29,29,29
1680679539638220060,29,29,29,29
1680679539639895848,29,29,29,29
1680679539641572938,29,29,29,29
1680679539643256614,29,29,29,29
1680679539644937108,29,29,29,29
1680679539646618700,29,29,29,29
1680679539648300013,29,29,29,29
1680679539649987271,29,29,29,29
1680679539651686244,29,29,29,29
1680679539653402586,29,29,29,29
1680679539655082484,29,29,29,29
1680679539656828577,29,29,29,29
1680679539658519700,29,29,29,29
1680679539660205847,29,29,29,29
1680679539661901615,29,29,29,29
1680679539663587495,29,29,29,29
1680679539665298232,29,29,29,29
1680679539666985936,29,29,29,29
1680679539668667982,29,29,29,29
1680679539670357579,29,29,29,29
1680679539672097001,29,29,29,29
1680679539673771473,29,29,29,29
1680679539675447675,29,29,29,29
1680679539677224702,29,29,29,29
1680679539678898987,29,29,29,29
1680679539680561262,29,29,29,29
1680679539682234074,29,29,29,29
1680679539683972351,29,29,29,29
1680679539685635277,29,29,29,29
1680679539687302058,29,29,29,29
1680679539688963256,29,29,29,29
1680679539690660389,29,29,29,29
1680679539692384765,29,29,29,29
1680679539694088483,29,29,29,29
1680679539695794949,29,29,29,29
1680679539697661345,29,29,29,29
1680679539699368936,29,29,29,29
1680679539701066071,29,29,29,29
1680679539702747925,29,29,29,29
1680679539704425764,29,29,29,29
1680679539706157744,29,29,29,29
1680679539707851213,29,29,29,29
1680679539709535267,29,29,29,29
1680679539711225087,29,29,29,29
1680679539712994115,29,29,29,29
1680679539714682352,29,29,29,29
1680679539716370514,29,29,29,29
1680679539718136303,29,29,30,29
1680679539719824683,29,29,30,29
1680679539721509760,29,29,30,29
1680679539723200334,29,29,30,29
1680679539724884611,29,29,30,29
1680679539726567013,29,29,30,29
1680679539728247530,29,29,30,29
1680679539729937919,29,29,30,29
1680679539731730736,29,29,30,29
1680679539733419215,29,29,30,29
1680679539735108169,29,29,30,29
1680679539736809190,29,29,30,29
1680679539738521492,29,29,30,29
1680679539740217010,29,29,30,29
1680679539741900429,29,29,30,29
1680679539743581355,29,29,30,29
1680679539745263736,29,29,30,29
1680679539746956249,29,29,30,29
1680679539748643550,29,29,30,29
1680679539750330279,29,29,30,29
1680679539752036422,29,29,30,29
1680679539753717496,29,29,30,29
1680679539755400216,29,29,30,29
1680679539757186047,29,29,30,29
1680679539758878436,29,29,30,29
1680679539760572927,29,29,30,29
1680679539762326383,29,29,30,29
1680679539764011794,29,29,30,29
1680679539765696877,29,29,30,29
1680679539767378692,29,29,30,29
1680679539769060935,29,29,30,29
1680679539770748963,29,29,30,29
1680679539772504166,29,29,30,29
1680679539774273092,29,29,30,29
1680679539775970386,29,29,30,29
1680679539777760675,29,29,30,29
1680679539779463812,29,29,30,29
1680679539781257439,29,29,30,29
1680679539783031084,29,29,30,29
1680679539784698566,29,29,30,29
1680679539786385785,29,29,30,29
1680679539788126881,29,29,30,29
1680679539789791871,29,29,30,29
1680679539791606897,29,29,30,29
1680679539793307054,29,29,30,29
1680679539795001566,29,29,30,29
1680679539796725699,29,29,30,29
1680679539798485878,29,29,30,29
1680679539800205576,29,29,30,29
1680679539802008119,29,29,30,29
1680679539803699202,29,29,30,29
1680679539805415658,29,29,30,29
1680679539807102920,29,29,30,29
1680679539808793420,29,29,30,29
1680679539810476026,29,29,30,29
1680679539812188912,29,29,30,29
1680679539813872178,29,29,30,29
1680679539815555365,29,29,30,29
1680679539817450334,29,29,30,29
1680679539819141474,29,29,30,29
1680679539820887052,29,29,30,29
1680679539822566397,29,29,30,29
1680679539824250196,29,29,30,29
1680679539825943227,29,29,30,29
1680679539827627190,29,29,30,29
1680679539829310104,29,29,30,29
1680679539830992262,29,29,30,29
1680679539832709015,29,29,30,29
1680679539834665790,29,29,30,29
1680679539836367473,29,29,30,29
1680679539838166565,29,29,30,29
1680679539839850044,29,29,30,29
1680679539841526590,29,29,30,29
1680679539843212135,29,29,30,29
1680679539844892927,29,29,30,29
1680679539846569137,29,29,30,29
1680679539848251495,29,29,30,29
1680679539849943781,29,29,30,29
1680679539851684703,29,29,30,29
1680679539853373737,29,29,30,29
1680679539855056796,29,29,30,29
1680679539856726816,29,29,30,29
1680679539858581132,29,29,30,29
1680679539860243093,29,29,30,29
1680679539861914505,29,29,30,29
1680679539863578384,29,29,30,29
1680679539865242219,29,29,30,29
1680679539866942007,29,29,30,29
1680679539868667059,29,29,30,29
1680679539870377484,29,29,30,29
1680679539872116989,29,29,30,29
1680679539873839750,29,29,30,29
1680679539875552650,29,29,30,29
1680679539877411615,29,29,30,29
1680679539879125119,29,29,30,29
1680679539880834725,29,29,30,29
1680679539882542045,29,29,30,29
1680679539884248602,29,29,30,29
1680679539885966090,29,29,30,29
1680679539887678010,29,29,30,29
1680679539889429463,29,29,30,29
1680679539891118013,29,29,30,29
1680679539892828306,29,29,30,29
1680679539894507373,29,29,30,29
1680679539896190918,29,29,30,29
1680679539897994165,29,29,30,29
1680679539899693879,29,29,30,29
1680679539901374895,29,29,30,29
1680679539903051221,29,29,30,29
1680679539904727693,29,29,30,29
1680679539906417527,29,29,30,29
1680679539908103851,29,29,30,29
1680679539909812145,29,29,30,29
1680679539911504029,29,29,30,29
1680679539913195500,29,29,30,29
1680679539914890118,29,29,30,29
1680679539916630497,29,29,30,29
1680679539918475363,29,29,30,29
1680679539920164180,29,29,30,29
1680679539921913672,29,29,30,29
1680679539923607842,29,29,30,29
1680679539925288804,29,29,30,29
1680679539926970002,29,29,30,29
1680679539928656813,29,29,30,29
1680679539930342392,29,29,30,29
1680679539932103301,29,29,30,29
1680679539933798104,29,29,30,29
1680679539935484279,29,29,30,29
1680679539937242342,29,29,30,29
1680679539938950802,29,29,30,29
1680679539940618399,29,29,30,29
1680679539942289278,29,29,30,29
1680679539943953363,29,29,30,29
1680679539945619301,29,29,30,29
1680679539947285587,29,29,30,29
1680679539948959001,29,29,30,29
1680679539950658862,29,29,30,29
1680679539952483806,29,29,30,29
1680679539954201158,29,29,30,29
1680679539955899585,29,29,30,29
1680679539957678071,29,29,30,29
1680679539959398443,29,29,30,29
1680679539961086666,29,29,30,29
1680679539962794262,29,29,30,29
1680679539964484115,29,29,30,29
1680679539966176056,29,29,30,29
1680679539967856067,29,30,30,29
1680679539969537004,29,30,30,29
1680679539971213941,29,30,30,29
1680679539972922248,29,30,30,29
1680679539974607187,29,30,30,29
1680679539976377471,29,30,30,29
1680679539978165857,29,30,30,29
1680679539979855677,29,30,30,29
1680679539981537225,29,30,30,29
1680679539983221297,29,30,30,29
1680679539984990559,29,30,30,29
1680679539986673575,29,30,30,29
1680679539988361090,29,30,30,29
1680679539990052233,29,30,30,29
1680679539991736186,29,30,30,29
1680679539993423298,29,30,30,29
1680679539995116552,29,30,30,29
1680679539996801689,29,30,30,29
1680679539998623446,29,30,30,29
1680679540000314375,29,30,30,29
1680679540002004588,29,30,30,29
1680679540003681212,29,30,30,29
1680679540005362608,29,30,30,29
1680679540007094188,29,30,30,29
1680679540008775085,29,30,30,29
1680679540010456908,29,30,30,29
1680679540012165808,29,30,30,29
1680679540013953007,29,30,30,29
1680679540015728081,29,30,30,29
1680679540017522867,29,30,30,29
1680679540019278277,29,30,30,29
1680679540020978411,29,30,30,29
1680679540022651982,29,30,30,29
1680679540024319814,29,30,30,29
1680679540025997249,29,30,30,29
1680679540027663628,29,30,30,29
1680679540029328273,29,30,30,29
1680679540030997930,29,30,30,29
1680679540032727949,29,30,30,29
1680679540034440289,29,30,30,29
1680679540036146994,29,30,30,29
1680679540037986660,29,30,30,29
1680679540039695041,29,30,30,29
1680679540041404742,29,30,30,29
1680679540043112929,29,30,30,29
1680679540044727556,29,30,30,29
1680679540046381364,29,30,30,29
1680679540048028848,29,30,30,29
1680679540049672714,29,30,30,29
1680679540051315779,29,30,30,29
1680679540052994392,29,30,29,29
1680679540054688450,29,30,29,29
1680679540056394428,29,30,29,29
1680679540058333634,29,30,29,29
1680679540060037465,29,30,29,29
1680679540061757889,29,30,29,29
1680679540063486712,29,30,29,29
1680679540065180095,29,30,29,29
1680679540066859756,29,30,29,29
1680679540068538621,29,30,29,29
1680679540070243161,29,30,29,29
1680679540071932661,29,30,29,29
1680679540073615512,29,30,29,29
1680679540075295986,29,30,29,29
1680679540076976737,29,30,29,29
1680679540078753746,29,30,29,29
1680679540080449543,29,30,29,29
1680679540082304198,29,30,29,29
1680679540084195662,29,30,29,29
1680679540085975105,29,30,29,29
1680679540087656176,29,30,29,29
1680679540089328735,29,30,29,29
1680679540091009361,29,30,29,29
1680679540092868964,29,30,29,29
1680679540094553960,29,30,29,29
1680679540096241797,29,30,29,29
1680679540098007624,29,30,29,29
1680679540099941538,29,30,29,29
1680679540101622856,29,30,29,29
1680679540103303878,29,30,29,29
1680679540104994307,29,30,29,29
1680679540106916330,29,30,29,29
1680679540108599859,29,30,29,29
1680679540110298864,29,30,29,29
1680679540111980544,29,30,29,29
1680679540113739928,29,30,29,29
1680679540115576389,29,30,29,29
1680679540117282334,29,30,29,29
1680679540119063497,29,30,29,29
1680679540120728493,29,30,29,29
1680679540122435226,29,30,29,29
1680679540124139992,29,30,29,29
1680679540125849239,29,30,29,29
1680679540127544176,29,30,29,29
1680679540129225848,29,30,29,29
1680679540130906359,29,30,29,29
1680679540132648387,29,30,29,29
1680679540134337925,29,30,29,29
1680679540136022381,29,29,29,29
1680679540137760753,29,29,29,29
1680679540139473867,29,29,29,29
1680679540141164741,29,29,29,29
1680679540142848861,29,29,29,29
1680679540144529975,29,29,29,29
1680679540146222952,29,29,29,29
1680679540147911268,29,29,29,29
1680679540149592569,29,29,29,29
1680679540151274926,29,29,29,29
1680679540152984466,29,29,29,29
1680679540154672244,29,29,29,29
1680679540156447791,29,29,29,29
1680679540158191307,29,29,29,29
1680679540159879793,29,29,29,29
1680679540161564773,29,29,29,29
1680679540163261338,29,29,29,29
1680679540165179360,29,29,29,29
1680679540167062992,29,29,29,29
1680679540168929043,29,29,29,29
1680679540170752145,29,29,29,29
1680679540172672392,29,29,29,29
1680679540174560933,29,29,29,29
1680679540176454373,29,29,29,29
1680679540178648323,29,29,29,29
1680679540180507627,29,29,29,29
1680679540182371004,29,29,29,29
1680679540184247144,29,29,29,29
1680679540186130718,29,29,29,29
1680679540188012847,29,29,29,29
1680679540189904492,29,29,29,29
1680679540191765761,29,29,29,29
1680679540194358259,29,29,29,29
1680679540196212363,29,29,29,29
1680679540198118886,29,29,29,29
1680679540199964103,29,29,29,29
1680679540201863271,29,29,29,29
1680679540203755708,29,29,29,29
1680679540205662537,29,29,29,29
1680679540207647118,29,29,29,29
1680679540210202652,29,29,29,29
1680679540212138802,29,29,29,29
1680679540214061368,29,29,29,29
1680679540216037693,29,29,29,29
1680679540218033696,29,29,29,29
1680679540219954534,29,29,30,29
1680679540221877118,29,29,30,29
1680679540223730945,29,29,30,29
1680679540226155953,29,29,30,29
1680679540228688659,29,29,30,29
1680679540230819783,29,29,30,29
1680679540233020875,29,29,30,29
1680679540299506719,29,29,30,29
1680679540365917611,29,29,30,29
1680679540368284651,29,29,30,29
1680679540370209760,29,29,30,29
1680679540372115888,29,29,30,29
1680679540374082838,29,29,30,29
1680679540375978787,29,29,30,29
1680679540377617439,29,29,30,29
1680679540379402299,29,29,30,29
1680679540381059926,29,29,30,29
1680679540382687660,29,29,30,29
1680679540384324933,29,29,30,29
1680679540385981623,29,29,30,29
1680679540387662180,29,29,30,29
1680679540389353574,29,29,30,29
1680679540391036774,29,29,30,29
1680679540392723399,30,29,30,29
1680679540394427516,30,29,30,29
1680679540396108425,30,29,30,29
1680679540397796724,30,29,30,29
1680679540399618442,30,29,30,29
1680679540401299233,30,29,30,29
1680679540402980001,30,29,30,29
1680679540404666981,30,29,30,29
1680679540406360271,30,29,30,29
1680679540408253615,30,29,30,29
1680679540409945490,30,29,30,29
1680679540411778724,30,29,30,29
1680679540413470155,30,29,30,29
1680679540415151663,30,29,30,29
1680679540416848791,30,29,30,29
1680679540418617344,30,29,30,29
1680679540420302885,30,29,30,29
1680679540421979143,30,29,30,29
1680679540423644813,30,29,30,29
1680679540425307831,30,29,30,29
1680679540426985657,30,29,30,29
1680679540428803319,30,29,30,29
1680679540430483762,30,29,30,29
1680679540432165572,30,29,30,29
1680679540433872022,30,29,30,29
1680679540435561346,30,29,30,29
1680679540437246812,30,29,30,29
1680679540439147090,30,29,30,29
1680679540440894975,30,29,30,29
1680679540442577673,30,29,30,29
1680679540444258447,30,29,30,29
1680679540445962966,30,29,30,29
1680679540447649897,30,29,30,29
1680679540449327862,30,29,30,29
1680679540451007869,30,29,30,29
1680679540452689009,30,29,30,29
1680679540454430729,30,29,30,29
1680679540456114260,30,29,30,29
1680679540457816002,30,29,30,29
1680679540459618283,30,29,30,29
1680679540461352251,30,29,30,29
1680679540463048993,30,29,30,29
1680679540464728974,30,29,30,29
1680679540466507579,30,29,30,29
1680679540468276828,30,29,30,29
1680679540470040634,30,29,30,29
1680679540471764779,30,29,30,29
1680679540473514501,30,29,30,29
1680679540475199107,30,29,30,29
1680679540476876388,30,29,30,29
1680679540478663867,30,29,30,29
1680679540480421555,30,29,30,29
1680679540482252885,30,29,30,29
1680679540507194964,30,29,30,29
1680679540508960114,30,29,30,29
1680679540510719959,30,29,30,29
1680679540512492623,30,29,30,29
1680679540514299674,30,29,30,29
1680679540516068075,30,29,30,29
1680679540517839185,30,29,30,29
1680679540519583461,30,29,30,29
1680679540521245952,30,29,30,29
1680679540522991396,30,29,30,29
1680679540524655697,30,29,30,29
1680679540526323723,30,29,30,29
1680679540527987978,30,29,30,29
1680679540529666658,30,29,30,29
1680679540531350866,30,29,30,29
1680679540533031124,30,29,30,29
1680679540534708586,30,29,30,29
1680679540536390291,30,29,30,29
1680679540538081803,30,29,30,29
1680679540539872720,30,29,30,29
1680679540541580864,30,29,30,29
1680679540543308441,30,29,30,29
1680679540545009199,30,29,30,29
1680679540546713857,30,29,30,29
1680679540548426690,30,29,30,29
1680679540550144633,30,29,30,29
1680679540551831536,30,29,30,29
1680679540553545141,30,29,30,29
1680679540555223208,30,29,30,29
1680679540556903804,30,29,30,29
1680679540558694249,30,29,30,29
1680679540560383296,29,29,30,29
1680679540562079279,29,29,30,29
1680679540563784538,29,29,30,29
1680679540565473947,29,29,30,29
1680679540567151674,29,29,30,29
1680679540568832151,29,29,30,29
1680679540570513263,29,29,30,29
1680679540572197474,29,29,30,29
1680679540573920629,29,29,30,29
1680679540575613577,29,29,30,29
1680679540577302983,29,29,30,29
1680679540579028612,29,29,30,29
1680679540580800284,29,29,30,29
1680679540582479934,29,29,30,29
1680679540584220468,29,29,30,29
1680679540585922992,29,29,30,29
1680679540587615726,29,29,30,29
1680679540589299532,29,29,30,29
1680679540590982055,29,29,30,29
1680679540592670384,29,29,30,29
1680679540594412704,29,29,30,29
1680679540596103292,29,29,30,29
1680679540597796269,29,29,30,29
1680679540599583335,29,29,30,29
1680679540601268049,29,29,30,29
1680679540602967614,29,29,30,29
1680679540604724297,29,29,30,29
1680679540606588238,29,29,30,29
1680679540608270692,29,29,30,29
1680679540609967877,29,29,30,29
1680679540611661034,29,29,30,29
1680679540613441129,29,29,30,29
1680679540615135340,29,29,30,29
1680679540616818118,29,29,30,29
1680679540618507259,29,29,30,29
1680679540620188236,29,29,30,29
1680679540621875949,29,29,30,29
1680679540623576973,29,29,30,29
1680679540625264135,29,29,30,29
1680679540626944766,29,29,30,29
1680679540628633250,29,29,30,29
1680679540630323523,29,29,30,29
1680679540632015215,29,29,30,29
1680679540633741786,29,29,30,29
1680679540635429971,29,29,30,29
1680679540637121373,29,29,30,29
1680679540638853442,29,29,30,29
1680679540640543639,29,29,30,29
1680679540642233390,29,29,30,29
1680679540643996073,29,29,30,29
1680679540645676458,29,29,30,29
1680679540647357444,29,29,30,29
1680679540649041496,29,29,30,29
1680679540650727304,29,29,30,29
1680679540652410014,29,29,30,29
1680679540654110084,29,29,30,29
1680679540655801998,29,29,30,29
1680679540657488363,29,29,30,29
1680679540659222491,29,29,30,29
1680679540660912731,29,29,30,29
1680679540662587036,29,29,30,29
1680679540664306942,29,29,30,29
1680679540665971624,29,29,30,29
1680679540667636760,29,29,30,29
1680679540669300451,29,29,30,29
1680679540670977713,29,29,30,29
1680679540672724718,29,29,30,29
1680679540674487357,29,29,30,29
1680679540676170820,29,29,30,29
1680679540677864266,29,29,30,29
1680679540679583946,29,29,30,29
1680679540681273369,29,29,30,29
1680679540682958926,29,29,30,29
1680679540684672332,29,29,30,29
1680679540686391996,29,29,30,29
1680679540688103377,29,29,30,29
1680679540689821922,29,29,30,29
1680679540691528231,29,29,30,29
1680679540693241711,29,29,30,29
1680679540695026132,29,29,30,29
1680679540696687844,29,29,30,29
1680679540698356058,29,29,30,29
1680679540700092298,29,29,30,29
1680679540701760787,29,29,30,29
1680679540703433899,29,29,30,29
1680679540705102565,29,29,30,29
1680679540706796878,29,29,30,29
1680679540708503194,29,29,30,29
1680679540710210649,29,29,30,29
1680679540711919255,29,29,30,29
1680679540713631186,29,29,30,29
1680679540715341186,29,29,30,29
1680679540717049938,29,29,30,29
1680679540718761905,29,29,30,29
1680679540720615741,29,29,30,29
1680679540722333711,29,29,29,29
1680679540724050455,29,29,29,29
1680679540725757033,29,29,29,29
1680679540727456748,29,29,29,29
1680679540729142542,29,29,29,29
1680679540730829549,29,29,29,29
1680679540732513335,29,29,29,29
1680679540734302183,29,29,29,29
1680679540735994710,29,29,29,29
1680679540737682186,29,29,29,29
1680679540739431127,29,29,29,29
1680679540741130555,29,29,29,29
1680679540742813608,29,29,29,29
1680679540744548505,29,29,29,29
1680679540746239917,29,29,29,29
1680679540747931620,29,29,29,29
1680679540749616263,29,29,29,29
1680679540751303688,29,29,29,29
1680679540752989351,29,29,29,29
1680679540754708527,29,29,29,29
1680679540756455235,29,29,29,29
1680679540758149133,29,29,29,29
1680679540759916593,29,29,29,29
1680679540761605212,29,29,29,29
1680679540763425638,29,29,29,29
1680679540765115338,29,29,29,29
1680679540766810572,29,29,29,29
1680679540768494794,29,29,29,29
1680679540770178538,29,29,29,29
1680679540771862371,29,29,29,29
1680679540773547271,29,29,29,29
1680679540775256085,29,29,29,29
1680679540776939634,29,29,29,29
1680679540778632687,29,29,29,29
1680679540780347666,29,29,29,29
1680679540782017027,29,29,29,29
1680679540783728130,29,29,29,29
1680679540785496221,29,29,29,29
1680679540787256092,29,29,29,29
1680679540788924688,29,29,29,29
1680679540790619933,29,29,29,29
1680679540792330177,29,29,29,29
1680679540794051649,29,29,29,29
1680679540795829705,29,29,29,29
1680679540797539701,29,29,29,29
1680679540799270081,29,29,29,29
1680679540800960210,29,29,29,29
1680679540802638843,29,29,29,29
1680679540804379123,29,30,29,29
1680679540806124705,29,30,29,29
1680679540807874308,29,30,29,29
1680679540809561178,29,30,29,29
1680679540811240769,29,30,29,29
1680679540812928722,29,30,29,29
1680679540814628274,29,30,29,29
1680679540816315905,29,30,29,29
1680679540818001885,29,30,29,29
1680679540819832545,29,30,29,29
1680679540821523114,29,30,29,29
1680679540823208272,29,30,29,29
1680679540824958653,29,30,29,29
1680679540826639075,29,30,29,29
1680679540828326260,29,30,29,29
1680679540830019970,29,30,29,29
1680679540831691189,29,30,29,29
1680679540833356731,29,30,29,29
1680679540835040974,29,30,29,29
1680679540836707172,29,30,29,29
1680679540838381997,29,30,29,29
1680679540840134342,29,30,29,29
1680679540841852802,29,30,29,29
1680679540843569881,29,30,29,29
1680679540845281219,29,30,29,29
1680679540846972044,29,30,29,29
1680679540848662384,29,30,29,29
1680679540850362739,29,30,29,29
1680679540852050893,29,30,29,29
1680679540853741012,29,30,29,29
1680679540855489967,29,30,29,29
1680679540857175006,29,30,29,29
1680679540858874415,29,30,29,29
1680679540860690490,29,30,29,29
1680679540862409277,29,30,29,29
1680679540864131408,29,30,29,29
1680679540865824397,29,30,29,29
1680679540867524651,29,30,29,29
1680679540869202060,29,30,29,29
1680679540870881730,29,30,29,29
1680679540872568171,29,30,29,29
1680679540874286759,29,30,29,29
1680679540875973899,29,30,29,29
1680679540877737027,29,30,29,29
1680679540879471744,29,30,29,29
1680679540881176388,29,30,29,29
1680679540882851344,29,30,29,29
1680679540884546968,29,30,29,29
1680679540886224872,29,30,29,29
1680679540887896232,29,30,29,29
1680679540889557638,29,30,29,29
1680679540891223712,29,30,29,29
1680679540892887413,29,30,29,29
1680679540894610386,29,30,29,29
1680679540896320422,29,30,29,29
1680679540898021597,29,30,29,29
1680679540899847933,29,30,29,29
1680679540901549404,29,30,29,29
1680679540903262790,29,30,29,29
1680679540904986000,29,30,29,29
1680679540906681890,29,30,29,29
1680679540908392624,29,30,29,29
1680679540910108766,29,30,29,29
1680679540911817567,29,30,29,29
1680679540913522602,29,30,29,29
1680679540915292844,29,30,29,29
1680679540916981149,29,30,29,29
1680679540918661935,29,30,29,29
1680679540920419549,29,30,29,29
1680679540922148858,29,30,29,29
1680679540923878565,29,30,29,29
1680679540925564757,29,30,29,29
1680679540927250656,29,30,29,29
1680679540928929082,29,30,29,29
1680679540930613539,29,30,29,29
1680679540932296190,29,30,29,29
1680679540933993416,29,30,29,29
1680679540935812231,29,30,29,29
1680679540937584837,29,30,29,29
1680679540939270513,29,30,29,29
1680679540941015056,29,30,29,29
1680679540942704753,29,30,29,29
1680679540944430899,29,30,29,29
1680679540946137772,29,30,29,29
1680679540947805900,29,30,29,29
1680679540949476306,29,30,29,29
1680679540951137274,29,30,29,29
1680679540952799234,29,30,29,29
1680679540954490471,29,30,29,29
1680679540956197909,29,30,29,29
1680679540957985442,29,30,29,29
1680679540959828879,29,30,29,29
1680679540961548127,29,30,29,29
1680679540963263750,29,30,29,29
1680679540965023903,29,30,29,29
1680679540966695719,29,30,29,29
1680679540968363269,29,30,29,29
1680679540970031493,29,30,29,29
1680679540971697673,29,30,29,29
1680679540973370294,29,30,29,29
1680679540975057246,29,30,29,29
1680679540976728841,29,30,29,29
1680679540978440511,29,30,29,29
1680679540980293074,29,30,29,29
1680679540982018833,29,30,29,29
1680679540983826991,29,30,29,29
1680679540985531633,29,30,29,29
1680679540987222435,29,30,29,29
1680679540988889022,29,30,29,29
1680679540990552009,29,30,29,29
1680679540992347807,29,30,29,29
1680679540994015343,29,30,29,29
1680679540995733758,29,30,29,29
1680679540997425142,29,30,29,29
1680679540999108720,29,30,29,29
1680679541000866293,29,30,29,29
1680679541002552774,29,30,29,29
1680679541004336916,29,30,29,29
1680679541006021659,29,30,29,29
1680679541007705824,29,30,29,29
1680679541009392935,29,30,29,29
1680679541011074657,29,30,29,29
1680679541012826816,29,30,29,29
1680679541014515217,29,30,29,29
1680679541016217651,29,30,29,29
1680679541017987903,29,30,29,29
1680679541019696077,29,30,29,29
1680679541021379161,29,30,29,29
1680679541023063737,29,30,29,29
1680679541024810083,29,30,29,29
1680679541026484303,29,30,29,29
1680679541028172545,29,30,29,29
1680679541029857356,29,30,29,29
1680679541031546915,29,30,29,29
1680679541033230072,29,30,29,29
1680679541034926593,29,30,29,29
1680679541036626879,29,30,29,29
1680679541038314555,29,30,29,29
1680679541040047167,29,30,29,29
1680679541041734500,29,30,29,29
1680679541043421578,29,30,29,29
1680679541045159051,29,30,29,29
1680679541046839918,29,30,29,29
1680679541048534335,29,30,29,29
1680679541050319725,29,30,29,29
1680679541052007293,29,30,29,29
1680679541053693660,29,30,29,29
1680679541055391567,29,30,29,29
1680679541057076731,29,30,30,29
1680679541058783290,29,30,30,29
1680679541060514430,29,30,30,29
1680679541062179683,29,30,30,29
1680679541063848258,29,30,30,29
1680679541065524890,29,30,30,29
1680679541067187354,29,30,30,29
1680679541068858957,29,30,30,29
1680679541070553103,29,30,30,29
1680679541072252661,29,30,30,29
1680679541073978154,29,30,30,29
1680679541075706690,29,30,30,29
1680679541077411144,29,30,30,29
1680679541079118134,29,30,30,29
1680679541080893657,29,30,30,29
1680679541082626788,29,30,30,29
1680679541084321991,29,30,30,29
1680679541086009771,29,30,30,29
1680679541087751804,29,30,30,29
1680679541089440905,29,30,30,29
1680679541091130866,29,30,30,29
1680679541092814939,29,30,30,29
1680679541094503481,29,30,30,29
1680679541096196498,29,30,30,29
1680679541097906043,29,30,30,29
1680679541099592698,29,30,30,29
1680679541101352615,29,30,30,29
1680679541103044808,29,30,30,29
1680679541104728230,29,30,30,29
1680679541106415563,29,30,30,29
1680679541108180433,29,30,30,29
1680679541109867362,29,30,30,29
1680679541111550610,29,30,30,29
1680679541113350167,29,30,30,29
1680679541115149851,29,30,30,29
1680679541116838402,29,30,30,29
1680679541118522567,29,30,30,29
1680679541120256371,29,30,30,29
1680679541121953693,29,30,30,29
1680679541123651089,29,30,30,29
1680679541125397556,29,30,30,29
1680679541127097421,29,30,30,29
1680679541128845289,29,30,30,29
1680679541130528501,29,30,30,29
1680679541132210318,29,30,30,29
1680679541133898467,29,30,30,29
1680679541135654983,29,30,30,29
1680679541137340525,29,30,30,29
1680679541139014297,29,30,30,29
1680679541140737805,29,30,30,29
1680679541142438171,29,30,30,29
1680679541144125331,29,30,30,29
1680679541145814461,29,30,30,29
1680679541147567055,29,30,30,29
1680679541149248245,29,30,30,29
1680679541150925862,29,30,30,29
1680679541152611082,29,30,30,29
1680679541154307013,29,30,30,29
1680679541156047284,29,30,30,29
1680679541157735947,29,30,30,29
1680679541159433698,29,30,30,29
1680679541161164426,29,30,30,29
1680679541162845099,29,30,30,29
1680679541164566292,29,30,30,29
1680679541166241587,29,30,30,29
1680679541167912195,29,30,30,29
1680679541169570874,29,30,30,29
1680679541171241986,29,30,30,29
1680679541172908042,29,30,30,29
1680679541174594818,29,30,30,29
1680679541176336110,29,30,30,29
1680679541178028181,29,30,30,29
1680679541179716572,29,30,30,29
1680679541181457292,29,30,30,29
1680679541183150840,29,30,30,29
1680679541184964961,29,30,30,29
1680679541186673391,29,30,30,29
1680679541188379936,29,30,30,29
1680679541190097543,29,30,30,29
1680679541191803373,29,30,30,29
1680679541193510006,29,30,30,29
1680679541195230052,29,30,30,29
1680679541196917331,29,30,30,29
1680679541198617283,29,30,30,29
1680679541200584980,29,30,30,29
1680679541202285225,29,30,30,29
1680679541203966080,29,30,30,29
1680679541205675703,29,30,30,29
1680679541207358881,29,30,30,29
1680679541209041455,29,30,30,29
1680679541210721095,29,30,30,29
1680679541212403632,29,30,30,29
1680679541214104639,29,30,30,29
1680679541215827650,29,30,30,29
1680679541217509500,29,30,30,29
1680679541219200217,29,30,30,29
1680679541221018373,29,30,30,29
1680679541222700354,29,30,30,29
1680679541224429956,29,30,30,29
1680679541226208727,29,30,30,29
1680679541227891401,29,30,30,29
1680679541229584041,29,30,30,29
1680679541231263717,29,30,30,29
1680679541232949789,29,30,30,29
1680679541234639630,29,30,30,29
1680679541236349833,29,30,30,29
1680679541238046921,29,30,30,29
1680679541239734576,29,30,30,29
1680679541241497325,29,30,30,29
1680679541243185558,29,30,30,29
1680679541244877262,29,30,30,29
1680679541246562235,29,30,30,29
1680679541248244166,29,30,30,29
1680679541249938311,29,30,30,29
1680679541251630483,29,30,30,29
1680679541253317629,29,30,30,29
1680679541254999789,29,30,30,29
1680679541256728847,29,30,30,29
1680679541258437500,29,30,30,29
1680679541260142945,29,30,30,29
1680679541261865675,29,30,30,29
1680679541263577283,29,30,30,29
1680679541265341257,29,30,30,29
1680679541267051719,29,30,30,29
1680679541268728484,29,30,30,29
1680679541270410545,29,30,30,29
1680679541272101193,29,30,30,29
1680679541273792689,29,30,30,29
1680679541275497027,29,30,30,29
1680679541277185551,29,30,30,29
1680679541278872718,29,30,30,29
1680679541280603331,29,30,30,29
1680679541282304500,29,30,30,29
1680679541283992448,29,30,30,29
1680679541285726026,29,30,30,29
1680679541287402372,29,30,30,29
1680679541289083148,29,30,30,29
1680679541290768202,29,30,30,30
1680679541292458310,29,30,30,30
1680679541294152572,29,30,30,30
1680679541295862002,29,30,30,30
1680679541297550784,29,30,30,30
1680679541299498198,29,30,30,30
1680679541301255176,29,30,30,30
1680679541302935609,29,30,30,30
1680679541304645046,29,30,30,30
1680679541306341016,29,30,30,30
1680679541308032835,29,30,30,30
1680679541309716593,29,30,30,30
1680679541311398831,29,30,30,30
1680679541313079754,29,30,30,30
1680679541314761505,29,30,30,30
1680679541316468048,29,30,30,30
1680679541318162113,29,30,30,30
1680679541319852303,29,30,30,30
1680679541321610616,29,30,30,30
1680679541323305431,29,30,30,30
1680679541325012599,29,30,30,30
1680679541326700562,29,30,30,30
1680679541328389576,29,30,30,30
1680679541330078886,29,30,30,30
1680679541331791981,29,30,30,30
1680679541333475655,29,30,30,30
1680679541335159197,29,30,30,30
1680679541336837812,29,30,30,30
1680679541338525903,29,30,30,30
1680679541340218945,29,30,30,30
1680679541342034598,29,30,30,30
1680679541343724715,29,30,30,30
1680679541345441979,29,30,30,30
1680679541347128194,29,30,30,30
1680679541348815399,29,30,30,30
1680679541350497771,29,30,30,30
1680679541352188791,29,30,30,30
1680679541353873513,29,30,30,30
1680679541355591324,29,30,30,30
1680679541357276659,29,30,30,30
1680679541358956516,29,30,30,30
1680679541360640586,29,30,30,30
1680679541362316165,29,30,30,30
1680679541363981378,29,30,30,30
1680679541365697279,29,30,30,30
1680679541367362717,29,30,30,30
1680679541369033617,29,30,30,30
1680679541370725202,29,30,30,30
1680679541372412174,29,30,30,30
1680679541374110919,29,30,30,30
1680679541375815222,29,30,30,30
1680679541377500684,29,30,30,30
1680679541379188950,29,30,30,30
1680679541380925943,29,30,30,30
1680679541382627921,29,30,30,30
1680679541384340394,29,30,30,30
1680679541386069477,29,30,30,30
1680679541387781580,29,30,30,30
1680679541389496226,29,30,30,30
1680679541391196146,29,30,30,30
1680679541393040925,29,30,30,30
1680679541394797298,29,30,30,30
1680679541396672810,29,30,30,30
1680679541398372812,29,30,30,30
1680679541400062998,29,30,30,30
1680679541401835489,29,30,30,30
1680679541403530803,29,30,30,30
1680679541405234688,29,30,30,30
1680679541406920888,29,30,30,30
1680679541408829720,29,30,30,30
1680679541410515529,29,30,30,30
1680679541412209327,29,30,30,30
1680679541413965011,29,30,30,30
1680679541415905497,29,30,30,30
1680679541417599758,29,30,30,30
1680679541419277714,29,30,30,30
1680679541421089169,29,30,30,30
1680679541422765757,29,30,30,30
1680679541424536286,29,30,30,30
1680679541426230955,29,30,30,30
1680679541427896744,29,30,30,30
1680679541429561471,29,30,30,30
1680679541431232385,29,30,30,30
1680679541432977939,29,30,30,30
1680679541434686926,29,30,30,30
1680679541436451763,29,30,30,30
1680679541438167379,29,30,30,30
1680679541439877412,29,30,30,30
1680679541441691968,29,30,30,30
1680679541443396610,29,30,30,30
1680679541445186173,29,30,30,30
1680679541446889964,29,30,30,30
1680679541448596490,29,30,30,30
1680679541450348698,29,30,30,30
1680679541452041583,29,30,30,30
1680679541453724909,29,30,30,30
1680679541455409740,29,30,30,30
1680679541457176143,29,30,30,29
1680679541458875255,29,30,30,29
1680679541460602312,29,30,30,29
1680679541462306062,29,30,30,29
1680679541463986416,29,30,30,29
1680679541465727140,29,30,30,29
1680679541467414745,29,30,30,29
1680679541469102017,29,30,30,29
1680679541471013800,29,30,30,29
1680679541472877412,29,30,30,29
1680679541474742024,29,29,30,29
1680679541476608878,29,29,30,29
1680679541478470266,29,29,30,29
1680679541480339121,29,29,30,29
1680679541482261451,29,29,30,29
1680679541484509424,29,29,30,29
1680679541486389593,29,29,30,29
1680679541488233922,29,29,30,29
1680679541490092607,29,29,30,29
1680679541491958745,29,29,30,29
1680679541493829965,29,29,30,29
1680679541495732575,29,29,30,29
1680679541497626467,29,29,30,29
1680679541499596897,29,29,30,29
1680679541501496150,29,29,30,29
1680679541503369131,29,29,30,29
1680679541505256800,29,29,30,29
1680679541507097013,29,29,30,29
1680679541508968967,29,29,30,29
1680679541510799640,29,29,30,29
1680679541512640876,29,29,30,29
1680679541514758874,29,29,30,29
1680679541516704407,29,29,30,29
1680679541518578705,29,29,30,29
1680679541520453791,29,29,30,29
1680679541522439750,29,29,30,29
1680679541524324036,29,29,30,29
1680679541526269325,29,29,30,29
1680679541528087001,29,29,30,29
1680679541530071247,29,29,30,29
1680679541532535036,29,29,30,29
1680679541534545338,29,29,30,29
1680679541536917174,30,29,29,29
1680679541602589404,30,29,29,29
1680679541667932269,30,29,29,29
1680679541670247069,30,29,29,29
1680679541672204521,30,29,29,29
1680679541674112927,30,29,29,29
1680679541676019428,30,29,29,29
1680679541677907807,30,29,29,29
1680679541679546308,30,29,29,29
1680679541681293232,30,29,29,29
1680679541682923839,30,29,29,29
1680679541684563847,30,29,29,29
1680679541686230524,30,29,29,29
1680679541687857206,30,29,29,29
1680679541689524002,30,29,29,29
1680679541691186704,30,29,29,29
1680679541692857896,30,29,29,29
1680679541694523222,30,29,29,29
1680679541696258730,30,29,29,29
1680679541697937844,30,29,29,29
1680679541699653436,30,29,29,29
1680679541701546023,30,29,29,29
1680679541703286526,30,29,29,29
1680679541704994561,30,29,29,29
1680679541706737824,30,29,29,29
1680679541708564284,30,29,29,29
1680679541710279489,30,29,29,29
1680679541711944308,30,29,29,29
1680679541713607771,30,29,29,29
1680679541715273553,30,29,29,29
1680679541716990775,30,29,29,29
1680679541718663287,30,29,29,29
1680679541720348405,30,29,29,29
1680679541722081961,30,29,29,29
1680679541723771238,30,29,29,29
1680679541725479645,30,29,29,29
1680679541727170327,30,29,29,29
1680679541728854124,30,29,29,29
1680679541730537855,30,29,29,29
1680679541732227033,29,29,29,29
1680679541733914972,29,29,29,29
1680679541735599594,29,29,29,29
1680679541737310515,29,29,29,29
1680679541739023929,29,29,29,29
1680679541740709648,29,29,29,29
1680679541742496430,29,29,29,29
1680679541744174413,29,29,29,29
1680679541745910574,29,29,29,29
1680679541747595404,29,29,29,29
1680679541749276441,29,29,29,29
1680679541750955795,29,29,29,29
1680679541752622180,29,29,29,29
1680679541754307682,29,29,29,29
1680679541755976810,29,29,29,29
1680679541757655183,29,29,29,29
1680679541759316937,29,29,29,29
1680679541760981078,29,29,29,29
1680679541762762037,29,29,29,29
1680679541764474357,29,29,29,29
1680679541766193681,29,29,29,29
1680679541767899634,29,29,29,29
1680679541769607317,29,29,29,29
1680679541771311815,29,29,29,29
1680679541773013573,29,29,29,29
1680679541774702784,29,29,29,29
1680679541776472122,29,29,29,29
1680679541778171262,29,29,29,29
1680679541779855444,29,29,29,29
1680679541781578152,29,29,29,29
1680679541783337116,29,29,29,29
1680679541785026844,29,29,29,29
1680679541786738983,29,29,29,29
1680679541788426367,29,29,29,29
1680679541790147578,29,29,29,29
1680679541791828825,29,29,29,29
1680679541793519972,29,29,29,29
1680679541795205831,29,29,29,29
1680679541796917665,29,29,29,29
1680679541798600604,29,29,29,29
1680679541800289628,29,29,29,29
1680679541802048494,29,29,29,29
1680679541803784427,29,29,29,29
1680679541805466361,29,29,29,29
1680679541807148687,29,29,29,29
1680679541808827739,29,29,29,29
1680679541810508595,29,29,29,29
1680679541812189653,29,29,29,29
1680679541813874140,29,29,29,29
1680679541815558228,29,29,29,29
1680679541817264274,29,29,29,29
1680679541818945932,29,29,29,29
1680679541820628297,29,29,29,29
1680679541822568714,29,29,29,29
1680679541824257532,29,29,29,29
1680679541825977149,29,29,29,29
1680679541827661742,29,29,29,29
1680679541829346463,29,29,29,29
1680679541831029311,29,29,29,29
1680679541832722119,29,29,29,29
1680679541834410265,29,29,29,29
1680679541836094989,29,29,29,29
1680679541837803432,29,29,29,29
1680679541839494827,29,29,29,29
1680679541841184892,29,29,29,29
1680679541842937938,29,29,29,29
1680679541844622981,29,29,29,29
1680679541846350451,29,29,29,29
1680679541848032295,29,29,29,29
1680679541849711468,29,29,29,29
1680679541851393688,29,29,29,29
1680679541853072244,29,29,29,29
1680679541854758406,29,29,29,29
1680679541856428626,29,29,29,29
1680679541858162821,29,29,29,29
1680679541859835766,29,29,29,29
1680679541861499180,29,29,29,29
1680679541863190981,29,29,29,29
1680679541864860450,29,29,29,29
1680679541866615535,29,29,29,29
1680679541868330953,29,29,29,29
1680679541870055148,29,29,29,29
1680679541871846405,29,29,29,29
1680679541873583900,29,29,29,29
1680679541875285575,29,29,29,29
1680679541877008483,29,29,29,29
1680679541878687129,29,29,29,29
1680679541880370916,29,29,29,29
1680679541882104727,29,29,29,29
1680679541883792453,29,29,29,29
1680679541885480594,29,29,29,29
1680679541887229082,29,29,29,29
1680679541888980891,29,29,29,29
1680679541890666479,29,29,29,29
1680679541892352959,29,29,29,29
1680679541894037212,29,29,29,29
1680679541895730481,29,29,29,29
1680679541897503630,29,29,29,29
1680679541899182453,29,29,29,29
1680679541900861149,29,29,29,29
1680679541902599092,29,29,29,29
1680679541904308078,29,29,29,29
1680679541906021583,29,29,29,29
1680679541907708303,29,29,29,29
1680679541909396536,29,29,29,29
1680679541911121853,29,29,29,29
1680679541912875120,29,29,29,29
1680679541914602006,29,29,29,29
1680679541916287199,29,29,29,29
1680679541918007070,29,29,29,29
1680679541919697424,29,29,29,29
1680679541921388847,29,29,29,29
1680679541923185858,29,29,29,29
1680679541924868498,29,29,29,29
1680679541926571718,29,29,29,29
1680679541928258226,29,29,29,29
1680679541929953221,29,29,29,29
1680679541931642011,29,29,29,29
1680679541933332089,29,29,29,29
1680679541935015226,29,29,29,29
1680679541936729658,29,29,29,29
1680679541938420039,29,29,29,29
1680679541940106597,29,29,29,29
1680679541941796793,29,29,29,29
1680679541943494062,29,29,29,29
1680679541945179911,29,29,29,29
1680679541946927436,29,29,29,29
1680679541948616781,29,29,29,29
1680679541950310572,29,29,29,29
1680679541952001337,29,29,29,29
1680679541953807106,29,29,29,29
1680679541955488270,29,29,29,29
1680679541957204520,29,29,29,29
1680679541958979829,29,29,29,29
1680679541960679275,29,29,29,29
1680679541962472957,29,29,29,29
1680679541964159829,29,29,29,29
1680679541965851232,29,29,29,29
1680679541967532494,29,29,29,29
1680679541969213162,29,29,29,29
1680679541970897096,29,29,29,29
1680679541972580259,29,29,29,29
1680679541974275731,29,29,29,29
1680679541975960924,29,30,29,29
1680679541977662945,29,30,29,29
1680679541979347119,29,30,29,29
1680679541981036263,29,30,29,29
1680679541982797518,29,30,29,29
1680679541984489550,29,30,29,29
1680679541986209055,29,30,29,29
1680679541987889358,29,30,29,29
1680679541989617337,29,30,29,29
1680679541991308663,29,30,29,29
1680679541992995125,29,30,29,29
1680679541994732439,29,30,29,29
1680679541996473869,29,30,29,29
1680679541998218102,29,30,29,29
1680679541999923902,29,30,29,29
1680679542001657031,29,30,29,29
1680679542003668330,29,30,29,29
1680679542005420578,29,30,29,29
1680679542007178388,29,30,29,29
1680679542008922137,29,30,29,29
1680679542010650221,29,30,29,29
1680679542012417642,29,30,29,29
1680679542014109775,29,30,29,29
1680679542015824804,29,30,29,29
1680679542036324123,29,30,29,29
1680679542038118473,29,30,29,29
1680679542039888439,29,30,29,29
1680679542041654488,29,30,29,29
1680679542043548600,29,30,29,29
1680679542045342590,29,30,29,29
1680679542047055262,29,30,29,29
1680679542048728321,29,30,29,29
1680679542050415272,29,30,29,29
1680679542052099904,29,30,29,29
1680679542053790671,29,30,29,29
1680679542055487434,29,30,29,29
1680679542057171158,29,30,29,29
1680679542058903489,29,30,29,29
1680679542060603023,29,30,30,29
1680679542062388337,29,30,30,29
1680679542064074983,29,30,30,29
1680679542065795875,29,30,30,29
1680679542067560620,29,30,30,29
1680679542069265906,29,30,30,29
1680679542070974815,29,30,30,29
1680679542072686585,29,30,30,29
1680679542074402741,29,30,30,29
1680679542076105593,29,30,30,29
1680679542077802822,29,30,30,29
1680679542079536174,29,30,30,29
1680679542081222071,29,30,30,29
1680679542082990402,29,30,30,29
1680679542084672707,29,30,30,29
1680679542086453666,29,30,30,29
1680679542088135501,29,30,30,29
1680679542089880493,29,30,30,29
1680679542091572436,29,30,30,29
1680679542093343404,29,30,30,29
1680679542095023998,29,30,30,29
1680679542096708865,29,30,30,29
1680679542098420865,29,30,30,29
1680679542100110715,29,30,30,29
1680679542101809206,29,30,30,29
1680679542103569413,29,30,30,29
1680679542105254073,29,30,30,29
1680679542106954023,29,30,30,29
1680679542108687865,29,30,30,29
1680679542110473068,29,30,30,29
1680679542112153822,29,30,30,29
1680679542113849805,29,30,30,29
1680679542115534918,29,30,30,29
1680679542117229973,29,30,30,29
1680679542118984889,29,30,30,29
1680679542120671573,29,30,30,29
1680679542122523795,29,30,30,29
1680679542124213107,29,30,30,29
1680679542125905444,29,30,30,29
1680679542127648708,29,30,30,29
1680679542129452881,29,30,30,29
1680679542131144819,29,30,30,29
1680679542132827035,29,30,30,29
1680679542134499811,29,30,30,29
1680679542136184168,29,30,30,29
1680679542137870837,29,30,30,29
1680679542139572985,29,30,30,29
1680679542141249871,29,30,30,29
1680679542143041311,29,29,30,29
1680679542144727911,29,29,30,29
1680679542146497590,29,29,30,29
1680679542148183521,29,29,30,29
1680679542149865088,29,29,30,29
1680679542151553142,29,29,30,29
1680679542153230604,29,29,30,29
1680679542154907193,29,29,30,29
1680679542156589232,29,29,30,29
1680679542158421320,29,29,30,29
1680679542160104677,29,29,30,29
1680679542161796987,29,29,30,29
1680679542163584691,29,29,30,29
1680679542165284397,29,29,30,29
1680679542167021346,29,29,30,29
1680679542168709663,29,29,30,29
1680679542170399169,29,29,30,29
1680679542172084809,29,29,30,29
1680679542173766811,29,29,30,29
1680679542175452928,29,29,30,29
1680679542177134004,29,29,30,29
1680679542178818860,29,29,30,29
1680679542180485082,29,29,30,29
1680679542182163015,29,29,30,29
1680679542183903761,29,29,30,29
1680679542185568921,29,29,30,29
1680679542187291801,29,29,30,29
1680679542188962514,29,29,30,29
1680679542190639340,29,29,30,29
1680679542192320758,29,29,30,29
1680679542194010554,29,29,30,29
1680679542195699806,29,29,30,29
1680679542197383114,29,29,30,29
1680679542199065761,29,29,30,29
1680679542200784657,29,29,30,29
1680679542202595161,29,29,30,29
1680679542204299400,29,29,30,29
1680679542206012742,29,29,30,29
1680679542207735782,29,29,30,29
1680679542209437447,29,29,30,29
1680679542211170359,29,29,30,29
1680679542212857156,29,29,30,29
1680679542214537880,29,29,30,29
1680679542216220295,29,29,30,29
1680679542217909318,29,29,30,29
1680679542219608269,29,29,30,29
1680679542221287022,29,29,30,29
1680679542223107514,29,29,30,29
1680679542224791039,29,29,30,29
1680679542226479206,29,29,30,29
1680679542228167773,29,29,29,29
1680679542229865399,29,29,29,29
1680679542231555631,29,29,29,29
1680679542233245638,29,29,29,29
1680679542234935701,29,29,29,29
1680679542236626256,29,29,29,29
1680679542238334790,29,29,29,29
1680679542240027903,29,29,29,29
1680679542241724111,29,29,29,29
1680679542243518317,29,29,29,29
1680679542245201609,29,29,29,29
1680679542246914808,29,29,29,29
1680679542248591243,29,29,29,29
1680679542250286171,29,29,29,29
1680679542251970085,29,29,29,29
1680679542253653626,29,29,29,29
1680679542255336557,29,29,29,29
1680679542257018513,29,29,29,29
1680679542258753091,29,29,29,29
1680679542260441816,29,29,29,29
1680679542262139127,29,29,29,29
1680679542263906479,29,29,29,29
1680679542265594179,29,29,29,29
1680679542267312872,29,29,29,29
1680679542268994830,29,29,29,29
1680679542270675583,29,29,29,29
1680679542272360680,29,29,29,29
1680679542274058023,29,29,29,29
1680679542275744382,29,29,29,29
1680679542277431894,29,29,29,29
1680679542279190230,29,29,29,29
1680679542280941723,29,29,29,29
1680679542282632071,29,29,29,29
1680679542284317824,29,29,29,29
1680679542286010173,29,29,29,29
1680679542287714553,29,29,29,29
1680679542289399736,29,29,29,29
1680679542291100667,29,29,29,29
1680679542292862449,29,29,29,29
1680679542294561550,29,29,29,29
1680679542296273218,29,29,29,29
1680679542297999593,29,29,29,29
1680679542299801178,29,29,29,29
1680679542301513973,29,29,29,29
1680679542303356566,29,29,29,29
1680679542305055704,29,29,29,29
1680679542306763229,29,29,29,29
1680679542308444889,29,29,29,29
1680679542310137564,29,29,29,29
1680679542311935697,29,30,29,29
1680679542313626844,29,30,29,29
1680679542315451444,29,30,29,29
1680679542317141491,29,30,29,29
1680679542318838381,29,30,29,29
1680679542320525985,29,30,29,29
1680679542322217985,29,30,29,29
1680679542323981213,29,30,29,29
1680679542325662194,29,30,29,29
1680679542327439737,29,30,29,29
1680679542329124702,29,30,29,29
1680679542330809765,29,30,29,29
1680679542332552731,29,30,29,29
1680679542334251584,29,30,29,29
1680679542335939710,29,30,29,29
1680679542337626955,29,30,29,29
1680679542339315304,29,30,29,29
1680679542341008538,29,30,29,29
1680679542342690429,29,30,29,29
1680679542344427881,29,30,29,29
1680679542346181223,29,30,29,29
1680679542347889480,29,30,29,29
1680679542349578662,29,30,29,29
1680679542351262628,29,30,29,29
1680679542352948688,29,30,29,29
1680679542354640483,29,30,29,29
1680679542356317293,29,30,29,29
1680679542358012764,29,30,29,29
1680679542359713641,29,30,29,29
1680679542361390435,29,30,29,29
1680679542363123975,29,30,29,29
1680679542364843221,29,30,29,29
1680679542366540380,29,30,29,29
1680679542368266007,29,30,29,29
1680679542369990015,29,30,29,29
1680679542371696955,29,30,29,29
1680679542373405411,29,30,29,29
1680679542375105879,29,30,29,29
1680679542376777977,29,30,29,29
1680679542378443233,29,30,29,29
1680679542380122968,29,30,29,29
1680679542381791864,29,30,29,29
1680679542383570716,29,30,29,29
1680679542385248281,29,30,29,29
1680679542386955762,29,30,29,29
1680679542388645938,29,30,29,29
1680679542390386426,29,30,29,29
1680679542392073126,29,30,29,29
1680679542393756201,29,30,29,29
1680679542395446047,29,30,29,29
1680679542397163264,29,30,29,29
1680679542398884364,29,30,29,29
1680679542400595892,29,30,29,29
1680679542402383161,29,30,29,29
1680679542404161950,29,30,29,29
1680679542405871391,29,30,29,29
1680679542407621412,29,30,29,29
1680679542409299701,29,30,29,29
1680679542410999808,29,30,29,29
1680679542412691176,29,30,29,29
1680679542414382485,29,30,29,29
1680679542416066119,29,30,29,29
1680679542417753353,29,30,29,29
1680679542419459061,29,30,29,29
1680679542421148890,29,30,29,29
1680679542422833319,29,30,29,29
1680679542424582652,29,30,29,29
1680679542426279812,29,30,29,29
1680679542428076216,29,30,29,29
1680679542429764269,29,30,29,29
1680679542431448341,29,30,29,29
1680679542433125752,29,30,29,29
1680679542434804509,29,30,29,29
1680679542436486499,29,30,29,29
1680679542438175154,29,30,29,29
1680679542439918345,29,30,29,29
1680679542441612091,29,30,29,29
1680679542443312611,29,30,29,29
1680679542444998097,29,30,29,29
1680679542446717795,29,30,29,29
1680679542448410596,29,30,29,29
1680679542450105118,29,30,29,29
1680679542451795343,29,30,29,29
1680679542453477666,29,30,29,29
1680679542455168660,29,30,29,29
1680679542456858865,29,30,29,29
1680679542458540428,29,30,29,29
1680679542460240422,29,30,29,29
1680679542461958759,29,30,29,29
1680679542463770879,29,30,29,29
1680679542465509719,29,30,29,29
1680679542467458654,29,30,29,29
1680679542469195477,29,30,29,29
1680679542470966491,29,30,29,29
1680679542472654580,29,30,29,29
1680679542474609761,29,30,29,29
1680679542476350974,29,30,29,29
1680679542478060614,29,29,29,29
1680679542479821992,29,29,29,29
1680679542481504678,29,29,29,29
1680679542483281743,29,29,29,29
1680679542484999830,29,29,29,29
1680679542486720256,29,29,29,29
1680679542508811704,29,29,29,29
1680679542510580177,29,29,29,29
1680679542512340050,29,29,29,29
1680679542514140123,29,29,29,29
1680679542515941942,29,29,29,29
1680679542517703863,29,29,29,29
1680679542519459189,29,29,29,29
1680679542521196769,29,29,29,29
1680679542522919272,29,29,29,29
1680679542524742626,29,29,29,29
1680679542526479253,29,29,29,29
1680679542528206327,29,29,29,29
1680679542529899121,29,29,29,29
1680679542531568204,29,29,29,29
1680679542533237334,29,29,29,29
1680679542534907002,29,29,29,29
1680679542536571667,29,29,29,29
1680679542538278483,29,29,29,29
1680679542539982373,29,29,29,29
1680679542541663785,29,29,29,29
1680679542543484173,29,29,29,29
1680679542545166071,29,29,29,29
1680679542546850551,29,29,29,29
1680679542548532005,29,29,29,29
1680679542550225716,29,29,29,29
1680679542551917936,29,29,29,29
1680679542553605876,29,29,29,29
1680679542555282510,29,29,29,29
1680679542556962551,29,29,29,29
1680679542558641655,29,29,29,29
1680679542560361414,29,29,29,29
1680679542562031504,29,29,29,29
1680679542563816497,29,29,29,29
1680679542565481054,29,29,29,29
1680679542567146282,29,29,29,29
1680679542568880574,29,29,29,29
1680679542570562668,29,29,29,29
1680679542572248032,29,29,29,29
1680679542573943752,29,29,29,29
1680679542575630098,29,29,29,29
1680679542577339096,29,29,29,29
1680679542579028037,29,29,29,29
1680679542580729120,29,29,29,29
1680679542582417640,29,29,29,29
1680679542584255946,29,29,29,29
1680679542585960231,29,29,29,29
1680679542587643155,29,29,29,29
1680679542589420332,29,29,29,29
1680679542591100018,29,29,29,29
1680679542592784499,29,29,29,29
1680679542594460069,29,29,29,29
1680679542596140494,29,29,29,29
1680679542597829671,29,29,29,29
1680679542599541150,29,29,29,29
1680679542601246268,29,29,29,29
1680679542602946597,29,29,29,29
1680679542604728612,29,29,29,29
1680679542606437241,29,29,29,29
1680679542608145982,29,29,29,29
1680679542609925283,29,29,29,29
1680679542611635981,29,29,29,29
1680679542613317106,29,29,29,29
1680679542614997349,29,29,29,29
1680679542616691914,29,29,29,29
1680679542618452663,29,29,29,29
1680679542620248512,29,29,29,29
1680679542621941627,29,29,29,29
1680679542623704017,29,29,29,29
1680679542625389951,29,29,29,29
1680679542627071703,29,29,29,29
1680679542628727276,29,29,29,29
1680679542630412645,29,29,29,29
1680679542632101385,29,29,29,29
1680679542633854294,29,29,29,29
1680679542635547833,29,29,29,29
1680679542637237373,29,29,29,29
1680679542638920881,29,29,29,29
1680679542640662333,29,29,29,29
1680679542642351927,29,29,29,29
1680679542644075321,29,29,29,29
1680679542645752840,29,29,29,29
1680679542647439811,29,29,29,29
1680679542649154958,29,29,29,29
1680679542650834628,29,29,29,29
1680679542652517922,29,29,29,29
1680679542654216863,29,29,29,29
1680679542655899180,29,29,29,29
1680679542657579616,29,29,29,29
1680679542659265651,29,29,29,29
1680679542660947247,29,29,29,29
1680679542662630367,29,29,29,29
1680679542664405661,29,29,29,29
1680679542666109542,29,29,29,29
1680679542667861819,29,29,29,29
1680679542669665247,29,29,29,29
1680679542671343675,29,29,29,29
1680679542673030686,29,29,29,29
1680679542674707187,29,29,29,29
1680679542676387844,29,29,29,29
1680679542678077634,29,29,29,29
1680679542679803889,29,29,29,29
1680679542681490842,29,29,29,29
1680679542683177258,29,29,29,29
1680679542684921697,29,29,29,29
1680679542686586935,29,29,29,29
1680679542688256105,29,29,29,29
1680679542689997416,29,29,29,29
1680679542691669158,29,29,29,29
1680679542693337186,29,29,29,29
1680679542695025350,29,29,29,29
1680679542696786513,29,29,29,29
1680679542698571013,29,29,29,29
1680679542700279247,29,29,29,29
1680679542701986218,29,29,29,29
1680679542703806118,29,29,29,29
1680679542705491370,29,29,29,29
1680679542707172849,29,29,29,29
1680679542708851704,29,29,29,29
1680679542710691192,29,29,29,29
1680679542712381823,29,29,29,29
1680679542714093692,29,29,29,29
1680679542715805802,29,29,29,29
1680679542717730043,29,29,29,29
1680679542719439021,29,29,29,29
1680679542721140275,29,29,29,29
1680679542722842182,29,29,29,29
1680679542724686207,29,29,29,29
1680679542726544773,29,29,29,29
1680679542728248674,29,29,29,29
1680679542730032513,29,29,30,29
1680679542731738961,29,29,30,29
1680679542733444083,29,29,30,29
1680679542735136266,29,29,30,29
1680679542736895468,29,29,30,29
1680679542738575854,29,29,30,29
1680679542740341828,29,29,30,29
1680679542742025811,29,29,30,29
1680679542743777609,29,29,30,29
1680679542745497742,29,29,30,29
1680679542747185517,29,29,30,29
1680679542748875276,29,29,30,29
1680679542750550933,29,29,30,29
1680679542752229465,29,29,30,29
1680679542753931262,29,29,30,29
1680679542755681283,29,29,30,29
1680679542757366615,29,29,30,29
1680679542759048977,29,29,30,29
1680679542760732210,29,29,30,29
1680679542762414754,29,29,30,29
1680679542764132537,29,29,30,29
1680679542765829394,29,29,30,29
1680679542767513819,29,29,30,29
1680679542769320140,29,29,30,29
1680679542771137002,29,29,30,29
1680679542772990615,29,29,30,29
1680679542774862641,29,29,30,29
1680679542776727910,29,29,30,29
1680679542778575576,29,29,30,29
1680679542780462438,29,29,30,29
1680679542782326748,29,29,30,29
1680679542784889920,29,29,30,29
1680679542786763548,29,29,30,29
1680679542788589716,29,29,30,29
1680679542790472581,29,29,30,29
1680679542792308723,29,29,30,29
1680679542794153082,29,29,30,29
1680679542795989971,29,29,30,29
1680679542797864476,29,29,30,29
1680679542799847646,29,29,30,29
1680679542801733372,29,29,30,29
1680679542803617399,29,29,30,29
1680679542805511034,29,29,30,29
1680679542807405762,29,29,30,29
1680679542809298722,29,29,30,29
1680679542811178798,29,29,30,29
1680679542813036282,29,29,30,29
1680679542815210823,29,29,30,29
1680679542817063169,29,29,30,29
1680679542818920402,29,29,30,29
1680679542820818495,29,29,30,29
1680679542822693262,29,29,30,29
1680679542824599157,29,29,30,29
1680679542826488223,29,29,30,29
1680679542828385212,29,29,30,29
1680679542830323375,29,29,30,29
1680679542832845661,29,29,30,29
1680679542834884499,29,29,30,29
1680679542837212027,29,29,29,29
1680679542904411415,29,29,29,29
1680679542971569954,29,29,29,29
1680679542973897641,29,29,29,29
1680679542975805368,29,29,29,29
1680679542977711394,29,29,29,29
1680679542979648280,29,30,29,29
1680679542981609094,29,30,29,29
1680679542983242528,29,30,29,29
1680679542984910301,29,30,29,29
1680679542986554397,29,30,29,29
1680679542988194194,29,30,29,29
1680679542989850464,29,30,29,29
1680679542991495130,29,30,29,29
1680679542993188054,29,30,29,29
1680679542994871585,29,30,29,29
1680679542996563191,29,30,29,29
1680679542998262467,29,30,29,29
1680679542999939713,29,30,29,29
1680679543001812111,29,30,29,29
1680679543003498718,29,30,29,29
1680679543005196929,29,30,29,29
1680679543006872526,29,30,29,29
1680679543008555392,29,30,29,29
1680679543010266192,29,30,29,29
1680679543011949501,29,30,29,29
1680679543013633543,29,30,29,29
1680679543015316986,29,30,29,29
1680679543016999429,29,30,29,29
1680679543018683165,29,30,29,29
1680679543020369434,29,30,29,29
1680679543022071764,29,30,29,29
1680679543023892462,29,30,29,29
1680679543025629091,29,30,29,29
1680679543027303620,29,30,29,29
1680679543028993596,29,30,29,29
1680679543030765630,29,30,29,29
1680679543032509599,29,30,29,29
1680679543034196593,29,30,29,29
1680679543035876146,29,30,29,29
1680679543037556727,29,30,29,29
1680679543039252130,29,30,29,29
1680679543041102707,29,30,29,29
1680679543042786081,29,30,29,29
1680679543044470841,29,30,29,29
1680679543046306307,29,30,29,29
1680679543047997939,29,30,29,29
1680679543049680106,29,30,29,29
1680679543051362197,29,30,29,29
1680679543053043562,29,30,29,29
1680679543054723673,29,30,29,29
1680679543056401742,29,30,29,29
1680679543058090101,29,30,29,29
1680679543059767714,29,30,29,29
1680679543061523576,29,30,29,29
1680679543063205818,29,30,29,29
1680679543065000395,29,30,29,29
1680679543066685850,29,30,29,29
1680679543068372227,29,30,29,29
1680679543070088753,29,30,29,29
1680679543071827841,29,30,29,29
1680679543073529930,29,30,29,29
1680679543075209692,29,30,29,29
1680679543076892881,29,30,29,29
1680679543078570283,29,30,29,29
1680679543080290671,29,30,29,29
1680679543081995645,29,30,29,29
1680679543083689434,29,30,29,29
1680679543085448282,29,30,29,29
1680679543087142122,29,30,29,29
1680679543088820119,29,30,29,29
1680679543090510959,29,30,29,29
1680679543092192154,29,30,29,29
1680679543093872352,29,30,29,29
1680679543095555115,29,30,29,29
1680679543097234549,29,30,29,29
1680679543098912872,29,30,29,29
1680679543100614659,29,30,29,29
1680679543102396567,29,30,29,29
1680679543104086226,29,30,29,29
1680679543105854146,29,30,29,29
1680679543107551812,29,30,29,29
1680679543109228275,29,30,29,29
1680679543110994583,29,30,29,29
1680679543112730072,29,30,29,29
1680679543114419340,29,30,29,29
1680679543116102276,29,30,29,29
1680679543117788007,29,30,29,29
1680679543119470491,29,30,29,29
1680679543121174128,29,30,29,29
1680679543122854656,29,30,29,29
1680679543124542135,29,30,29,29
1680679543126300570,29,30,29,29
1680679543127988098,29,30,29,29
1680679543129677078,29,30,29,29
1680679543131417417,29,30,29,30
1680679543133106626,29,30,29,30
1680679543134796274,29,30,29,30
1680679543136474491,29,30,29,30
1680679543138165796,29,30,29,30
1680679543139860094,29,30,29,30
1680679543141639051,29,30,29,30
1680679543143326605,29,30,29,30
1680679543145105980,29,30,29,30
1680679543146784133,29,30,29,30
1680679543148455620,29,29,29,30
1680679543150136161,29,29,29,30
1680679543151814442,29,29,29,30
1680679543153489285,29,29,29,30
1680679543155150794,29,29,29,30
1680679543156818232,29,29,29,30
1680679543158526158,29,29,29,30
1680679543160228933,29,29,29,30
1680679543161979477,29,29,29,30
1680679543163694259,29,29,29,30
1680679543165449542,29,29,29,30
1680679543167153996,29,29,29,30
1680679543168859314,29,29,29,30
1680679543170592600,29,29,29,30
1680679543172303803,29,29,29,30
1680679543174028104,29,29,29,30
1680679543175742116,29,29,29,30
1680679543177456726,29,29,29,30
1680679543179171678,29,29,29,30
1680679543180975900,29,29,29,30
1680679543182639612,29,29,29,30
1680679543184307748,29,29,29,30
1680679543186090418,29,29,29,30
1680679543187757243,29,29,29,30
1680679543189427284,29,29,29,30
1680679543191176715,29,29,29,30
1680679543192856573,29,29,29,30
1680679543194546346,29,29,29,30
1680679543196228661,29,29,29,30
1680679543198025824,29,29,29,30
1680679543199712822,29,29,29,30
1680679543201512710,29,29,29,30
1680679543203219022,29,29,29,30
1680679543205077011,29,29,29,30
1680679543206782297,29,29,29,30
1680679543208501860,29,29,29,30
1680679543210399867,29,29,29,30
1680679543212091918,29,29,29,30
1680679543213757184,29,29,29,30
1680679543215424858,29,29,29,30
1680679543217090566,29,29,29,30
1680679543218866918,29,29,29,30
1680679543220535396,29,29,29,30
1680679543222260451,29,29,29,30
1680679543223944065,29,29,29,30
1680679543225771482,29,29,29,30
1680679543227456557,29,29,29,30
1680679543229145605,29,29,29,30
1680679543230852133,29,29,29,30
1680679543232535024,29,29,29,30
1680679543234230615,29,29,29,30
1680679543235916155,29,29,29,30
1680679543237602012,29,29,29,30
1680679543239279874,30,29,29,30
1680679543240964366,30,29,29,30
1680679543242648860,30,29,29,30
1680679543244334331,30,29,29,30
1680679543246112174,30,29,29,30
1680679543247815097,30,29,29,30
1680679543249508370,30,29,29,30
1680679543251266496,30,29,29,30
1680679543252950183,30,29,29,30
1680679543254637862,30,29,29,30
1680679543256321739,30,29,29,30
1680679543258015693,30,29,29,30
1680679543259705526,30,29,29,30
1680679543261407776,30,29,29,30
1680679543263099966,30,29,29,30
1680679543264815369,30,29,29,30
1680679543266554521,30,29,29,30
1680679543268315740,30,29,29,30
1680679543270025643,30,29,29,30
1680679543271749174,30,29,29,30
1680679543273459401,30,29,29,30
1680679543275154728,30,29,29,30
1680679543276831787,30,29,29,30
1680679543278512859,30,29,29,30
1680679543280193861,30,29,29,30
1680679543281984464,30,29,29,30
1680679543283676005,30,29,29,30
1680679543285413247,30,29,29,30
1680679543287109735,30,29,29,30
1680679543288797990,30,29,29,30
1680679543290485435,30,29,29,30
1680679543292289070,30,29,29,30
1680679543293986910,30,29,29,30
1680679543295680267,30,29,29,30
1680679543297362423,30,29,29,30
1680679543299163536,30,29,29,29
1680679543300860349,30,29,29,29
1680679543302581183,30,29,29,29
1680679543304262935,30,29,29,29
1680679543306030418,30,29,29,29
1680679543307709455,30,29,29,29
1680679543309392162,30,29,29,29
1680679543311110662,30,29,29,29
1680679543312805982,30,29,29,29
1680679543314488794,30,29,29,29
1680679543316172513,30,29,29,29
1680679543317853067,30,29,29,29
1680679543319541578,30,29,29,29
1680679543321246421,30,29,29,29
1680679543322931690,30,29,29,29
1680679543324619287,30,29,29,29
1680679543326385980,30,29,29,29
1680679543328081123,30,29,29,29
1680679543329766504,30,29,29,29
1680679543331524778,30,29,29,29
1680679543333206591,30,29,29,29
1680679543334884274,30,29,29,29
1680679543336566715,30,29,29,29
1680679543338258625,30,29,29,29
1680679543339943271,30,29,29,29
1680679543341641394,30,29,29,29
1680679543343321561,30,29,29,29
1680679543345007171,30,29,29,29
1680679543346809903,30,29,29,29
1680679543348474412,30,29,29,29
1680679543350162571,30,29,29,29
1680679543351957076,30,29,29,29
1680679543353616255,30,29,29,29
1680679543355282947,30,29,29,29
1680679543356947506,30,29,29,29
1680679543358655171,30,29,29,29
1680679543360369432,30,29,29,29
1680679543362163873,30,29,29,29
1680679543363874326,30,29,29,29
1680679543365631055,30,29,29,29
1680679543367339779,30,29,29,29
1680679543369048591,30,29,29,29
1680679543370742280,30,29,29,29
1680679543372431542,30,29,29,29
1680679543374128794,30,29,29,29
1680679543375810328,30,29,29,29
1680679543377492813,30,29,29,29
1680679543379170718,30,29,29,29
1680679543380868303,30,29,29,29
1680679543382605178,30,29,29,29
1680679543384293203,30,29,29,29
1680679543386088966,30,29,29,29
1680679543387773190,30,29,29,29
1680679543389453920,30,29,29,29
1680679543391138643,30,29,29,29
1680679543392820322,30,29,29,29
1680679543394503583,30,29,29,29
1680679543396191874,30,29,29,29
1680679543397880930,30,29,29,29
1680679543399567947,30,29,30,29
1680679543401253022,30,29,30,29
1680679543402992542,30,29,30,29
1680679543404686805,30,29,30,29
1680679543406456401,29,29,30,29
1680679543408144970,29,29,30,29
1680679543409840306,29,29,30,29
1680679543411592103,29,29,30,29
1680679543413288400,29,29,30,29
1680679543414960500,29,29,30,29
1680679543416639468,29,29,30,29
1680679543418328140,29,29,30,29
1680679543420023638,29,29,30,29
1680679543421715285,29,29,30,29
1680679543423394120,29,29,30,29
1680679543425077185,29,29,30,29
1680679543426810328,29,29,30,29
1680679543428496704,29,29,30,29
1680679543430189895,29,29,30,29
1680679543431931075,29,29,30,29
1680679543433621344,29,29,30,29
1680679543435300336,29,29,30,29
1680679543436984427,29,29,30,29
1680679543438660895,29,29,30,29
1680679543440404957,29,29,30,29
1680679543442145792,29,29,30,29
1680679543443827560,29,29,30,29
1680679543445641809,29,29,30,29
1680679543447321445,29,29,30,29
1680679543449003723,29,29,30,29
1680679543450679192,29,29,30,29
1680679543452348983,29,29,30,29
1680679543454016399,29,29,30,29
1680679543455687801,29,29,30,29
1680679543457492559,29,29,30,29
1680679543459168619,29,29,30,29
1680679543460853613,29,29,30,29
1680679543462624680,29,29,30,29
1680679543464330728,29,29,30,29
1680679543466104139,29,29,30,29
1680679543467815319,29,29,30,29
1680679543469522352,29,29,30,29
1680679543471250763,29,29,30,29
1680679543473000307,29,29,30,29
1680679543474687957,29,29,30,29
1680679543476372006,29,29,30,29
1680679543478068872,29,29,30,29
1680679543479753057,29,29,30,29
1680679543481439919,29,30,30,29
1680679543483132190,29,30,30,29
1680679543484823487,29,30,30,29
1680679543486582985,29,30,30,29
1680679543488278608,29,30,30,29
1680679543489974281,29,30,30,29
1680679543491724671,29,30,30,29
1680679543493410311,29,30,30,29
1680679543495089102,29,30,30,29
1680679543496727230,29,30,30,29
1680679543498409864,29,30,30,29
1680679543500093586,29,30,30,29
1680679543501818332,29,30,30,29
1680679543503511592,29,30,30,29
1680679543505197994,29,30,30,29
1680679543506956515,29,30,30,29
1680679543508648323,29,30,30,29
1680679543510342779,29,30,30,29
1680679543512087840,29,30,30,29
1680679543513793262,29,30,30,29
1680679543515482779,29,30,30,29
1680679543517165071,29,30,30,29
1680679543518849538,29,30,30,29
1680679543520608690,29,30,30,29
1680679543522359018,29,30,30,29
1680679543524044935,29,30,30,29
1680679543525906793,29,30,30,29
1680679543527601395,29,30,30,29
1680679543529281987,29,30,30,29
1680679543530970726,29,30,30,29
1680679543532652083,29,30,30,29
1680679543534339220,29,30,30,29
1680679543536026966,29,30,30,29
1680679543537717489,29,30,30,29
1680679543539402657,29,30,30,29
1680679543541088706,29,30,30,29
1680679543542793765,29,30,30,29
1680679543544490682,29,30,30,29
1680679543546217800,29,30,30,29
1680679543547884400,29,30,30,29
1680679543549553776,29,30,30,29
1680679543551216359,29,30,30,29
1680679543552878698,29,30,30,29
1680679543554573407,29,30,30,29
1680679543556297374,29,30,30,29
1680679543558082658,29,30,30,29
1680679543559790131,29,30,30,29
1680679543561502765,29,30,30,29
1680679543563213563,29,30,30,29
1680679543564906877,29,30,30,29
1680679543566660955,29,30,29,29
1680679543568348923,29,30,29,29
1680679543570035879,29,30,29,29
1680679543571786049,29,30,29,29
1680679543573481036,29,30,29,29
1680679543575163750,29,30,29,29
1680679543576846405,29,30,29,29
1680679543578520436,29,30,29,29
1680679543580201813,29,30,29,29
1680679543581920752,29,30,29,29
1680679543583629924,29,30,29,29
1680679543585320612,29,30,29,29
1680679543587068711,29,30,29,29
1680679543588726874,29,30,29,29
1680679543590410614,29,30,29,29
1680679543592154672,29,30,29,29
1680679543593866076,29,30,29,29
1680679543595632689,29,30,29,29
1680679543597331631,29,30,29,29
1680679543599009625,29,30,29,29
1680679543600693639,29,30,29,29
1680679543602428437,29,30,29,29
1680679543604109855,29,30,29,29
1680679543605962568,29,30,29,29
1680679543607643405,29,30,29,29
1680679543609323034,29,30,29,29
1680679543611001981,29,30,29,29
1680679543612688760,29,30,29,29
1680679543614384501,29,30,29,29
1680679543616072701,29,30,29,29
1680679543617764032,29,30,29,29
1680679543619511669,29,30,29,29
1680679543621198495,29,30,29,29
1680679543622941098,29,30,29,29
1680679543624630091,29,30,29,29
1680679543626360091,29,30,29,29
1680679543628051365,29,30,29,29
1680679543629742097,29,30,29,29
1680679543631446846,29,30,29,29
1680679543633140683,29,30,29,29
1680679543635272449,29,30,29,29
1680679543636953723,29,30,29,29
1680679543638633357,29,30,29,29
1680679543640316408,29,30,29,29
1680679543642020983,29,30,29,29
1680679543643706677,29,30,29,29
1680679543645391968,29,30,29,29
1680679543647165041,29,30,29,29
1680679543648862091,29,29,29,29
1680679543650527674,29,29,29,29
1680679543652248548,29,29,29,29
1680679543653926987,29,29,29,29
1680679543655600991,29,29,29,29
1680679543657270631,29,29,29,29
1680679543658954412,29,29,29,29
1680679543660633045,29,29,29,29
1680679543662346931,29,29,29,29
1680679543664057194,29,29,29,29
1680679543665772726,29,29,29,29
1680679543667483800,29,29,29,29
1680679543669192760,29,29,29,29
1680679543670893165,29,29,29,29
1680679543672959812,29,29,29,29
1680679543674715980,29,29,29,29
1680679543676452458,29,29,29,29
1680679543678203169,29,29,29,29
1680679543679957552,29,29,29,29
1680679543681685295,29,29,29,29
1680679543683413858,29,29,29,29
1680679543685178384,29,29,29,29
1680679543708234460,29,29,29,29
1680679543710108622,29,29,29,29
1680679543711985932,29,29,29,29
1680679543713853724,29,29,29,29
1680679543715706177,29,29,29,29
1680679543717386959,29,29,29,29
1680679543719072015,29,29,29,29
1680679543720729666,29,29,29,29
1680679543722429682,29,29,29,29
1680679543724115276,29,29,29,29
1680679543725814417,29,29,29,29
1680679543727561698,29,29,29,29
1680679543729256044,29,29,29,29
1680679543730941425,29,29,29,29
1680679543732677249,29,29,29,29
1680679543734366588,29,29,29,29
1680679543736048288,29,29,29,29
1680679543737723163,29,29,29,29
1680679543739404228,29,29,29,29
1680679543741086245,29,29,29,29
1680679543742853102,29,29,29,29
1680679543744540859,29,29,29,29
1680679543746318664,29,29,29,29
1680679543748203728,29,29,29,29
1680679543749891378,29,29,29,29
1680679543751596644,29,29,29,29
1680679543753286425,29,29,29,29
1680679543754970352,29,29,29,29
1680679543756656798,29,29,29,29
1680679543758334901,29,29,29,29
1680679543760017932,29,29,29,29
1680679543761705783,29,29,29,29
1680679543763415322,29,29,29,29
1680679543765110851,29,29,29,29
1680679543766805599,29,29,29,29
1680679543768553412,29,29,29,29
1680679543770303859,29,29,29,29
1680679543772063378,29,29,29,29
1680679543773801207,29,29,29,29
1680679543775527324,29,29,29,29
1680679543777267298,29,29,29,29
1680679543778994912,29,29,29,29
1680679543780648263,29,29,29,29
1680679543782310233,29,29,29,29
1680679543783961853,29,29,29,29
1680679543785612750,29,29,29,29
1680679543787338433,29,29,29,29
1680679543789040987,29,29,29,29
1680679543790729647,29,29,29,29
1680679543792468949,29,29,29,29
1680679543794160955,29,29,29,29
1680679543795838738,29,29,29,29
1680679543797516374,29,29,29,29
1680679543799200900,29,29,29,29
1680679543800901415,29,29,29,29
1680679543802622571,29,29,29,29
1680679543804330801,29,29,29,29
1680679543806042965,29,29,29,29
1680679543807864525,29,29,29,29
1680679543809571388,29,29,29,29
1680679543811281893,29,29,29,29
1680679543812970858,29,29,29,29
1680679543814654119,29,29,29,29
1680679543816342623,29,29,29,29
1680679543818036666,29,29,29,29
1680679543819782003,29,29,29,29
1680679543821463794,29,29,29,29
1680679543823171506,29,29,29,29
1680679543824850129,29,29,29,29
1680679543826589128,29,29,29,29
1680679543828367758,29,29,29,29
1680679543830058806,29,29,29,29
1680679543831792252,29,29,29,29
1680679543833478400,29,29,29,29
1680679543835160596,29,29,29,29
1680679543836844474,29,29,29,29
1680679543838528782,29,29,29,29
1680679543840213798,29,29,29,29
1680679543841907298,29,29,29,29
1680679543843683010,29,29,29,29
1680679543845364285,29,29,29,29
1680679543847131341,29,29,29,29
1680679543848897973,29,29,29,29
1680679543850585658,29,29,29,29
1680679543852270846,29,29,29,29
1680679543853958367,29,29,29,29
1680679543855651314,29,29,29,29
1680679543857396231,29,29,29,29
1680679543859080011,29,29,29,29
1680679543860728628,29,29,29,29
1680679543862473863,29,29,29,29
1680679543864164108,29,29,29,29
1680679543865857114,29,29,29,29
1680679543867564227,29,29,29,29
1680679543869297568,29,29,29,29
1680679543870981774,29,29,29,29
1680679543872726841,29,29,29,29
1680679543874411619,29,29,29,29
1680679543876109855,29,29,29,29
1680679543877801599,29,29,29,29
1680679543879478238,29,29,29,29
1680679543881156972,29,29,29,29
1680679543882931579,29,29,29,29
1680679543884600100,29,29,29,29
1680679543886285961,29,29,29,29
1680679543887973581,29,29,29,29
1680679543889653246,29,29,29,29
1680679543891318573,29,29,29,29
1680679543893012873,29,29,29,29
1680679543894697882,29,29,29,29
1680679543896389122,29,29,29,29
1680679543898083465,29,29,29,29
1680679543899761215,29,29,29,29
1680679543901440861,29,29,29,29
1680679543903150594,29,29,29,29
1680679543904853011,29,29,29,29
1680679543906608864,29,29,29,29
1680679543908332130,29,29,29,29
1680679543910045219,29,29,29,29
1680679543911859105,29,29,29,29
1680679543913574026,29,29,29,29
1680679543915376781,29,29,29,29
1680679543917058638,29,29,29,29
1680679543918742797,29,29,29,29
1680679543920430342,29,29,29,29
1680679543922130711,29,29,29,29
1680679543923853503,29,29,29,29
1680679543925540630,29,29,29,29
1680679543927280819,29,29,29,29
1680679543928995016,29,29,29,29
1680679543930685998,29,29,29,29
1680679543932407433,29,29,29,29
1680679543934110315,29,29,29,29
1680679543935790741,29,29,29,29
1680679543937470203,29,29,29,29
1680679543939146941,29,29,29,29
1680679543940825537,29,29,29,29
1680679543942573575,29,29,29,29
1680679543944260895,29,29,29,29
1680679543945958738,29,29,29,29
1680679543947688459,29,29,29,29
1680679543949490611,29,29,29,29
1680679543951168059,29,29,29,29
1680679543952905443,29,29,29,29
1680679543954593545,29,29,29,29
1680679543956275424,29,29,29,29
1680679543957965174,29,29,29,29
1680679543959648705,29,29,29,29
1680679543961399256,29,29,29,29
1680679543963157490,29,29,29,29
1680679543964838539,29,29,29,29
1680679543966520070,29,29,29,29
1680679543968234078,29,29,29,29
1680679543969941678,29,29,29,29
1680679543971735735,29,29,29,29
1680679543973421167,29,29,29,29
1680679543975104935,29,29,29,29
1680679543976791608,29,29,29,29
1680679543978476369,29,29,29,29
1680679543980162132,29,29,29,29
1680679543981858208,29,29,29,29
1680679543983598091,29,29,29,29
1680679543985285017,29,29,29,29
1680679543986978819,29,29,29,29
1680679543988691579,29,29,29,29
1680679543990382885,29,29,29,29
1680679543992116519,29,29,29,29
1680679543993860696,29,29,29,29
1680679543995544482,29,29,29,29
1680679543997230107,29,29,29,29
1680679543998915843,29,29,29,29
1680679544000800813,29,29,29,29
1680679544002721754,29,29,29,29
1680679544004431133,29,29,29,29
1680679544006115752,29,29,29,29
1680679544007914225,29,29,29,29
1680679544009612938,29,29,29,29
1680679544011289979,29,29,29,29
1680679544013023323,29,29,29,29
1680679544014841255,29,29,29,29
1680679544016525970,29,29,29,29
1680679544018220806,29,29,29,29
1680679544019909920,29,29,29,29
1680679544021762236,29,29,29,29
1680679544023483156,29,29,29,29
1680679544025163807,29,29,29,29
1680679544026873117,29,29,29,29
1680679544028588827,29,29,29,29
1680679544030387646,29,29,29,29
1680679544032097666,29,29,29,29
1680679544033796900,29,29,29,29
1680679544035486315,29,29,29,29
1680679544037176997,29,29,29,29
1680679544038858176,29,29,29,29
1680679544040534401,29,29,29,29
1680679544042218126,29,29,29,29
1680679544043941318,29,29,29,29
1680679544045608605,29,29,29,29
1680679544047288457,29,29,29,29
1680679544048977276,29,29,29,29
1680679544050668324,29,29,29,29
1680679544052408481,29,29,29,29
1680679544054131259,29,29,29,29
1680679544055839566,29,29,29,29
1680679544057548710,29,29,29,29
1680679544059247317,29,29,29,29
1680679544060949260,29,29,29,29
1680679544062649531,29,29,29,29
1680679544064391876,29,29,29,29
1680679544066081020,29,29,29,29
1680679544067791865,29,29,29,29
1680679544069533281,29,29,29,29
1680679544071216098,29,29,29,29
1680679544072975428,29,29,29,29
1680679544074662522,29,29,29,29
1680679544076347670,30,29,29,29
1680679544078035573,30,29,29,29
1680679544079936456,30,29,29,29
1680679544081825833,30,29,29,29
1680679544083703559,30,29,29,29
1680679544085577091,30,29,29,29
1680679544087492251,30,29,29,29
1680679544089357850,30,29,29,29
1680679544091248555,30,29,29,29
1680679544093833222,30,29,29,29
1680679544095707573,30,29,29,29
1680679544097554744,30,29,29,29
1680679544099431233,30,29,29,29
1680679544101289369,30,29,29,29
1680679544103223640,30,29,29,29
1680679544105123903,30,29,29,29
1680679544107175093,30,29,29,29
1680679544109736335,30,29,29,29
1680679544111625755,30,29,29,29
1680679544113547386,30,29,29,29
1680679544115453492,30,29,29,29
1680679544117361606,30,29,29,29
1680679544119264104,30,29,29,29
1680679544121162934,30,29,29,29
1680679544123067452,30,29,29,29
1680679544125546422,30,29,29,29
1680679544127450140,30,29,29,29
1680679544129406851,30,29,29,29
1680679544131293925,30,29,29,29
1680679544133203790,30,29,29,29
1680679544135113676,30,29,29,29
1680679544137023612,30,29,29,29
1680679544138944969,30,29,29,29
1680679544141413266,30,29,29,29
1680679544144149426,30,29,29,29
1680679544146343908,30,29,29,29
1680679544148728582,30,29,29,29
1680679544215500166,29,29,29,29
1680679544282152378,29,29,29,29
1680679544284451342,29,29,29,29
1680679544286395052,29,29,29,29
1680679544288348139,29,29,29,29
1680679544290319886,29,29,29,29
1680679544292228485,29,29,29,29
1680679544293952515,29,29,29,29
1680679544295598389,29,29,29,29
1680679544297250839,29,29,29,29
1680679544298910701,29,29,29,29
1680679544300594759,29,29,29,29
1680679544302415632,29,29,29,29
1680679544304132774,29,29,29,29
1680679544305819979,29,29,29,29
1680679544307554985,29,29,29,29
1680679544309269040,29,29,29,29
1680679544310956825,29,29,29,29
1680679544312641993,29,29,29,29
1680679544314383225,29,29,29,29
1680679544316075998,29,29,29,29
1680679544317769078,29,29,29,29
1680679544319451632,29,29,29,29
1680679544321221292,29,29,29,29
1680679544322904232,29,29,29,29
1680679544324636820,29,29,29,29
1680679544326326000,29,29,29,29
1680679544328038495,29,29,29,29
1680679544329754812,29,29,29,29
1680679544331444241,29,29,29,29
1680679544333141241,29,29,29,29
1680679544334817075,29,29,29,29
1680679544336480364,29,29,29,29
1680679544338154367,29,29,29,29
1680679544339822535,29,29,29,29
1680679544341489513,29,29,29,29
1680679544343160357,29,29,29,29
1680679544344857098,29,29,29,29
1680679544346558921,29,29,29,29
1680679544348324757,29,29,29,29
1680679544350200001,29,29,29,29
1680679544351910133,29,29,29,29
1680679544353726710,29,29,29,29
1680679544355423990,29,29,29,29
1680679544357088056,29,29,29,29
1680679544358747927,29,29,29,29
1680679544360413447,29,29,29,29
1680679544362105735,29,29,29,29
1680679544363961768,29,29,29,29
1680679544365630645,29,29,29,29
1680679544367312982,29,29,29,29
1680679544369058799,29,29,29,29
1680679544370750903,29,29,29,29
1680679544372435293,29,29,29,29
1680679544374200507,29,29,29,29
1680679544375882380,29,29,29,29
1680679544377580333,29,29,29,29
1680679544379286820,29,29,29,29
1680679544380997138,29,29,29,29
1680679544382724426,29,29,29,29
1680679544384595115,29,29,29,29
1680679544386320126,29,29,29,29
1680679544388064474,29,29,29,29
1680679544389817034,29,29,29,29
1680679544391509939,29,29,29,29
1680679544393249565,29,29,29,29
1680679544394931938,29,29,29,29
1680679544396613503,29,29,29,29
1680679544398317493,29,29,29,29
1680679544399997026,29,29,29,29
1680679544401680501,29,29,29,29
1680679544403362662,29,29,29,29
1680679544405099806,29,29,29,29
1680679544406781291,29,29,29,29
1680679544408520377,29,29,29,29
1680679544410259797,29,29,29,29
1680679544411943777,29,29,29,29
1680679544413662396,29,29,29,29
1680679544415343816,29,29,29,29
1680679544417031207,29,29,29,29
1680679544418716966,29,29,29,29
1680679544420382408,29,29,29,29
1680679544422056370,29,29,29,29
1680679544423729073,29,29,29,29
1680679544425399894,29,29,29,29
1680679544427065793,29,29,29,29
1680679544428727123,29,29,29,29
1680679544430447387,29,29,29,29
1680679544432214234,29,29,29,29
1680679544433946876,29,29,29,29
1680679544435641988,29,29,29,29
1680679544437324393,29,29,29,29
1680679544439093693,29,29,29,29
1680679544440802143,29,29,29,29
1680679544442512892,29,29,29,29
1680679544444232901,29,29,29,29
1680679544445953220,29,29,29,29
1680679544447660677,29,29,29,29
1680679544449427629,29,29,29,29
1680679544451137577,29,29,29,29
1680679544452808784,29,29,29,29
1680679544454531916,29,29,29,29
1680679544456206218,29,29,29,29
1680679544457882009,29,29,29,29
1680679544459548868,29,29,29,29
1680679544461216035,29,29,29,29
1680679544462901720,29,29,29,29
1680679544464604303,29,29,29,29
1680679544466299010,29,29,29,29
1680679544468046811,29,29,29,29
1680679544469746165,29,29,29,29
1680679544471433761,29,29,29,29
1680679544473149833,29,29,29,29
1680679544474862876,29,29,29,29
1680679544476571129,29,29,29,29
1680679544478283564,29,29,29,29
1680679544480045401,29,29,29,29
1680679544481754703,29,29,29,29
1680679544483462827,29,29,29,29
1680679544485201637,29,29,29,29
1680679544486916424,29,29,29,29
1680679544488624270,29,29,29,29
1680679544490367503,29,29,29,29
1680679544492052109,29,29,29,29
1680679544493768786,29,29,29,29
1680679544495458280,29,29,29,29
1680679544497146077,29,29,29,29
1680679544498832180,29,29,29,29
1680679544500523568,29,29,29,29
1680679544502221913,29,29,29,29
1680679544504044805,29,29,29,29
1680679544505733699,29,29,29,29
1680679544507409872,29,29,29,29
1680679544509117219,29,29,29,29
1680679544510796327,29,29,29,29
1680679544512474326,29,29,29,29
1680679544514240993,29,29,29,29
1680679544515927633,29,29,29,29
1680679544517611175,29,29,29,29
1680679544519290591,29,29,29,29
1680679544520974391,29,29,29,29
1680679544522681265,29,29,29,29
1680679544524396700,29,29,29,29
1680679544526089999,29,29,29,29
1680679544527782890,29,29,29,29
1680679544529506880,29,29,29,29
1680679544531193111,29,29,29,29
1680679544532882553,29,29,29,29
1680679544534634328,29,29,29,29
1680679544536329584,29,29,29,29
1680679544538017108,29,29,29,29
1680679544539782489,29,29,29,29
1680679544541469359,29,29,29,29
1680679544543154316,29,29,29,29
1680679544544875436,29,29,29,29
1680679544546557180,29,29,29,29
1680679544548273080,29,29,29,29
1680679544550020369,29,29,29,29
1680679544551705023,29,29,29,29
1680679544553391091,29,29,29,29
1680679544555076443,29,29,29,29
1680679544556726902,29,29,29,29
1680679544558402122,29,29,29,29
1680679544560071032,29,29,29,29
1680679544561742145,29,29,29,29
1680679544563406936,29,29,29,29
1680679544565124150,29,29,29,29
1680679544566807684,29,29,29,29
1680679544568530372,29,29,29,29
1680679544570318600,29,29,29,29
1680679544572008746,29,29,29,29
1680679544573718945,29,29,29,29
1680679544575405403,29,29,29,29
1680679544577101950,29,29,29,29
1680679544578808125,29,29,29,29
1680679544580519664,29,29,29,29
1680679544582280436,29,29,29,29
1680679544583983428,29,29,29,29
1680679544585694744,29,29,29,29
1680679544587386125,29,29,29,29
1680679544589095702,29,29,29,29
1680679544590836479,29,29,29,29
1680679544592531224,29,29,29,29
1680679544594234307,29,29,29,29
1680679544595922104,29,29,29,29
1680679544597613136,29,29,29,29
1680679544599298389,29,29,29,29
1680679544600983257,29,29,29,29
1680679544602669381,29,29,29,29
1680679544604381697,29,29,29,29
1680679544606081502,29,29,29,29
1680679544607770706,29,29,29,29
1680679544609548593,29,29,29,29
1680679544611242014,29,29,29,29
1680679544612933922,29,29,29,29
1680679544614636380,29,29,29,29
1680679544616332236,29,29,29,29
1680679544618014801,29,29,29,29
1680679544619696868,29,29,29,29
1680679544621373799,29,29,29,29
1680679544623054761,29,29,29,29
1680679544624727920,29,29,29,29
1680679544626419163,29,29,29,29
1680679544628124272,29,29,29,29
1680679544629930472,29,29,29,29
1680679544631616283,29,29,29,29
1680679544633303548,29,29,29,29
1680679544635256764,29,29,29,29
1680679544636949052,29,29,29,29
1680679544638636083,29,29,29,29
1680679544640329623,29,29,29,29
1680679544642014917,29,29,29,29
1680679544643706716,29,29,29,29
1680679544645414331,29,29,29,29
1680679544647087240,29,29,29,29
1680679544648838223,29,29,29,29
1680679544650561420,29,29,29,29
1680679544652270417,29,29,29,29
1680679544653997352,29,29,29,29
1680679544655708652,29,29,29,29
1680679544657412926,29,29,29,29
1680679544659126685,29,29,29,29
1680679544660816253,29,29,29,29
1680679544662500469,29,29,29,29
1680679544664195249,29,29,29,29
1680679544665888272,29,29,29,29
1680679544667569378,29,29,29,29
1680679544669289114,29,29,29,29
1680679544671073643,29,29,29,29
1680679544672730306,29,29,29,29
1680679544674426642,29,29,29,29
1680679544676121693,29,29,29,29
1680679544677825643,29,29,29,29
1680679544679517501,29,29,29,29
1680679544681205813,29,29,29,29
1680679544682886681,29,29,29,29
1680679544684591252,29,29,29,29
1680679544686287693,29,29,29,29
1680679544687981058,29,29,29,29
1680679544689665924,29,29,29,29
1680679544691355521,29,29,29,29
1680679544693043269,29,29,29,29
1680679544694809342,29,29,29,29
1680679544696498468,29,29,29,29
1680679544698191643,29,29,29,29
1680679544699883025,29,29,29,29
1680679544701569480,29,29,29,29
1680679544703244956,29,29,29,29
1680679544704964211,29,29,29,29
1680679544706642444,29,29,29,29
1680679544708380173,29,29,29,29
1680679544710197368,29,29,29,29
1680679544711886762,29,29,29,29
1680679544713569382,29,29,29,29
1680679544715282235,29,29,29,29
1680679544717130661,29,29,29,29
1680679544718819981,29,29,29,29
1680679544720504927,29,29,29,29
1680679544722198617,29,29,29,29
1680679544723882172,29,29,29,29
1680679544725648666,29,29,29,29
1680679544727330848,29,29,29,29
1680679544729100381,29,29,29,29
1680679544730797958,29,29,29,29
1680679544732471297,29,29,29,29
1680679544734157314,29,29,29,29
1680679544735818125,29,29,29,29
1680679544737478234,29,29,29,29
1680679544739144086,29,29,29,29
1680679544740808857,29,29,29,29
1680679544742503784,29,29,29,29
1680679544744216798,29,29,29,29
1680679544745987082,29,29,29,29
1680679544747783737,29,29,29,29
1680679544749509902,29,29,29,29
1680679544751368747,29,29,29,29
1680679544753054015,29,29,29,29
1680679544754769326,29,29,29,29
1680679544756459395,29,29,29,29
1680679544758146507,29,29,29,29
1680679544759827706,29,29,29,29
1680679544761510708,29,29,29,29
1680679544763189151,29,29,29,29
1680679544764928366,29,29,29,29
1680679544766609248,29,29,29,29
1680679544768306057,29,29,29,29
1680679544770057130,29,29,29,29
1680679544771821080,29,29,29,29
1680679544773511407,29,29,29,29
1680679544775221433,29,29,29,29
1680679544776907090,29,29,29,29
1680679544778596948,29,29,29,29
1680679544780282342,29,29,29,29
1680679544781972147,29,29,29,29
1680679544783737829,29,29,29,29
1680679544785446577,29,29,29,29
1680679544787129318,29,29,29,29
1680679544788869981,29,29,29,29
1680679544790590131,29,29,29,29
1680679544792282432,29,29,29,29
1680679544794003169,29,29,29,29
1680679544795692251,29,29,29,29
1680679544797376731,29,29,29,29
1680679544799061685,29,29,29,29
1680679544800780702,29,29,29,29
1680679544802465290,29,29,29,29
1680679544804158959,29,29,29,29
1680679544805903677,29,29,29,29
1680679544807585859,29,29,29,29
1680679544809327489,29,29,29,29
1680679544811095762,29,29,29,29
1680679544812775415,29,29,29,29
1680679544814473849,29,29,29,29
1680679544816157633,29,29,29,29
1680679544817855353,29,29,29,29
1680679544819629153,29,29,29,29
1680679544821315010,29,29,29,29
1680679544823003608,29,29,29,29
1680679544824803575,29,29,29,29
1680679544826553960,29,29,29,29
1680679544828243214,29,29,29,29
1680679544829988434,29,29,29,29
1680679544831672618,29,29,29,29
1680679544833350042,29,29,29,29
1680679544835044559,29,29,29,29
1680679544836701327,29,29,29,29
1680679544838365005,29,29,29,29
1680679544840016772,29,29,29,29
1680679544841666224,29,29,29,29
1680679544843309929,29,29,29,29
1680679544844972765,29,29,29,29
1680679544846684032,29,29,29,29
1680679544848399593,29,29,29,29
1680679544850145428,29,29,29,29
1680679544851858257,29,29,29,29
1680679544853564501,29,29,29,29
1680679544855292453,29,29,29,29
1680679544856987359,29,29,29,29
1680679544858671191,29,29,29,29
1680679544860361317,29,29,29,29
1680679544862049062,29,29,29,29
1680679544863727022,29,29,29,29
1680679544865433018,29,29,29,29
1680679544867105982,29,29,29,29
1680679544868815467,29,29,29,29
1680679544870596501,29,29,29,29
1680679544872294172,29,29,29,29
1680679544873985057,29,29,29,29
1680679544875676564,29,29,29,29
1680679544877362623,29,29,29,29
1680679544879046299,29,29,29,29
1680679544880727283,29,29,29,29
1680679544882411774,29,29,29,29
1680679544884091088,29,29,29,29
1680679544885808144,29,29,29,29
1680679544887499253,29,29,29,29
1680679544889258662,29,29,29,29
1680679544890967408,29,29,29,29
1680679544892658813,29,29,29,29
1680679544894360730,29,29,29,29
1680679544896053775,29,29,29,29
1680679544897733129,29,29,29,29
1680679544899413204,29,29,29,29
1680679544901096420,29,29,29,29
1680679544902779345,29,29,29,29
1680679544904468865,29,29,29,29
1680679544906179154,29,29,29,29
1680679544907869496,29,29,29,29
1680679544909580725,29,29,29,29
1680679544911322487,29,29,29,29
1680679544913006293,29,29,29,29
1680679544914738587,29,29,29,29
1680679544916426967,29,29,29,29
1680679544918161568,29,29,29,29
1680679544919847236,29,29,29,29
1680679544921522553,29,29,29,29
1680679544923214423,29,29,29,29
1680679544925028207,29,29,29,29
1680679544926716244,29,29,29,29
1680679544928444847,29,29,29,29
1680679544930206630,29,29,29,29
1680679544931895272,29,29,29,29
1680679544933581808,29,29,29,29
1680679544935315297,29,29,29,29
1680679544937007731,29,29,29,29
1680679544938693709,29,29,29,29
1680679544940385156,29,29,29,29
1680679544942073551,29,29,29,29
1680679544943753590,29,29,29,29
1680679544945510284,29,29,29,29
1680679544947198856,29,29,29,29
1680679544949093238,29,29,29,29
1680679544950835003,29,29,29,29
1680679544952539004,29,29,29,29
1680679544954254324,29,29,29,29
1680679544955963388,29,29,29,29
1680679544957755677,29,29,29,29
1680679544959448661,29,29,29,29
1680679544961115954,29,29,29,29
1680679544962776442,29,29,29,29
1680679544964456208,29,29,29,29
1680679544966179321,29,29,29,29
1680679544967847787,29,29,29,29
1680679544969586727,29,29,29,29
1680679544971324540,29,29,29,29
1680679544973013011,29,29,29,29
1680679544974747400,29,29,29,29
1680679544976424700,29,29,29,29
1680679544978152374,29,29,29,29
1680679544979833074,29,29,29,29
1680679544981517104,29,29,29,29
1680679544983205454,29,29,29,29
1680679544984890147,29,29,29,29
1680679544986573642,29,29,29,29
1680679544988277287,29,30,29,29
1680679544990094587,29,30,29,29
1680679544991824268,29,30,29,29
1680679544993513924,29,30,29,29
1680679544995289879,29,30,29,29
1680679544996970983,29,30,29,29
1680679544998651866,29,30,29,29
1680679545000334575,29,30,29,29
1680679545002020100,29,30,29,29
1680679545003704080,29,30,29,29
1680679545005418596,29,30,29,29
1680679545007103816,29,30,29,29
1680679545008792819,29,30,29,29
1680679545010522502,29,30,29,29
1680679545012204088,29,30,29,29
1680679545013902234,29,30,29,29
1680679545015611616,29,30,29,29
1680679545017289387,29,30,29,29
1680679545018976644,29,30,29,29
1680679545020671432,29,30,29,29
1680679545022445944,29,30,29,29
1680679545024124617,29,30,29,29
1680679545025865263,29,30,29,29
1680679545027546441,29,30,29,29
1680679545029344535,29,30,29,29
1680679545031039499,29,30,29,29
1680679545032711601,29,30,29,29
1680679545034386013,29,30,29,29
1680679545036120922,29,30,29,29
1680679545037863196,29,30,29,29
1680679545039530157,29,30,29,29
1680679545041191656,29,30,29,29
1680679545042873236,29,30,29,29
1680679545044554810,29,30,29,29
1680679545046304581,29,30,29,29
1680679545047994044,29,30,29,29
1680679545049680338,29,30,29,29
1680679545051424963,29,30,29,29
1680679545053138996,29,30,29,29
1680679545054854755,29,30,29,29
1680679545056563177,29,30,29,29
1680679545058279881,29,30,29,29
1680679545059986838,29,30,29,29
1680679545061691564,29,30,29,29
1680679545063395875,29,30,29,29
1680679545065085740,29,30,29,29
1680679545066791053,29,30,29,29
1680679545068470920,29,30,29,29
1680679545070176367,29,30,29,29
1680679545071915313,29,30,29,29
1680679545073602528,29,30,29,29
1680679545075410727,29,30,29,29
1680679545077109493,29,30,29,29
1680679545078813971,30,30,29,29
1680679545080532358,30,30,29,29
1680679545082230527,30,30,29,29
1680679545083915015,30,30,29,29
1680679545085636087,30,30,29,29
1680679545087319755,30,30,29,29
1680679545088999183,30,30,29,29
1680679545090755071,30,30,29,29
1680679545092465895,30,30,29,29
1680679545094158686,30,30,29,29
1680679545095955258,30,30,29,29
1680679545097644974,30,30,29,29
1680679545099347103,30,30,29,29
1680679545101036960,30,30,29,29
1680679545102719006,30,30,29,29
1680679545104406663,30,30,29,29
1680679545106140530,30,30,29,29
1680679545107824242,30,30,29,29
1680679545109632590,30,30,29,29
1680679545111392740,30,30,29,29
1680679545113076842,30,30,29,29
1680679545114754262,30,30,29,29
1680679545116415850,30,30,29,29
1680679545118136238,30,30,29,29
1680679545119796287,30,30,29,29
1680679545121460587,30,30,29,29
1680679545123211075,30,30,29,29
1680679545124930785,30,30,29,29
1680679545126662963,30,30,29,29
1680679545128365386,30,30,29,29
1680679545130103150,30,30,29,29
1680679545131864838,30,30,29,29
1680679545133574476,30,30,29,29
1680679545135344345,30,30,29,29
1680679545137028540,30,30,29,29
1680679545138721731,30,30,29,29
1680679545140402608,30,30,29,29
1680679545142113077,30,30,29,29
1680679545143794456,30,30,29,29
1680679545145551222,30,30,29,29
1680679545147233698,30,30,29,29
1680679545148917265,30,30,29,29
1680679545150651233,30,30,29,29
1680679545152341415,30,30,29,29
1680679545154028901,30,30,29,29
1680679545155748618,30,29,29,29
1680679545157442169,30,29,29,29
1680679545159139837,30,29,29,29
1680679545160827949,30,29,29,29
1680679545162513663,30,29,29,29
1680679545164197833,30,29,29,29
1680679545165911100,30,29,29,29
1680679545167609770,30,29,29,29
1680679545169403085,30,29,29,29
1680679545171108485,30,29,29,29
1680679545172799698,30,29,29,29
1680679545174483353,30,29,29,29
1680679545176225498,30,29,29,29
1680679545177989839,30,29,29,29
1680679545179680812,30,29,29,29
1680679545181365990,30,29,29,29
1680679545183051016,30,29,29,29
1680679545184729044,30,29,29,29
1680679545186479747,30,29,29,29
1680679545188169994,30,29,29,29
1680679545189947058,30,29,29,29
1680679545191723532,30,29,29,29
1680679545193429584,30,29,29,29
1680679545195123083,30,29,29,29
1680679545196800597,30,29,29,29
1680679545198484055,30,29,29,29
1680679545200164362,30,29,29,29
1680679545201852806,30,29,29,29
1680679545203538819,30,29,29,29
1680679545205224048,30,29,29,29
1680679545206996248,30,29,29,29
1680679545208661436,30,29,29,29
1680679545210353660,30,29,29,29
1680679545212046094,30,29,29,29
1680679545213715507,30,29,29,29
1680679545215406599,30,29,29,29
1680679545217079154,30,29,29,29
1680679545218798459,30,29,29,29
1680679545220515548,30,29,29,29
1680679545222233438,30,29,29,29
1680679545223948270,30,29,29,29
1680679545225720300,30,29,29,29
1680679545227435624,30,29,29,29
1680679545229144509,30,29,29,29
1680679545230832733,30,29,29,29
1680679545232527422,30,29,29,29
1680679545234224011,30,29,29,29
1680679545235972636,30,29,29,29
1680679545237749804,30,29,29,29
1680679545239434165,30,29,29,29
1680679545241124014,30,29,29,29
1680679545242822861,30,29,29,29
1680679545244511676,30,29,29,29
1680679545246230404,29,29,29,29
1680679545247918220,29,29,29,29
1680679545249636310,29,29,29,29
1680679545251383440,29,29,29,29
1680679545253074287,29,29,29,29
1680679545254766069,29,29,29,29
1680679545256532517,29,29,29,29
1680679545258231732,29,29,29,29
1680679545259929097,29,29,29,29
1680679545261617372,29,29,29,29
1680679545263309288,29,29,29,29
1680679545265010037,29,29,29,29
1680679545266799240,29,29,29,29
1680679545268498267,29,29,29,29
1680679545270222057,29,29,29,29
1680679545271940353,29,29,29,29
1680679545273626742,29,29,29,29
1680679545275311532,29,29,29,29
1680679545276993429,29,29,29,29
1680679545278675540,29,29,29,29
1680679545280358766,29,29,29,29
1680679545282044775,29,29,29,29
1680679545283740908,29,29,29,29
1680679545285429626,29,29,29,29
1680679545287143240,29,29,29,29
1680679545288828934,29,29,29,29
1680679545290571686,29,29,29,29
1680679545292316999,29,29,29,29
1680679545294003463,29,29,29,29
1680679545295724000,29,29,29,29
1680679545297417467,29,29,29,29
1680679545299114547,29,29,29,29
1680679545300811879,29,29,29,29
1680679545302493393,29,29,29,29
1680679545304171898,29,29,29,29
1680679545305925244,29,29,29,29
1680679545307613400,29,29,29,29
1680679545309299941,29,29,29,29
1680679545311262987,29,29,29,29
1680679545313260194,29,29,29,29
1680679545314947053,29,29,29,29
1680679545316661276,29,29,29,29
1680679545318375034,29,29,29,29
1680679545320254324,29,29,29,29
1680679545322019120,29,29,29,29
1680679545323714620,29,29,29,29
1680679545325547365,29,29,29,29
1680679545327279551,29,29,29,29
1680679545328965127,29,29,29,29
1680679545330736422,29,29,29,29
1680679545332728288,29,29,29,29
1680679545334415030,29,29,29,29
1680679545336142225,29,29,29,29
1680679545337842391,29,29,29,29
1680679545339686839,29,29,29,29
1680679545341373071,29,29,29,29
1680679545343060901,29,29,29,29
1680679545344727752,29,29,29,29
1680679545346424019,29,29,29,29
1680679545348122121,29,29,29,29
1680679545349845701,29,29,29,29
1680679545351550218,29,29,29,29
1680679545353248758,29,29,29,29
1680679545354931294,29,29,29,29
1680679545356649838,29,29,29,29
1680679545358353588,29,29,29,29
1680679545360044020,29,29,29,29
1680679545361733911,29,29,29,29
1680679545363426280,29,29,29,29
1680679545365119177,29,29,29,29
1680679545366821813,29,29,29,29
1680679545368511038,29,29,29,29
1680679545370264966,29,29,29,29
1680679545372117769,29,29,29,29
1680679545373819863,29,29,29,29
1680679545375505825,29,29,29,29
1680679545377194112,29,29,29,29
1680679545378882708,29,29,29,29
1680679545380577799,29,29,29,29
1680679545382262587,29,29,29,29
1680679545383953163,29,29,29,29
1680679545385652232,29,29,29,29
1680679545387332452,29,29,29,29
1680679545389018384,29,29,29,29
1680679545390728003,29,29,29,29
1680679545392598374,29,29,29,29
1680679545394502938,29,29,29,29
1680679545396537905,29,29,29,29
1680679545398441588,29,29,29,29
1680679545400328148,29,29,29,29
1680679545402191509,29,29,29,29
1680679545404039487,29,29,29,29
1680679545406159876,29,29,29,29
1680679545408047223,29,29,29,29
1680679545409901318,29,29,29,29
1680679545411807952,29,29,29,29
1680679545413682507,29,29,29,29
1680679545415543581,29,29,29,29
1680679545417419793,29,29,29,29
1680679545419298732,29,29,29,29
1680679545422009387,29,29,29,29
1680679545423909894,29,29,29,29
1680679545425822110,29,29,29,29
1680679545427710511,29,29,29,29
1680679545429620413,29,29,29,29
1680679545431551403,29,29,29,29
1680679545433422038,29,29,29,29
1680679545435306580,29,29,29,29
1680679545438065108,29,29,29,29
1680679545439966674,29,29,29,29
1680679545441858850,29,29,29,29
1680679545443745947,29,29,29,29
1680679545445625887,29,29,29,29
1680679545447573991,29,29,29,29
1680679545449498764,29,29,29,29
1680679545451434511,29,29,29,29
1680679545454018392,29,29,29,29
1680679545456707901,29,29,29,29
1680679545458942326,29,29,29,29
1680679545460968262,29,29,29,29
1680679545527969950,29,29,29,29
1680679545593194193,29,29,29,29
1680679545595549737,29,29,29,29
1680679545597558773,29,29,29,29
1680679545599469519,29,29,29,29
1680679545601364909,29,29,29,29
1680679545603260776,29,29,29,29
1680679545604904759,29,29,29,29
1680679545606614077,29,29,29,29
1680679545608247719,29,29,29,29
1680679545609900660,29,29,29,29
1680679545611594802,29,29,29,29
1680679545613302514,29,29,29,29
1680679545614988130,29,29,29,29
1680679545616700499,29,29,29,29
1680679545618422427,29,29,29,29
1680679545620109484,29,29,29,29
1680679545621814133,29,29,29,29
1680679545623504224,29,29,29,29
1680679545625206402,29,29,29,29
1680679545626951702,29,29,29,29
1680679545628670713,29,29,29,29
1680679545630384773,29,29,29,29
1680679545632153256,29,29,29,29
1680679545633863650,29,29,29,29
1680679545635642927,29,29,29,29
1680679545637363832,29,29,29,29
1680679545639063283,29,29,29,29
1680679545640727317,29,29,29,29
1680679545642423463,29,29,29,30
1680679545644109434,29,29,29,30
1680679545645815654,29,29,29,30
1680679545647532225,29,29,29,30
1680679545649221522,29,29,29,30
1680679545651010108,29,29,29,30
1680679545652834670,29,29,29,30
1680679545654521985,29,29,29,30
1680679545656344596,29,29,29,30
1680679545658040759,29,29,29,30
1680679545659734539,29,29,29,30
1680679545661413212,29,29,29,30
1680679545663100084,29,29,29,30
1680679545664860587,29,29,29,30
1680679545666544619,29,29,29,30
1680679545668230400,29,29,29,30
1680679545669930515,29,29,29,30
1680679545671643567,29,29,29,30
1680679545673404700,29,29,29,30
1680679545675093820,29,29,29,30
1680679545676832841,29,29,29,30
1680679545678520506,29,29,29,30
1680679545680209466,29,29,29,30
1680679545681910207,29,29,29,30
1680679545683685691,29,29,29,30
1680679545685382060,29,29,29,30
1680679545687080594,29,29,29,30
1680679545688725701,29,29,29,30
1680679545690410459,29,29,29,30
1680679545692101387,29,29,29,30
1680679545693896499,29,29,29,30
1680679545695599293,29,29,29,30
1680679545697361759,29,29,29,30
1680679545699044343,29,29,29,30
1680679545700727138,29,29,29,30
1680679545702424534,29,29,29,30
1680679545704115764,29,29,29,30
1680679545705813280,29,29,29,30
1680679545707531666,29,29,29,30
1680679545709229126,29,29,29,30
1680679545710952416,29,29,29,30
1680679545712727608,29,29,29,30
1680679545714424805,29,29,29,30
1680679545716114911,29,29,29,30
1680679545717822125,29,29,29,30
1680679545719533164,29,29,29,30
1680679545721213908,29,29,29,30
1680679545722896301,29,29,29,30
1680679545724586252,29,29,29,30
1680679545726277481,29,29,29,30
1680679545727983524,29,29,29,30
1680679545729669453,29,29,29,30
1680679545731374761,29,29,29,30
1680679545733093611,29,29,29,30
1680679545734771209,29,29,29,30
1680679545736623512,29,29,29,30
1680679545738316821,29,29,29,30
1680679545739997206,29,29,29,30
1680679545741678229,29,29,29,30
1680679545743386122,29,29,29,30
1680679545745079805,29,29,29,30
1680679545746765531,29,29,29,30
1680679545748503613,30,29,29,30
1680679545750191161,30,29,29,30
1680679545751935196,30,29,29,30
1680679545753650153,30,29,29,30
1680679545755337244,30,29,29,30
1680679545757041270,30,29,29,30
1680679545758729103,30,29,29,30
1680679545760394600,30,29,29,30
1680679545762082072,30,29,29,30
1680679545763755652,30,29,29,30
1680679545765529277,30,29,29,30
1680679545767221766,30,29,29,30
1680679545768893976,30,29,29,30
1680679545770577514,30,29,29,30
1680679545772306105,30,29,29,30
1680679545774001348,30,29,29,30
1680679545775686080,30,29,29,30
1680679545777472139,30,29,29,30
1680679545779161988,30,29,29,30
1680679545780874723,30,29,29,30
1680679545782593621,30,29,29,30
1680679545784314474,30,29,29,30
1680679545786030932,30,29,29,30
1680679545787774771,30,29,29,30
1680679545789484104,30,29,29,30
1680679545791208704,30,29,29,30
1680679545792906388,30,29,29,30
1680679545794580049,30,29,29,30
1680679545796289728,30,29,29,30
1680679545798028730,30,29,29,30
1680679545799714172,30,29,29,30
1680679545801398982,30,29,29,30
1680679545803095484,30,29,29,30
1680679545804850760,30,29,29,30
1680679545806538632,30,29,29,30
1680679545808292574,30,29,29,29
1680679545809990942,30,29,29,29
1680679545811731848,30,29,29,29
1680679545813513943,30,29,29,29
1680679545815224627,30,29,29,29
1680679545816945725,30,29,29,29
1680679545818654742,30,29,29,29
1680679545820361517,30,29,29,29
1680679545822083265,30,29,29,29
1680679545823808087,30,29,29,29
1680679545825496542,30,29,29,29
1680679545827211576,30,29,29,29
1680679545828901413,30,29,29,29
1680679545830583916,30,29,29,29
1680679545832292769,30,29,29,29
1680679545834015281,30,29,29,29
1680679545835701424,30,29,29,29
1680679545837547104,30,29,29,29
1680679545839240289,30,29,29,29
1680679545840929243,30,29,29,29
1680679545842612475,30,29,29,29
1680679545844316613,30,29,29,29
1680679545846017076,30,29,29,29
1680679545847718186,30,29,29,29
1680679545849406608,30,29,29,29
1680679545851148425,30,29,29,29
1680679545852850779,30,29,29,29
1680679545854540824,30,29,29,29
1680679545856236213,30,29,29,29
1680679545857949966,30,29,29,29
1680679545859637215,30,29,29,29
1680679545861331855,30,29,29,29
1680679545863015267,30,29,29,29
1680679545864703312,30,29,29,29
1680679545866395972,30,29,29,29
1680679545868165885,30,29,29,29
1680679545869858331,30,29,29,29
1680679545871565646,30,29,29,29
1680679545873315594,30,29,29,29
1680679545875014550,30,29,29,29
1680679545876688989,30,29,29,29
1680679545878369471,30,29,29,29
1680679545880044107,30,29,29,29
1680679545881708762,30,29,29,29
1680679545883373098,30,29,29,29
1680679545885038575,30,29,29,29
1680679545886736065,30,29,29,29
1680679545888499009,30,29,29,29
1680679545890212130,30,29,29,29
1680679545891940602,30,29,29,29
1680679545893706043,30,29,29,29
1680679545895420456,30,29,29,29
1680679545897168892,30,29,29,29
1680679545898862978,30,29,29,29
1680679545900554288,30,29,29,29
1680679545902252080,30,29,29,29
1680679545903942557,30,29,29,29
1680679545905627542,30,29,29,29
1680679545907321985,30,29,29,29
1680679545909001153,30,29,29,29
1680679545910681153,30,29,30,29
1680679545912389187,30,29,30,29
1680679545914114316,30,29,30,29
1680679545915814101,30,29,30,29
1680679545917558086,30,29,30,29
1680679545919241429,30,29,30,29
1680679545920929473,30,29,30,29
1680679545922614408,30,29,30,29
1680679545924307061,30,29,30,29
1680679545926009212,30,29,30,29
1680679545927706574,30,29,30,29
1680679545929399592,30,29,30,29
1680679545931087293,30,29,30,29
1680679545933001103,30,29,30,29
1680679545934683626,30,29,30,29
1680679545936372540,30,29,30,29
1680679545938132951,30,29,30,29
1680679545939817403,30,29,30,29
1680679545941535060,30,29,30,29
1680679545943231147,30,29,30,29
1680679545944915990,30,29,30,29
1680679545946603773,30,29,30,29
1680679545948315804,30,29,30,29
1680679545950012172,30,29,30,29
1680679545951739512,30,29,30,29
1680679545953557636,30,29,30,29
1680679545955238518,30,29,30,29
1680679545956941312,30,29,30,29
1680679545958628977,30,29,30,29
1680679545960320655,30,29,30,29
1680679545962013277,30,29,30,29
1680679545963694657,30,29,30,29
1680679545965383608,30,29,30,29
1680679545967083171,30,29,30,29
1680679545968814038,30,29,30,29
1680679545970521756,30,29,30,29
1680679545972283839,30,29,30,29
1680679545974046638,30,29,30,29
1680679545975766063,30,29,30,29
1680679545977535356,30,29,30,29
1680679545979240431,30,29,30,29
1680679545980928118,30,29,30,29
1680679545982623171,30,29,30,29
1680679545984317161,30,29,30,29
1680679545986011966,30,29,30,29
1680679545987723795,30,29,30,29
1680679545989402995,30,29,30,29
1680679545991079981,30,29,30,29
1680679545992790604,30,29,30,29
1680679545994484584,30,29,30,29
1680679545996253292,30,29,30,29
1680679545998066694,30,29,30,29
1680679545999752080,30,29,30,29
1680679546001433374,30,29,30,29
1680679546003118706,30,29,30,29
1680679546004803862,30,29,30,29
1680679546006627417,30,29,30,29
1680679546008351092,30,29,30,29
1680679546010039942,30,29,30,29
1680679546011751671,30,29,30,29
1680679546013476548,30,29,30,29
1680679546015171800,30,29,30,29
1680679546016859814,30,29,30,29
1680679546018543470,30,29,30,29
1680679546020232856,30,29,30,29
1680679546021925407,30,29,30,29
1680679546023611747,30,29,30,29
1680679546025299415,30,29,30,29
1680679546026994241,30,29,30,29
1680679546028706668,30,29,30,29
1680679546030408739,30,29,30,29
1680679546032124934,30,29,30,29
1680679546033905583,30,29,30,29
1680679546035605183,30,29,30,29
1680679546037433717,30,29,30,29
1680679546039125980,30,29,30,29
1680679546040819248,30,29,30,29
1680679546042513308,30,29,30,29
1680679546044202416,30,29,30,29
1680679546045895356,30,29,30,29
1680679546047581890,30,29,30,29
1680679546049274446,30,29,30,29
1680679546050958733,30,29,30,29
1680679546052673481,30,29,30,29
1680679546054492995,30,29,30,29
1680679546056188987,30,29,30,29
1680679546057900407,30,29,30,29
1680679546059589577,30,29,30,29
1680679546061279998,30,29,30,29
1680679546062965355,30,29,30,29
1680679546064651055,30,29,30,29
1680679546066355320,30,29,30,29
1680679546068059969,30,29,30,29
1680679546069750319,30,29,30,29
1680679546071450787,30,29,30,29
1680679546073243419,30,29,30,29
1680679546074932434,30,29,30,29
1680679546076613953,30,29,30,29
1680679546078373257,30,29,30,29
1680679546080061945,30,29,30,29
1680679546081747882,30,29,30,29
1680679546083434873,30,29,30,29
1680679546085122607,30,29,30,29
1680679546086809710,30,29,30,29
1680679546088591241,30,29,30,29
1680679546090292389,30,29,30,29
1680679546092005463,30,29,30,29
1680679546093720287,30,29,30,29
1680679546095423229,30,29,30,29
1680679546097120802,30,29,30,29
1680679546101226541,30,29,30,29
1680679546102839174,30,29,30,29
1680679546104468719,30,29,30,29
1680679546106077652,30,29,30,29
1680679546107684651,30,29,30,29
1680679546109305348,30,29,30,29
1680679546110897929,30,29,30,29
1680679546112550476,30,29,30,29
1680679546114275313,30,29,30,29
1680679546115946509,30,29,30,29
1680679546117635949,30,29,30,29
1680679546119309922,30,29,30,29
1680679546120980410,30,29,30,29
1680679546122645988,30,29,30,29
1680679546124319981,30,29,30,29
1680679546125998910,30,29,30,29
1680679546127673058,30,29,30,29
1680679546129392068,30,29,30,29
1680679546131059311,30,29,30,29
1680679546132784405,30,29,30,29
1680679546134489802,30,29,30,29
1680679546136177567,30,29,30,29
1680679546137880885,30,29,30,29
1680679546139569589,30,29,30,29
1680679546141257401,30,29,30,29
1680679546142940083,30,29,30,29
1680679546144698685,30,29,30,29
1680679546146429204,30,29,30,29
1680679546148202192,30,29,30,29
1680679546149919028,30,29,30,29
1680679546151619087,30,29,30,29
1680679546153415198,30,29,30,29
1680679546155130337,30,29,30,29
1680679546156785298,30,29,30,29
1680679546158457234,30,29,30,29
1680679546160106657,30,29,30,29
1680679546161771631,30,29,30,29
1680679546163425854,30,29,30,29
1680679546167435420,30,29,30,29
1680679546171367297,30,29,30,29
1680679546173533095,30,29,30,29
1680679546175242585,30,29,30,29
1680679546177004675,30,29,30,29
1680679546178787581,30,29,30,29
1680679546180560595,30,29,30,29
1680679546182345432,30,29,30,29
1680679546184108754,30,29,30,29
1680679546185882547,30,29,30,29
1680679546187613720,30,29,30,29
1680679546189328532,30,29,30,29
1680679546190997855,30,29,30,29
1680679546192696395,30,29,30,29
1680679546194438807,30,29,30,29
1680679546196104629,30,29,30,29
1680679546197862179,30,29,30,29
1680679546203728474,30,29,30,29
1680679546205905143,30,29,30,29
1680679546207891126,30,29,30,29
1680679546209892344,30,29,30,29
1680679546211788625,30,29,30,29
1680679546232605225,30,29,30,29
1680679546235186485,30,29,30,29
1680679546238182065,30,29,30,29
1680679546240227383,30,29,30,29
1680679546242700490,30,29,30,29
1680679546244640784,30,29,30,29
1680679546246990603,30,29,30,29
1680679546250443927,33,29,30,29
1680679546252393158,33,29,30,29
1680679546254471195,33,29,30,29
1680679546256690863,33,29,30,29
1680679546258866487,33,29,30,29
1680679546260945259,33,29,30,29
1680679546263025110,33,29,30,29
1680679546265148228,33,29,30,29
1680679546266976451,33,29,30,29
1680679546268878123,33,29,30,29
1680679546270949212,33,29,30,29
1680679546272963190,33,29,30,29
1680679546274824853,33,29,30,29
1680679546276694317,33,29,30,29
1680679546278975416,33,29,30,29
1680679546281054511,33,29,30,29
1680679546283085380,33,29,30,29
1680679546303304114,33,29,30,29
1680679546305998860,33,29,30,29
1680679546308325641,33,29,30,29
1680679546315609564,33,29,30,29
1680679546318096972,33,29,30,29
1680679546320147705,33,29,30,29
1680679546322264117,33,29,30,29
1680679546324394292,33,29,30,29
1680679546326423364,33,30,30,29
1680679546328107509,33,30,30,29
1680679546330614736,33,30,30,29
1680679546332423218,33,30,30,29
1680679546334143492,33,30,30,29
1680679546335836621,33,30,30,29
1680679546337546282,33,30,30,29
1680679546339254327,33,30,30,29
1680679546341729115,33,30,30,29
1680679546343437517,33,30,30,29
1680679546345146758,33,30,30,29
1680679546346857662,33,30,30,29
1680679546348586684,33,30,30,29
1680679546350307725,33,30,30,29
1680679546352020051,33,30,30,29
1680679546353824301,33,30,30,29
1680679546355535825,33,30,30,29
1680679546357242314,33,30,30,29
1680679546358978164,33,30,30,29
1680679546360664858,33,30,30,29
1680679546362361927,33,30,30,29
1680679546364048376,33,30,30,29
1680679546365742886,33,30,30,29
1680679546367430960,33,30,30,29
1680679546369148949,33,30,30,29
1680679546370836357,33,30,30,29
1680679546372534522,33,30,30,29
1680679546374260900,33,30,30,29
1680679546375951393,33,30,30,29
1680679546377655588,33,30,30,29
1680679546379342383,33,30,30,29
1680679546382403509,33,30,30,29
1680679546384680973,33,30,30,29
1680679546386997069,33,30,30,29
1680679546389316035,33,30,30,29
1680679546391648980,33,30,30,29
1680679546393411939,33,30,30,29
1680679546395180199,33,30,30,29
1680679546396914324,33,30,30,29
1680679546398706092,33,30,30,29
1680679546400445254,33,30,30,29
1680679546402129117,33,30,30,29
1680679546403789328,33,30,30,29
1680679546405464231,33,30,30,29
1680679546407123455,33,30,30,29
1680679546408821520,33,30,30,29
1680679546410490466,33,30,30,29
1680679546412192265,33,30,29,29
1680679546413993988,33,30,29,29
1680679546415705269,33,30,29,29
1680679546417416833,33,30,29,29
1680679546419134285,32,30,29,29
1680679546420900310,32,30,29,29
1680679546422586103,32,30,29,29
1680679546424258384,32,30,29,29
1680679546425926130,32,30,29,29
1680679546427605896,32,30,29,29
1680679546429298505,32,30,29,29
1680679546430963533,32,30,29,29
1680679546432664378,32,30,29,29
1680679546434501114,32,30,29,29
1680679546436208528,32,30,29,29
1680679546437943429,32,30,29,29
1680679546439662013,32,30,29,29
1680679546441365536,32,30,29,29
1680679546443059952,32,30,29,29
1680679546444728775,32,30,29,29
1680679546446421961,32,30,29,29
1680679546448108428,32,30,29,29
1680679546449817448,32,30,29,29
1680679546451507726,32,30,29,29
1680679546453231762,32,30,29,29
1680679546455008438,32,30,29,29
1680679546456705875,32,30,29,29
1680679546458529655,32,30,29,29
1680679546460220774,32,30,29,29
1680679546461955462,32,30,29,29
1680679546463640128,32,30,29,29
1680679546465335379,32,30,29,29
1680679546467035059,32,30,29,29
1680679546468725137,32,30,29,29
1680679546470517710,32,30,29,29
1680679546472206494,32,30,29,29
1680679546473980464,32,30,29,29
1680679546475671258,32,30,29,29
1680679546477361862,32,30,29,29
1680679546479068250,32,30,29,29
1680679546480727612,32,30,29,29
1680679546482419309,32,30,29,29
1680679546484101018,32,30,29,29
1680679546485792257,32,30,29,29
1680679546487480455,32,30,29,29
1680679546489181815,32,30,29,29
1680679546490866776,32,30,29,29
1680679546492562360,32,30,29,29
1680679546494286599,32,30,29,29
1680679546495984941,32,30,29,29
1680679546497674825,32,30,29,29
1680679546499382013,32,30,29,29
1680679546501062010,32,30,29,29
1680679546502749422,32,30,29,29
1680679546504431896,32,30,29,29
1680679546506135033,32,30,29,29
1680679546507841275,32,30,29,29
1680679546509551335,32,30,29,29
1680679546511232886,32,30,29,29
1680679546512990166,32,30,29,29
1680679546514821334,32,30,29,29
1680679546516464536,32,30,29,29
1680679546518190172,32,30,29,29
1680679546519847682,32,30,29,29
1680679546521499968,32,30,29,29
1680679546523154116,32,30,29,29
1680679546524806653,32,30,29,29
1680679546526524721,32,30,29,29
1680679546528226972,32,30,29,29
1680679546529989953,32,30,29,29
1680679546531695820,32,30,29,29
1680679546533437947,32,30,29,29
1680679546535228125,32,30,29,29
1680679546536945333,32,30,29,29
1680679546538652935,32,30,29,29
1680679546540332623,32,30,29,29
1680679546542017614,32,30,29,29
1680679546543712695,32,30,29,29
1680679546545403305,32,30,29,29
1680679546547087001,32,30,29,29
1680679546548727203,32,30,29,29
1680679546550413723,32,30,29,29
1680679546552081738,32,30,29,29
1680679546553783607,32,30,29,29
1680679546555456895,32,30,29,29
1680679546557117830,32,30,29,29
1680679546558850009,32,30,29,29
1680679546560558508,32,30,29,29
1680679546562289571,32,30,29,29
1680679546563995079,32,30,29,29
1680679546565702909,32,30,29,29
1680679546567418135,32,30,29,29
1680679546569154606,32,30,29,29
1680679546570846622,32,30,29,29
1680679546572538565,32,30,29,29
1680679546574265391,32,30,29,29
1680679546575957571,32,30,29,29
1680679546577642108,32,30,29,29
1680679546579408162,32,30,30,29
1680679546581094265,32,30,30,29
1680679546582773776,32,30,30,29
1680679546584465161,32,30,30,29
1680679546586164399,30,30,30,29
1680679546587848573,30,30,30,29
1680679546589562100,30,30,30,29
1680679546591252610,30,30,30,29
1680679546592943281,30,30,30,29
1680679546594659064,30,30,30,29
1680679546596345861,30,30,30,29
1680679546598040849,30,30,30,29
1680679546599787963,30,30,30,29
1680679546601485197,30,30,30,29
1680679546603169391,30,30,30,29
1680679546604851280,30,30,30,29
1680679546606546370,30,30,30,29
1680679546608229861,30,30,30,29
1680679546609928639,30,30,30,29
1680679546611627459,30,30,30,29
1680679546613316395,30,30,30,29
1680679546615089172,30,30,30,29
1680679546616779542,30,30,30,29
1680679546618483060,30,30,30,29
1680679546620178918,30,30,30,29
1680679546621931318,30,30,30,29
1680679546623997439,30,30,30,29
1680679546625860914,30,30,30,29
1680679546627542725,30,30,30,29
1680679546629226992,30,30,30,29
1680679546630992591,30,30,30,29
1680679546632693245,30,30,30,29
1680679546634560336,30,30,30,29
1680679546636264835,30,30,30,29
1680679546638099404,30,30,30,29
1680679546639850105,30,30,30,29
1680679546641556346,30,30,30,29
1680679546643272965,30,30,30,29
1680679546645171402,30,30,30,29
1680679546646888546,30,30,30,29
1680679546648668769,30,30,30,29
1680679546650436321,30,30,30,29
1680679546652143264,30,30,30,29
1680679546653849442,30,30,30,29
1680679546655634510,30,30,30,29
1680679546657320328,30,30,30,29
1680679546659016611,30,30,30,29
1680679546660709009,30,30,30,29
1680679546662414562,30,29,30,29
1680679546664103019,30,29,30,29
1680679546665794606,30,29,30,29
1680679546667483467,30,29,30,29
1680679546669199217,30,29,30,29
1680679546670944709,30,29,30,29
1680679546672638275,30,29,30,29
1680679546674431701,30,29,30,29
1680679546676223969,30,29,30,29
1680679546677915520,30,29,30,29
1680679546679625172,30,29,30,29
1680679546681319986,30,29,30,29
1680679546683002663,30,29,30,29
1680679546684693431,30,29,30,29
1680679546686394343,30,29,30,29
1680679546688096719,30,29,30,29
1680679546689796378,30,29,30,29
1680679546691490933,30,29,30,29
1680679546693173402,30,29,30,29
1680679546694948332,30,29,30,29
1680679546696637029,30,29,30,29
1680679546698325298,30,29,30,29
1680679546700014314,30,29,30,29
1680679546701716003,30,29,30,29
1680679546703403728,30,29,30,29
1680679546705346302,30,29,30,29
1680679546707228310,30,29,30,29
1680679546709109559,30,29,30,29
1680679546711031817,30,29,30,29
1680679546712914742,30,29,30,29
1680679546714936036,30,29,30,29
1680679546716830729,30,29,30,29
1680679546719077631,30,29,30,29
1680679546720983058,30,29,30,29
1680679546722846658,30,29,30,29
1680679546724726481,30,29,30,29
1680679546726621130,30,29,30,29
1680679546728513547,30,29,30,29
1680679546730387796,30,29,30,29
1680679546732274174,30,29,30,29
1680679546736325109,30,29,30,29
1680679546738256847,30,29,30,29
1680679546740194240,30,29,30,29
1680679546742141564,30,29,30,29
1680679546744082875,30,29,30,29
1680679546746071977,30,29,30,29
1680679546747937260,30,29,30,29
1680679546749917573,30,29,30,29
1680679546752429335,30,29,30,29
1680679546754319034,30,29,30,29
1680679546756186170,30,29,30,29
1680679546758117783,30,29,30,29
1680679546760059247,30,29,30,29
1680679546761977081,30,29,30,29
1680679546763885804,30,29,30,29
1680679546765806846,30,29,30,29
1680679546768382939,30,29,30,29
1680679546771391047,30,29,30,29
1680679546773764029,30,29,30,29
1680679546775858328,30,29,30,29
1680679546842507400,30,29,30,29
1680679546908443074,30,29,30,29
1680679546910845978,30,29,30,29
1680679546912743120,30,29,30,29
1680679546914681304,30,29,29,29
1680679546916639592,30,29,29,29
1680679546918540682,30,29,29,29
1680679546920240635,30,29,29,29
1680679546922002449,30,29,29,29
1680679546923680938,30,29,29,29
1680679546925317059,30,29,29,29
1680679546926955477,30,29,29,29
1680679546928728434,30,29,29,29
1680679546930446889,30,29,29,29
1680679546932132429,30,29,29,29
1680679546933835463,30,29,29,29
1680679546935657119,30,29,29,29
1680679546937474369,30,29,29,29
1680679546939181676,30,29,29,29
1680679546940864819,30,29,29,29
1680679546942554534,30,29,29,29
1680679546944242656,30,29,29,29
1680679546945935278,30,29,29,29
1680679546947632588,30,29,29,29
1680679546949320664,30,29,29,29
1680679546951044117,30,29,29,29
1680679546952728316,30,29,29,29
1680679546954492256,30,29,29,29
1680679546956335337,30,29,29,29
1680679546958046294,30,29,29,29
1680679546959767093,30,29,29,29
1680679546961470783,30,29,29,29
1680679546963170986,30,29,29,29
1680679546964859446,30,29,29,29
1680679546966543855,30,29,29,29
1680679546968239249,30,29,29,29
1680679546969934483,30,29,29,29
1680679546971685771,30,29,29,29
1680679546973373999,30,29,29,29
1680679546975115608,30,29,29,29
1680679546976802413,30,29,29,29
1680679546978502101,30,29,29,29
1680679546980247900,30,29,29,30
1680679546981947516,30,29,29,30
1680679546983630424,30,29,29,30
1680679546985311242,30,29,29,30
1680679546986998422,30,29,29,30
1680679546988685930,30,29,29,30
1680679546990426477,30,29,29,30
1680679546992118703,30,29,29,30
1680679546993816777,30,29,29,30
1680679546995543347,30,29,29,30
1680679546997233581,30,29,29,30
1680679546998917591,30,29,29,30
1680679547000646532,30,29,29,30
1680679547002327270,30,29,29,30
1680679547004009623,30,29,29,30
1680679547005804811,30,29,29,30
1680679547007483730,30,29,29,30
1680679547009169924,30,29,29,30
1680679547010881839,30,29,29,30
1680679547012580176,30,29,29,30
1680679547014266139,30,29,29,30
1680679547016052727,30,29,29,30
1680679547017734410,30,29,29,30
1680679547019436553,30,29,29,30
1680679547021192335,30,29,29,30
1680679547022886700,30,29,29,30
1680679547024580847,30,29,29,30
1680679547026268818,30,29,29,30
1680679547027948858,30,29,29,30
1680679547029629342,30,29,29,30
1680679547031394698,30,29,29,30
1680679547033079620,30,29,29,30
1680679547034811957,30,29,29,30
1680679547036528013,30,29,29,30
1680679547038228206,30,29,29,30
1680679547039954793,30,29,29,30
1680679547041636616,30,29,29,30
1680679547043317518,30,29,29,30
1680679547044988043,30,29,29,30
1680679547046651898,30,29,29,30
1680679547048316100,30,29,29,30
1680679547049997043,30,29,29,30
1680679547051684008,30,29,29,30
1680679547053348152,30,29,29,30
1680679547055063920,30,29,29,30
1680679547056858726,30,29,29,30
1680679547058575166,30,29,29,30
1680679547060338438,30,29,29,30
1680679547062064253,30,29,29,30
1680679547063842022,30,29,29,30
1680679547065539168,30,29,29,30
1680679547067222559,30,29,29,30
1680679547068903246,30,29,29,30
1680679547070599856,30,29,29,30
1680679547072281188,30,29,29,30
1680679547073976158,30,29,29,30
1680679547075789136,30,29,29,30
1680679547077522180,30,29,29,30
1680679547079253733,30,29,29,30
1680679547080988448,30,29,29,30
1680679547082720624,30,29,29,30
1680679547084450561,30,29,29,30
1680679547086163130,30,29,29,30
1680679547087848983,30,29,29,30
1680679547089527033,30,29,29,30
1680679547091310798,30,29,29,30
1680679547093003340,30,29,29,30
1680679547094781210,30,29,29,30
1680679547096502338,30,29,29,30
1680679547098260890,30,29,29,30
1680679547100079099,30,29,29,30
1680679547101769018,30,29,29,30
1680679547103482207,30,29,29,30
1680679547105174258,30,29,29,30
1680679547106860520,30,29,29,30
1680679547108509890,30,29,29,30
1680679547110170422,30,29,29,30
1680679547111872253,30,29,29,30
1680679547113522715,30,29,29,30
1680679547115179032,30,29,29,30
1680679547116853733,30,29,29,30
1680679547118530470,30,29,29,30
1680679547120274890,30,29,29,30
1680679547122103562,30,29,29,30
1680679547123819525,30,29,29,30
1680679547125536127,30,29,29,30
1680679547127245845,30,29,29,30
1680679547128959127,30,29,29,30
1680679547130644038,30,29,29,30
1680679547132335386,30,29,29,30
1680679547134035263,30,29,29,30
1680679547135766537,30,29,29,30
1680679547137459623,30,29,29,30
1680679547139143102,30,29,29,30
1680679547140881580,30,29,29,30
1680679547142573145,30,29,29,30
1680679547144260394,30,29,29,30
1680679547145968140,30,29,29,30
1680679547147654170,30,29,29,29
1680679547149349895,30,29,29,29
1680679547151131022,30,29,29,29
1680679547152821438,30,29,29,29
1680679547154507573,30,29,29,29
1680679547156229230,30,29,29,29
1680679547157934275,30,29,29,29
1680679547159674756,30,29,29,29
1680679547161362986,30,29,29,29
1680679547163055037,30,29,29,29
1680679547164726857,30,30,29,29
1680679547166428834,30,30,29,29
1680679547168125445,30,30,29,29
1680679547169811894,30,30,29,29
1680679547171600877,30,30,29,29
1680679547173295877,30,30,29,29
1680679547175057793,30,30,29,29
1680679547176794782,30,30,29,29
1680679547178476808,30,30,29,29
1680679547180188067,30,30,29,29
1680679547181945985,30,30,29,29
1680679547183635608,30,30,29,29
1680679547185333570,30,30,29,29
1680679547187017279,30,30,29,29
1680679547188709075,30,30,29,29
1680679547190435329,30,30,29,29
1680679547192170226,30,30,29,29
1680679547193870724,30,30,29,29
1680679547195602773,30,30,29,29
1680679547197283409,30,30,29,29
1680679547198965620,30,30,29,29
1680679547200723218,30,30,29,29
1680679547202420177,30,30,29,29
1680679547204103652,30,30,29,29
1680679547205800129,30,30,29,29
1680679547207491053,30,30,29,29
1680679547209208543,30,30,29,29
1680679547211032108,30,30,29,29
1680679547212705773,30,30,29,29
1680679547214379262,30,30,29,29
1680679547216199099,30,30,29,29
1680679547217867918,30,30,29,29
1680679547219540089,30,30,29,29
1680679547221207086,30,30,29,29
1680679547222889559,30,30,29,29
1680679547224578816,30,30,29,29
1680679547226277969,30,30,29,29
1680679547227961763,30,30,29,29
1680679547229657314,30,30,29,29
1680679547231347137,30,30,29,29
1680679547233069895,30,30,29,29
1680679547234781628,30,30,29,29
1680679547236636360,30,30,29,29
1680679547238357023,30,30,29,29
1680679547240095103,30,30,29,29
1680679547241828669,30,30,29,29
1680679547243534220,30,30,29,29
1680679547245228800,30,30,29,29
1680679547246918337,30,30,29,29
1680679547248618885,30,30,29,29
1680679547250316668,30,30,29,29
1680679547252080151,30,30,29,29
1680679547253756205,30,30,29,29
1680679547255460705,30,30,29,29
1680679547257172644,30,30,29,29
1680679547258853675,30,30,29,29
1680679547260594986,30,30,29,29
1680679547262302032,30,30,29,29
1680679547263993458,30,30,29,29
1680679547265686121,30,30,29,29
1680679547267374495,30,30,29,29
1680679547269061855,30,30,29,29
1680679547270750243,30,30,29,29
1680679547272497098,30,30,29,29
1680679547274191249,30,30,29,29
1680679547275963189,30,30,29,29
1680679547277659713,30,30,29,29
1680679547279341420,30,30,29,29
1680679547281080283,30,30,29,29
1680679547282767716,30,30,29,29
1680679547284452542,30,30,29,29
1680679547286150779,30,30,29,29
1680679547287833730,30,30,29,29
1680679547289526192,30,30,29,29
1680679547291264049,30,30,29,29
1680679547292946910,30,30,29,29
1680679547294635548,30,30,29,29
1680679547296449390,30,30,29,29
1680679547298128555,30,30,29,29
1680679547299804834,30,30,29,29
1680679547301474942,30,30,29,29
1680679547303218625,30,30,29,29
1680679547304884157,30,30,29,29
1680679547306596192,30,30,29,29
1680679547308305004,30,30,29,29
1680679547310025713,30,30,29,29
1680679547311766322,30,30,29,29
1680679547313468888,30,30,29,29
1680679547315197542,30,30,29,30
1680679547316936118,30,30,29,30
1680679547318635030,30,30,29,30
1680679547320337819,30,30,29,30
1680679547322031455,30,30,29,30
1680679547323723896,30,30,29,30
1680679547325418109,30,30,29,30
1680679547327158777,30,30,29,30
1680679547328846626,30,30,29,30
1680679547330530446,30,30,29,30
1680679547332241089,30,30,29,30
1680679547333944214,30,30,29,30
1680679547335651658,30,30,29,30
1680679547337388532,30,30,29,30
1680679547339069680,30,30,29,30
1680679547340788963,30,30,29,30
1680679547342486217,30,30,29,30
1680679547344171728,30,30,29,30
1680679547345863759,30,30,29,30
1680679547347561507,30,30,29,30
1680679547349263816,30,30,29,30
1680679547350953747,30,30,29,30
1680679547352643584,30,30,29,30
1680679547354336050,30,30,29,30
1680679547356088352,30,30,29,30
1680679547357788229,30,30,29,30
1680679547359473001,30,30,29,30
1680679547361207523,30,30,29,30
1680679547362892731,30,30,29,30
1680679547364592725,30,30,29,30
1680679547366358846,30,30,29,30
1680679547368063416,30,30,29,30
1680679547369761517,30,30,29,30
1680679547371480710,30,30,29,30
1680679547373166651,30,30,29,30
1680679547374857622,30,30,29,30
1680679547376585759,30,30,29,30
1680679547378282684,30,30,29,30
1680679547380069548,30,30,29,30
1680679547381758105,30,30,29,30
1680679547383445484,30,30,29,30
1680679547385154550,30,30,29,30
1680679547386845567,30,30,29,30
1680679547388531650,30,30,29,30
1680679547390226821,30,30,29,30
1680679547391970281,30,30,29,30
1680679547393666031,30,30,29,30
1680679547395357825,30,30,29,30
1680679547397068326,30,30,29,30
1680679547398752989,30,30,29,30
1680679547400431286,30,30,29,30
1680679547402108507,30,30,29,30
1680679547403779265,30,30,29,30
1680679547405455497,30,30,29,30
1680679547407168987,30,30,29,30
1680679547408897342,30,30,29,30
1680679547410596790,30,30,29,30
1680679547412301501,30,30,29,30
1680679547414017435,30,30,29,30
1680679547415808552,30,30,30,30
1680679547417588433,30,30,30,30
1680679547419331972,30,30,30,30
1680679547421147116,30,30,30,30
1680679547422998561,30,30,30,30
1680679547424728112,30,30,30,30
1680679547426433449,30,30,30,30
1680679547428148289,30,30,30,30
1680679547448804422,30,30,30,30
1680679547450615618,30,30,30,30
1680679547452430240,30,30,30,30
1680679547454241446,30,30,30,30
1680679547456136473,30,30,30,30
1680679547457944296,30,30,30,30
1680679547459630129,30,30,30,30
1680679547461331166,30,30,30,30
1680679547463018809,30,30,30,30
1680679547464709792,30,30,30,30
1680679547466400846,30,30,30,30
1680679547468111089,30,30,30,30
1680679547469831164,30,30,30,30
1680679547471538073,30,30,30,30
1680679547473278761,30,30,30,30
1680679547474978263,30,30,30,30
1680679547476730386,30,30,30,30
1680679547478507317,30,30,30,30
1680679547480232852,30,30,30,30
1680679547481994834,30,30,30,29
1680679547483676488,30,30,30,29
1680679547485349739,30,30,30,29
1680679547487036553,30,30,30,29
1680679547488725447,30,30,30,29
1680679547490413956,30,30,30,29
1680679547492105467,30,30,30,29
1680679547493814303,30,30,30,29
1680679547495499710,30,30,30,29
1680679547497275935,30,30,30,29
1680679547498966017,30,30,30,29
1680679547500669909,30,30,30,29
1680679547502362980,30,30,30,29
1680679547504052328,30,30,30,29
1680679547505763280,30,30,30,29
1680679547507451308,30,30,30,29
1680679547509138697,30,30,30,29
1680679547510822328,30,30,30,29
1680679547512593864,30,30,30,29
1680679547514291354,30,30,30,29
1680679547516065881,30,30,30,29
1680679547517820657,30,30,30,29
1680679547519510518,30,30,30,29
1680679547521209771,30,30,30,29
1680679547522919655,30,30,30,29
1680679547524610998,30,30,30,29
1680679547526308107,30,30,30,29
1680679547528003524,30,30,30,29
1680679547529690018,30,30,30,29
1680679547531372224,30,30,30,29
1680679547533082565,30,30,30,29
1680679547534760977,30,30,30,29
1680679547536471854,30,30,30,29
1680679547538191405,30,30,30,29
1680679547539877714,30,30,30,29
1680679547541580365,30,30,30,29
1680679547543261113,30,30,30,29
1680679547544945711,30,30,30,29
1680679547546628850,30,30,30,29
1680679547548314424,30,30,30,29
1680679547550003858,30,30,30,29
1680679547551687398,30,30,30,29
1680679547553388603,30,30,30,29
1680679547555073438,30,30,30,29
1680679547556819906,30,30,30,29
1680679547558501092,30,30,30,29
1680679547560196302,30,30,30,29
1680679547561889351,30,30,30,29
1680679547563575223,30,30,30,29
1680679547565259727,30,30,30,29
1680679547566939599,30,30,30,29
1680679547568636171,30,30,30,29
1680679547570325830,30,30,30,29
1680679547572019283,30,30,30,29
1680679547573737899,30,30,30,29
1680679547575429867,30,30,30,29
1680679547577151335,30,30,30,29
1680679547578830038,30,30,30,29
1680679547580565452,30,30,30,29
1680679547582258871,30,30,30,29
1680679547583948277,30,30,30,29
1680679547585631157,30,30,30,29
1680679547587314713,30,30,30,29
1680679547589002211,30,30,30,29
1680679547590683899,30,30,30,29
1680679547592352211,30,30,30,29
1680679547594141337,30,30,30,29
1680679547595813369,30,30,30,29
1680679547597564051,30,30,30,29
1680679547599235295,30,30,30,29
1680679547600918415,30,30,30,29
1680679547602598501,30,30,30,29
1680679547604281520,30,30,30,29
1680679547605999118,30,30,30,29
1680679547607761800,30,30,30,29
1680679547609449851,30,30,30,29
1680679547611129037,30,30,30,29
1680679547612901932,30,30,30,29
1680679547614605849,30,30,30,29
1680679547616347892,30,30,30,29
1680679547618135040,30,30,30,29
1680679547619845598,30,30,30,29
1680679547621607952,30,30,30,29
1680679547623330319,30,30,30,29
1680679547624988518,30,30,30,29
1680679547626640796,30,30,30,29
1680679547628282569,30,30,30,29
1680679547629941653,30,30,30,29
1680679547631590833,30,30,30,29
1680679547633256646,30,30,30,29
1680679547635316754,30,30,30,29
1680679547637107199,30,30,30,29
1680679547638804921,30,30,30,29
1680679547640550508,30,30,30,29
1680679547642249622,30,30,30,29
1680679547643933205,30,30,30,29
1680679547645605671,30,30,30,29
1680679547647271570,30,30,30,29
1680679547648942062,30,30,30,29
1680679547650601281,30,30,30,29
1680679547652271241,30,30,30,29
1680679547653997298,30,30,30,29
1680679547655708912,30,30,30,29
1680679547657546526,30,30,30,29
1680679547659255353,30,30,30,29
1680679547660988402,30,30,30,29
1680679547662689709,30,30,30,29
1680679547664407640,30,30,30,29
1680679547666123937,30,30,30,29
1680679547667811631,30,30,30,29
1680679547669496855,30,30,30,29
1680679547671171779,30,30,30,29
1680679547672971711,30,30,30,29
1680679547674654642,30,30,30,29
1680679547676490716,30,30,30,29
1680679547678249033,30,30,30,29
1680679547679933729,30,30,30,29
1680679547681645553,30,30,30,29
1680679547683323996,30,30,30,29
1680679547685001224,30,30,30,29
1680679547686680324,30,30,30,29
1680679547688344869,30,30,30,29
1680679547690008544,30,30,30,29
1680679547691676577,30,30,30,29
1680679547693502532,30,30,30,29
1680679547695172150,30,30,30,29
1680679547696877413,30,30,30,29
1680679547698590731,30,30,30,29
1680679547700301915,30,30,30,29
1680679547702094311,30,30,30,29
1680679547703799177,30,30,30,29
1680679547705522159,30,30,30,29
1680679547707230665,30,30,30,29
1680679547708918047,30,30,30,29
1680679547710597679,30,30,30,29
1680679547712291950,30,30,30,29
1680679547714034912,30,30,30,29
1680679547715732439,30,30,30,29
1680679547717531457,30,30,30,29
1680679547719217257,30,30,30,29
1680679547720930038,30,30,30,29
1680679547722609909,30,30,30,29
1680679547724295063,30,30,30,29
1680679547725994409,30,30,30,29
1680679547727707777,30,30,30,29
1680679547729403032,30,30,30,29
1680679547731088937,30,30,30,29
1680679547732782427,30,30,30,29
1680679547734471045,30,30,30,29
1680679547736174955,30,30,30,29
1680679547737975901,30,30,30,29
1680679547739680781,30,30,30,29
1680679547741480990,30,30,30,29
1680679547743166195,30,30,30,29
1680679547744854362,30,30,30,29
1680679547746552699,30,30,30,29
1680679547748246384,30,30,30,29
1680679547749938497,30,30,30,29
1680679547751639883,30,30,29,29
1680679547753412727,30,30,29,29
1680679547755097717,30,30,29,29
1680679547756843086,30,30,29,29
1680679547758656441,30,30,29,29
1680679547760337884,30,30,29,29
1680679547762050857,30,30,29,29
1680679547763740800,30,30,29,29
1680679547765424393,30,30,29,29
1680679547767107414,30,30,29,29
1680679547768797062,30,30,29,29
1680679547770480804,30,30,29,29
1680679547772186191,30,30,29,29
1680679547773904876,30,30,29,29
1680679547775596787,30,30,29,29
1680679547777376256,30,30,29,29
1680679547779063333,30,30,29,29
1680679547780727379,30,30,29,29
1680679547782420549,30,30,29,29
1680679547784107743,30,30,29,29
1680679547785803160,30,30,29,29
1680679547787489801,30,30,29,29
1680679547789173979,30,30,29,29
1680679547790860383,30,30,29,29
1680679547792543148,30,30,29,29
1680679547794293119,30,30,29,29
1680679547795975536,30,30,29,29
1680679547797772156,30,30,29,29
1680679547799453866,30,30,29,29
1680679547801146622,30,30,29,29
1680679547802832837,30,30,29,29
1680679547804521497,30,30,29,29
1680679547806215141,30,30,29,29
1680679547807904836,30,30,29,29
1680679547809592856,30,30,29,29
1680679547811276927,30,30,29,29
1680679547812980512,30,30,29,29
1680679547814692678,30,30,29,29
1680679547816396304,30,30,29,29
1680679547818161823,30,30,29,29
1680679547819853032,30,30,29,29
1680679547821548497,30,30,29,29
1680679547823231172,30,30,29,29
1680679547824917808,30,30,29,29
1680679547826614988,30,30,29,29
1680679547828362296,30,30,29,29
1680679547830062545,30,30,29,29
1680679547831753547,30,30,29,29
1680679547833451601,30,29,29,29
1680679547835137662,30,29,29,29
1680679547836875407,30,29,29,29
1680679547838612570,30,29,29,29
1680679547840301459,30,29,29,29
1680679547842056813,30,29,29,29
1680679547843748283,30,29,29,29
1680679547845435823,30,29,29,29
1680679547847116280,30,29,29,29
1680679547848803198,30,29,29,29
1680679547850486145,30,29,29,29
1680679547852174494,30,29,29,29
1680679547853875239,30,29,29,29
1680679547855565776,30,29,29,29
1680679547857282622,30,29,29,29
1680679547859075774,30,29,29,29
1680679547860726620,30,29,29,29
1680679547862459336,30,29,29,29
1680679547864152435,30,29,29,29
1680679547865849462,30,29,29,29
1680679547867539810,30,29,29,29
1680679547869216063,30,29,29,29
1680679547870896658,30,29,29,29
1680679547872578757,30,29,29,29
1680679547874346866,30,29,29,29
1680679547876031927,30,29,29,29
1680679547877755658,30,29,29,29
1680679547879443180,30,29,29,29
1680679547881152876,30,29,29,29
1680679547882838611,30,29,29,29
1680679547884526851,30,29,29,29
1680679547886221903,30,29,29,29
1680679547887918302,30,29,29,29
1680679547889613355,30,29,29,29
1680679547891294521,30,29,29,29
1680679547892982767,30,29,29,29
1680679547894717829,30,29,29,29
1680679547896398560,30,29,29,29
1680679547898121258,30,29,29,29
1680679547899803007,30,29,29,29
1680679547901501429,30,29,29,29
1680679547903182118,30,29,29,29
1680679547904867875,30,29,29,29
1680679547906550732,30,29,29,29
1680679547908235673,30,29,29,29
1680679547909930303,30,29,29,29
1680679547911618885,30,29,29,29
1680679547913306076,30,29,29,29
1680679547914990776,30,29,29,29
1680679547916677667,30,29,29,29
1680679547918402722,30,29,30,29
1680679547920091606,30,29,30,29
1680679547921806329,30,29,30,29
1680679547923492118,30,29,30,29
1680679547925183307,30,29,30,29
1680679547926870660,30,29,30,29
1680679547928650069,30,29,30,29
1680679547930336955,30,29,30,29
1680679547932099845,30,29,30,29
1680679547933924032,30,29,30,29
1680679547935610226,30,29,30,29
1680679547937317455,30,29,30,29
1680679547939068109,30,29,30,29
1680679547941050538,30,29,30,29
1680679547942716330,30,29,30,29
1680679547944385323,30,29,30,29
1680679547946066710,30,29,30,29
1680679547947987316,30,29,30,29
1680679547949662201,30,29,30,29
1680679547951329616,30,29,30,29
1680679547953007808,30,29,30,29
1680679547955022654,30,29,30,29
1680679547956727868,30,29,30,29
1680679547958467013,30,29,30,29
1680679547960177732,30,29,30,29
1680679547961950167,30,29,30,29
1680679547963796707,30,29,30,29
1680679547965489214,30,29,30,29
1680679547967171695,30,29,30,29
1680679547968877185,30,29,30,29
1680679547970558400,30,29,30,29
1680679547972298208,30,29,30,29
1680679547974062205,30,29,30,29
1680679547975749565,30,29,30,29
1680679547977462780,30,29,30,29
1680679547979149316,30,29,30,29
1680679547980832401,30,29,30,29
1680679547982566070,30,29,30,29
1680679547984256567,30,29,30,29
1680679547985946509,30,29,30,29
1680679547987691759,30,29,30,29
1680679547989374361,30,29,30,29
1680679547991061650,30,29,30,29
1680679547992726992,30,29,30,29
1680679547994467054,30,29,30,29
1680679547996148332,30,29,30,29
1680679547997885058,30,29,30,29
1680679547999598263,30,29,30,29
1680679548001301072,30,29,30,29
1680679548003025428,30,29,30,29
1680679548004727446,30,29,30,29
1680679548006415360,30,29,30,29
1680679548008106314,30,29,30,29
1680679548009791204,30,29,30,29
1680679548011626325,30,29,30,29
1680679548013507048,30,29,30,29
1680679548015367195,30,29,30,29
1680679548017270411,30,29,30,29
1680679548019274990,30,29,30,29
1680679548021157894,30,29,30,29
1680679548023021500,30,29,30,29
1680679548024877791,30,29,30,29
1680679548026792512,30,29,30,29
1680679548028652341,30,29,30,29
1680679548030524455,30,29,30,29
1680679548032417638,30,29,30,29
1680679548034406102,30,29,30,29
1680679548036300999,30,29,30,29
1680679548038238855,30,29,30,29
1680679548040133055,30,29,30,29
1680679548042801826,30,29,30,29
1680679548044703498,30,29,30,29
1680679548046579453,30,29,30,29
1680679548048485772,30,29,30,29
1680679548050397143,30,29,30,29
1680679548052304955,30,29,30,29
1680679548054197560,30,29,30,29
1680679548056111146,30,29,30,29
1680679548058744480,30,29,30,29
1680679548060636021,30,29,30,29
1680679548062572313,30,29,30,29
1680679548064489912,30,29,30,29
1680679548066412480,30,29,30,29
1680679548068319429,30,29,30,29
1680679548070230612,30,29,30,29
1680679548072139714,30,29,30,29
1680679548074697105,30,29,30,29
1680679548077433177,30,29,30,29
1680679548079721079,30,29,30,29
1680679548081789680,29,29,30,29
1680679548148073115,29,29,30,30
1680679548214917222,29,29,30,30
1680679548217286940,29,29,30,30
1680679548219202576,29,29,30,30
1680679548221108638,29,29,30,30
1680679548223033419,29,29,30,30
1680679548224929422,29,29,30,30
1680679548226592938,29,29,30,30
1680679548228223371,29,29,30,30
1680679548229887789,29,29,30,30
1680679548231526949,29,29,30,30
1680679548233166401,29,29,30,30
1680679548234875236,29,29,30,30
1680679548236556947,29,29,30,30
1680679548238360949,29,29,30,30
1680679548240054155,29,29,30,30
1680679548241747658,29,29,30,30
1680679548243443683,29,29,30,30
1680679548245139565,29,29,30,30
1680679548246822643,29,29,30,30
1680679548248499235,29,29,30,30
1680679548250178580,29,29,30,30
1680679548251847261,29,29,30,30
1680679548253515354,29,29,29,30
1680679548255240050,29,29,29,30
1680679548256907785,29,29,29,30
1680679548258646456,29,29,29,30
1680679548260361755,29,29,29,30
1680679548262103570,29,29,29,30
1680679548263810696,29,29,29,30
1680679548265519121,29,29,29,30
1680679548267236305,29,29,29,30
1680679548268941677,29,29,29,30
1680679548270629266,29,29,29,30
1680679548272323421,29,29,29,30
1680679548274017402,29,29,29,30
1680679548275707265,29,29,29,30
1680679548277435430,29,29,29,30
1680679548279157797,29,29,29,30
1680679548280842233,29,29,29,30
1680679548282621605,29,29,29,30
1680679548284314545,29,29,29,30
1680679548286011456,29,29,29,30
1680679548287693048,29,29,29,30
1680679548289383332,29,29,29,30
1680679548291067778,29,29,29,30
1680679548292727770,29,29,29,30
1680679548294519609,29,29,29,30
1680679548296214795,29,29,29,30
1680679548298024061,29,29,29,30
1680679548299746483,29,29,29,30
1680679548301431626,29,29,29,30
1680679548303284435,29,29,29,30
1680679548305086410,29,29,29,30
1680679548306784847,29,29,29,30
1680679548308503127,29,29,29,30
1680679548310210418,29,29,29,30
1680679548311900038,29,29,29,30
1680679548313596649,29,29,29,30
1680679548315312918,29,29,29,30
1680679548317002056,29,29,29,30
1680679548318725159,29,29,29,30
1680679548320420394,29,29,29,30
1680679548322196753,29,29,29,30
1680679548323880985,29,29,29,30
1680679548325564625,29,29,29,30
1680679548327269204,29,29,29,30
1680679548328992571,29,29,29,30
1680679548330690231,29,29,29,30
1680679548332376372,29,29,29,30
1680679548334096202,29,29,29,30
1680679548335792303,29,30,29,30
1680679548337485384,29,30,29,30
1680679548339197590,29,30,29,30
1680679548340891661,29,30,29,30
1680679548342621770,29,30,29,30
1680679548344317738,29,30,29,30
1680679548346013369,29,30,29,30
1680679548347746746,29,30,29,30
1680679548349442786,29,30,29,30
1680679548351126929,29,30,29,30
1680679548352825083,29,30,29,30
1680679548354520946,29,30,29,30
1680679548356222634,29,30,29,30
1680679548358024917,29,30,29,30
1680679548359765362,29,30,29,30
1680679548361450837,29,30,29,30
1680679548363206623,29,30,29,30
1680679548364891097,29,30,29,30
1680679548366584265,29,30,29,30
1680679548368273304,29,30,29,30
1680679548369975753,29,30,29,30
1680679548371661638,29,30,29,30
1680679548373396110,29,30,29,30
1680679548375150719,29,30,29,30
1680679548376837814,29,30,29,30
1680679548378584492,29,30,29,30
1680679548380270577,29,30,29,30
1680679548381973708,29,30,29,30
1680679548383669512,29,30,29,30
1680679548385367612,29,30,29,30
1680679548387046033,29,30,29,30
1680679548388730514,29,30,29,30
1680679548390438076,29,30,29,30
1680679548392130882,29,30,29,30
1680679548393826607,29,30,29,30
1680679548395561499,29,30,29,30
1680679548397285964,29,30,29,30
1680679548399007755,29,30,29,30
1680679548400703409,29,30,29,30
1680679548402442739,29,30,29,30
1680679548404131672,29,30,29,30
1680679548405821012,29,30,29,30
1680679548407509838,29,30,29,30
1680679548409192926,29,30,29,30
1680679548410876577,29,30,29,30
1680679548412568766,29,30,29,30
1680679548414331049,29,30,29,30
1680679548416022988,29,30,29,30
1680679548417722545,29,30,29,30
1680679548419593691,29,30,29,30
1680679548421294108,29,30,30,30
1680679548423037710,29,30,30,30
1680679548424819133,29,30,30,30
1680679548426480676,29,30,30,30
1680679548428131149,29,30,30,30
1680679548429793713,29,30,30,30
1680679548431457732,29,30,30,30
1680679548433109929,29,30,30,30
1680679548434831778,29,30,30,30
1680679548436521601,29,30,30,30
1680679548438244053,29,30,30,30
1680679548439960120,29,30,30,30
1680679548441682866,29,30,30,30
1680679548443430384,29,30,30,30
1680679548445111632,29,30,30,30
1680679548446795063,29,30,30,30
1680679548448481806,29,30,30,30
1680679548450184613,29,30,30,30
1680679548451874860,29,30,30,30
1680679548453573848,29,30,30,30
1680679548455333168,29,30,30,30
1680679548457025259,29,30,30,30
1680679548458789313,29,30,30,30
1680679548460503842,29,30,30,30
1680679548462195235,29,30,30,30
1680679548463886407,29,30,30,30
1680679548465576841,29,30,30,30
1680679548467264246,29,30,30,30
1680679548468956552,29,30,30,30
1680679548470646532,29,30,30,30
1680679548472337743,29,30,30,30
1680679548474023368,29,30,30,30
1680679548475761921,29,30,30,30
1680679548477454672,29,30,30,30
1680679548479225718,29,30,30,30
1680679548480920709,29,30,30,30
1680679548482633766,29,30,30,30
1680679548484328373,29,30,30,30
1680679548486033540,29,30,30,30
1680679548487723256,29,30,30,30
1680679548489413442,29,30,30,30
1680679548491098684,29,30,30,30
1680679548492788212,29,30,30,30
1680679548494488203,29,30,30,30
1680679548496203666,29,30,30,30
1680679548497892273,29,30,30,30
1680679548499607310,29,30,30,30
1680679548501307044,29,30,30,30
1680679548503119332,29,29,30,30
1680679548504804728,29,29,30,30
1680679548506570061,29,29,30,30
1680679548508320287,29,29,30,30
1680679548510003592,29,29,30,30
1680679548511684583,29,29,30,30
1680679548513398032,29,29,30,30
1680679548515104049,29,29,30,30
1680679548516797526,29,29,30,30
1680679548518548980,29,29,30,30
1680679548520260291,29,29,30,30
1680679548521973253,29,29,30,30
1680679548523692164,29,29,30,30
1680679548525450019,29,29,30,30
1680679548527141399,29,29,30,30
1680679548528808757,29,29,30,30
1680679548530471239,29,29,30,30
1680679548532148804,29,29,30,30
1680679548533847754,29,29,30,30
1680679548535545359,29,29,30,30
1680679548537232655,29,29,30,30
1680679548538997138,29,29,30,30
1680679548540696218,29,29,30,30
1680679548542407824,29,29,30,30
1680679548544106968,29,29,30,30
1680679548545812228,29,29,30,30
1680679548547509637,29,29,30,30
1680679548549287314,29,29,30,30
1680679548550991819,29,29,30,30
1680679548552731123,29,29,30,30
1680679548554468895,29,29,30,30
1680679548556192939,29,29,30,30
1680679548557924340,29,29,30,30
1680679548559746889,29,29,30,30
1680679548561446314,29,29,30,30
1680679548563155817,29,29,30,30
1680679548564853184,29,29,30,30
1680679548566554574,29,29,30,30
1680679548568256882,29,29,30,30
1680679548570001359,29,29,30,30
1680679548571699827,29,29,30,30
1680679548573404819,29,29,30,30
1680679548575106464,29,29,30,30
1680679548576804232,29,29,30,30
1680679548578522287,29,29,30,30
1680679548580232147,29,29,30,30
1680679548581938629,29,29,30,30
1680679548583679227,29,29,30,30
1680679548585409729,29,29,30,30
1680679548587109881,29,29,30,30
1680679548588797480,29,29,30,30
1680679548590480217,29,29,30,30
1680679548592161913,29,29,30,30
1680679548593871073,29,29,30,30
1680679548595653473,29,29,30,30
1680679548597349251,29,29,30,30
1680679548599105923,29,29,30,30
1680679548600810947,29,29,30,30
1680679548602507773,29,29,30,30
1680679548604220524,29,29,30,30
1680679548605917735,29,29,30,30
1680679548607619362,29,29,30,30
1680679548609334829,29,29,30,30
1680679548611029693,29,29,30,30
1680679548612713588,29,29,30,30
1680679548614394664,29,29,30,30
1680679548616139166,29,29,30,30
1680679548617832265,29,29,30,30
1680679548619622063,29,29,30,30
1680679548621298297,29,29,30,30
1680679548623068595,29,29,30,30
1680679548624727086,29,29,30,30
1680679548626425060,29,29,30,30
1680679548628114874,29,29,30,30
1680679548629853631,29,29,30,30
1680679548631546584,29,29,30,30
1680679548633244177,29,29,30,30
1680679548635367315,29,29,30,30
1680679548637074906,29,29,30,30
1680679548638785491,29,29,30,30
1680679548640544301,29,29,30,30
1680679548642298961,29,29,30,30
1680679548644065407,29,29,30,30
1680679548645811990,29,29,30,30
1680679548647569794,29,29,30,30
1680679548649310584,29,29,30,30
1680679548651057174,29,29,30,30
1680679548652841746,29,29,30,30
1680679548654515563,29,29,30,30
1680679548656202929,29,29,30,30
1680679548657879109,29,29,30,30
1680679548659733865,29,29,30,30
1680679548661420781,29,29,30,30
1680679548663143770,29,29,30,30
1680679548664837377,29,29,30,30
1680679548666522796,29,29,30,30
1680679548668220999,29,29,30,30
1680679548669936593,29,29,30,30
1680679548671635550,29,29,30,30
1680679548673417201,29,29,30,30
1680679548675165465,29,29,30,30
1680679548676866459,29,29,30,30
1680679548678613403,29,29,30,30
1680679548680365262,29,29,30,30
1680679548682062124,29,29,30,30
1680679548683905786,29,29,30,30
1680679548685626267,29,29,30,30
1680679548687322487,29,29,30,30
1680679548689014604,29,29,30,30
1680679548690692249,29,29,30,30
1680679548692383398,29,29,30,30
1680679548694090418,29,29,30,30
1680679548695840954,29,29,30,30
1680679548697562495,29,29,30,30
1680679548699413295,29,29,30,30
1680679548701190661,29,29,30,30
1680679548702871005,29,29,30,30
1680679548704616320,29,29,30,30
1680679548706329100,29,29,30,30
1680679548708039162,29,29,30,30
1680679548709731785,29,29,30,30
1680679548711438749,29,29,30,30
1680679548713130042,29,29,30,30
1680679548714832438,29,29,30,30
1680679548716542702,29,29,30,30
1680679548718228906,29,29,30,30
1680679548719980644,29,29,30,30
1680679548721662630,29,29,30,30
1680679548723382785,29,29,30,30
1680679548725054069,29,29,30,30
1680679548726741390,29,29,30,30
1680679548728529678,29,29,30,30
1680679548730252740,29,29,30,30
1680679548731941489,29,29,30,30
1680679548733639713,29,29,30,30
1680679548735377849,29,29,30,30
1680679548737079935,29,29,30,30
1680679548738812529,29,29,30,30
1680679548740536452,29,29,30,30
1680679548742250812,29,29,30,30
1680679548743983068,29,29,30,30
1680679548745683342,29,29,30,30
1680679548747380620,29,29,30,30
1680679548749071616,29,29,30,30
1680679548750754456,29,29,30,30
1680679548752450653,29,29,30,30
1680679548754168956,29,29,30,30
1680679548755890125,29,29,30,30
1680679548757610722,29,29,30,30
1680679548759341961,29,29,30,30
1680679548761079604,29,29,30,30
1680679548762804627,29,29,30,30
1680679548764542501,29,29,30,30
1680679548766287242,29,29,30,30
1680679548768014799,29,29,30,30
1680679548769711887,29,29,30,30
1680679548771403052,29,29,30,30
1680679548773134383,29,29,30,30
1680679548774956501,29,29,30,30
1680679548776655249,29,29,30,30
1680679548778356257,29,29,30,30
1680679548780111652,29,29,30,30
1680679548781822307,29,29,30,30
1680679548783566635,29,29,30,30
1680679548785357563,29,29,30,30
1680679548787046091,29,29,30,30
1680679548788731021,29,29,30,30
1680679548790530741,29,29,30,30
1680679548792235614,29,29,30,30
1680679548793947883,29,29,30,30
1680679548795667015,29,29,30,30
1680679548797358697,29,29,30,30
1680679548799067190,29,29,30,30
1680679548800809060,29,29,30,30
1680679548802505199,29,29,30,30
1680679548804472797,29,29,30,30
1680679548806196419,29,29,30,30
1680679548807891099,29,29,30,30
1680679548809712533,29,29,30,30
1680679548811388611,29,29,30,30
1680679548813062193,29,29,30,30
1680679548814731734,29,29,30,30
1680679548816456608,29,29,30,30
1680679548818207530,29,29,30,30
1680679548819971068,29,29,30,30
1680679548821668934,29,29,30,30
1680679548823379765,29,29,30,30
1680679548825079962,29,29,30,30
1680679548826797236,29,29,30,30
1680679548828498016,29,29,30,30
1680679548830299282,29,29,30,30
1680679548832019956,29,29,30,30
1680679548833715087,29,29,30,30
1680679548835415970,29,29,30,30
1680679548837121054,29,30,30,30
1680679548838864919,29,30,30,30
1680679548840726435,29,30,30,30
1680679548842420007,29,30,30,30
1680679548844157527,29,30,30,30
1680679548845928157,29,30,30,30
1680679548847624074,29,30,30,30
1680679548849320534,29,30,30,30
1680679548851002881,29,30,30,30
1680679548852657668,29,30,30,30
1680679548854343924,29,30,30,30
1680679548856069344,29,30,30,30
1680679548857716468,29,30,30,30
1680679548859453102,29,30,30,30
1680679548861170490,29,30,30,30
1680679548862864772,29,30,30,30
1680679548864615795,29,30,30,30
1680679548866319870,29,30,30,30
1680679548868033784,29,30,30,30
1680679548869743490,29,30,30,30
1680679548871439678,29,30,30,30
1680679548873147764,29,30,30,30
1680679548874864437,29,30,30,30
1680679548876604106,29,30,30,30
1680679548878324819,29,30,30,30
1680679548880152501,29,30,30,30
1680679548881918367,29,30,30,30
1680679548883636757,29,30,30,30
1680679548885326563,29,30,30,30
1680679548887041132,29,30,30,30
1680679548888727142,29,30,30,30
1680679548890416899,29,30,30,30
1680679548892118512,29,30,30,30
1680679548893886322,29,30,30,30
1680679548895604854,29,30,30,30
1680679548897291603,29,30,30,30
1680679548898987779,29,30,30,30
1680679548900727514,29,30,30,30
1680679548902419982,29,30,30,30
1680679548904200833,29,30,30,30
1680679548905910205,29,30,30,30
1680679548907610336,29,30,30,30
1680679548909332408,29,30,30,30
1680679548911029855,29,30,30,30
1680679548912729295,29,30,30,30
1680679548914419584,29,30,30,30
1680679548916197332,29,30,30,30
1680679548917912047,29,30,30,30
1680679548919704984,29,30,30,30
1680679548921423095,29,30,30,30
1680679548923112764,29,30,30,30
1680679548924833014,29,30,30,30
1680679548926631801,29,30,30,30
1680679548928339538,29,30,30,30
1680679548930057850,29,30,30,30
1680679548931746728,29,30,30,30
1680679548933491914,29,30,30,30
1680679548935228015,29,30,30,30
1680679548936931012,29,30,30,30
1680679548938619252,29,30,30,30
1680679548940355220,29,30,30,30
1680679548942055257,29,30,30,30
1680679548943765117,29,30,30,30
1680679548945467837,29,30,30,30
1680679548947162451,29,30,30,30
1680679548948850594,29,30,30,30
1680679548950553338,29,30,30,30
1680679548952262119,29,30,30,30
1680679548954018102,29,30,30,30
1680679548955712719,29,30,30,30
1680679548957450962,29,30,30,30
1680679548959286205,29,30,30,30
1680679548961032508,29,30,30,30
1680679548962754430,29,30,30,30
1680679548964485810,29,30,30,30
1680679548966197141,29,30,30,30
1680679548967888567,29,30,30,30
1680679548969613918,29,30,30,30
1680679548971317867,29,30,30,30
1680679548973013215,29,30,30,30
1680679548974722849,29,30,30,30
1680679548976448592,29,30,30,30
1680679548978142675,29,30,30,30
1680679548979847192,29,30,30,30
1680679548981586914,29,30,30,30
1680679548983276546,29,30,30,30
1680679548984977079,29,30,30,30
1680679548986712394,29,30,30,30
1680679548988486513,29,30,30,30
1680679548990175737,29,30,30,30
1680679548991863465,29,30,30,30
1680679548993552488,29,30,30,30
1680679548995239493,29,30,30,30
1680679548996963630,29,30,30,30
1680679548998652412,29,30,30,30
1680679549000387039,29,30,30,30
1680679549002098144,29,30,30,30
1680679549003848523,29,30,30,30
1680679549005545472,29,30,30,30
1680679549007258301,29,30,30,30
1680679549008935453,29,30,30,30
1680679549010597918,29,30,30,30
1680679549012282456,29,30,30,30
1680679549013977853,29,30,30,30
1680679549015773725,29,30,30,30
1680679549017461906,29,30,30,30
1680679549019167553,29,30,30,30
1680679549020937865,29,30,30,30
1680679549022636888,29,30,30,30
1680679549024388182,29,30,30,30
1680679549026099393,29,30,30,30
1680679549027794736,29,30,30,30
1680679549029504373,29,30,30,30
1680679549031194556,29,30,30,30
1680679549032884459,29,30,30,30
1680679549034572393,29,30,30,30
1680679549036297559,29,30,30,30
1680679549037998655,29,30,30,30
1680679549039740733,29,30,30,30
1680679549041496878,29,30,30,30
1680679549043202592,29,30,30,30
1680679549044973634,29,30,30,30
1680679549046694172,29,30,30,30
1680679549048405532,29,30,30,30
1680679549052735254,29,30,30,30
1680679549056841082,29,30,30,30
1680679549060984495,29,30,30,30
1680679549063462258,29,30,30,30
1680679549065278459,29,30,30,30
1680679549067048313,29,30,30,30
1680679549068879667,29,30,30,30
1680679549070673038,29,30,30,30
1680679549072445216,29,30,30,30
1680679549074143625,29,30,30,30
1680679549075946368,29,30,30,30
1680679549077622962,29,30,30,30
1680679549079299427,29,30,30,30
1680679549081024575,29,30,30,30
1680679549082683853,29,30,30,30
1680679549084484806,29,30,30,30
1680679549086182050,29,30,30,30
1680679549087894309,29,30,30,30
1680679549089593680,29,30,30,30
1680679549091277466,29,30,30,30
1680679549092976995,29,30,30,30
1680679549094668374,29,30,30,30
1680679549096384048,29,30,30,30
1680679549098094596,29,30,30,30
1680679549099823926,29,30,30,30
1680679549101594166,29,30,30,30
1680679549103292706,29,30,30,30
1680679549105056299,29,30,30,30
1680679549106736225,29,30,30,30
1680679549108440424,29,30,30,30
1680679549110150039,29,30,30,30
1680679549111833816,29,30,30,30
1680679549113926009,29,30,30,30
1680679549122800418,29,30,30,30
1680679549124671691,29,30,30,30
1680679549126699930,29,30,30,30
1680679549128980126,29,30,30,30
1680679549150740272,29,30,30,30
1680679549153446160,29,30,30,34
1680679549156120484,29,30,30,34
1680679549158166538,29,30,30,34
1680679549160693446,29,30,30,34
1680679549162626006,29,30,30,34
1680679549165093752,29,30,30,34
1680679549168530583,29,30,30,34
1680679549170514665,29,30,30,34
1680679549172526999,29,30,30,34
1680679549174848016,29,30,30,34
1680679549176984503,29,30,30,34
1680679549179068464,29,30,30,34
1680679549181248442,29,30,30,34
1680679549183534958,29,30,30,34
1680679549185452333,29,30,30,34
1680679549187415128,29,30,30,34
1680679549189545255,29,30,30,34
1680679549191610305,29,30,30,34
1680679549193510281,29,30,30,34
1680679549195431730,29,30,30,34
1680679549197735698,29,30,30,34
1680679549199931834,29,30,30,34
1680679549202046462,29,30,30,34
1680679549222915659,29,30,30,34
1680679549225665816,29,30,30,34
1680679549228503894,29,30,30,34
1680679549230505768,29,30,30,34
1680679549236863777,29,30,30,34
1680679549239308147,29,30,30,34
1680679549241211698,29,30,30,34
1680679549243542729,29,30,30,34
1680679549246998525,29,30,30,34
1680679549248986338,29,30,30,34
1680679549250757638,29,30,30,34
1680679549252801840,29,30,30,34
1680679549254879513,29,30,30,34
1680679549256694714,29,30,30,34
1680679549258426003,29,30,30,34
1680679549260172920,29,30,30,34
1680679549262083776,29,30,30,34
1680679549263807836,29,30,30,34
1680679549265864949,29,30,30,34
1680679549267588634,29,30,30,34
1680679549269551867,29,30,30,34
1680679549271267165,29,30,30,34
1680679549272960359,29,30,30,34
1680679549274647341,29,30,30,34
1680679549276364427,29,30,30,34
1680679549278082391,29,30,30,34
1680679549279885843,29,30,30,34
1680679549281617707,29,30,30,34
1680679549283309168,29,30,30,34
1680679549285057718,29,30,30,34
1680679549286756651,29,30,30,34
1680679549288440861,29,30,30,34
1680679549290145925,29,30,30,34
1680679549291834126,29,30,30,34
1680679549293523993,29,30,30,34
1680679549295228463,29,30,30,34
1680679549297005597,29,30,30,34
1680679549298694806,29,30,30,34
1680679549300425482,29,30,30,34
1680679549302253647,29,30,30,34
1680679549303933955,29,30,30,34
1680679549305848074,29,30,30,34
1680679549307720589,29,30,30,34
1680679549309491072,29,30,30,34
1680679549312069240,29,30,30,34
1680679549314614641,29,30,30,34
1680679549317187570,29,30,30,34
1680679549319759103,29,30,30,33
1680679549324260801,29,30,30,33
1680679549328854619,29,30,30,33
1680679549335181100,29,30,30,33
1680679549338445445,29,30,30,33
1680679549340652665,29,30,30,33
1680679549342707443,29,30,30,33
1680679549344732896,29,30,30,33
1680679549346811255,29,30,30,33
1680679549348829603,29,30,30,33
1680679549350850707,29,30,30,33
1680679549352683245,29,30,30,33
1680679549355372776,29,30,30,33
1680679549357322773,29,30,30,33
1680679549359189098,29,30,30,33
1680679549361057974,29,30,30,33
1680679549362955393,29,30,30,33
1680679549364873013,29,30,30,33
1680679549366764530,29,30,30,33
1680679549368687309,29,30,30,33
1680679549370622064,29,30,30,33
1680679549372529764,29,30,30,33
1680679549374403291,29,30,30,33
1680679549376289197,29,30,30,33
1680679549378154109,29,30,30,33
1680679549380019999,29,30,30,33
1680679549382006608,29,30,30,33
1680679549383859909,29,30,30,33
1680679549385744163,29,30,30,33
1680679549388312618,29,30,30,33
1680679549390234258,29,30,30,33
1680679549392128415,29,30,30,33
1680679549393998166,29,30,30,33
1680679549395865725,29,30,30,33
1680679549397814859,29,30,30,33
1680679549399689550,29,30,30,33
1680679549401664131,29,30,30,33
1680679549404420086,29,30,30,33
1680679549407434051,29,30,30,33
1680679549409872803,29,30,30,33
1680679549412078298,29,30,34,33
1680679549478969192,29,30,34,30
1680679549548372458,29,30,34,30
1680679549568815834,29,30,34,30
1680679549570970438,29,30,34,30
1680679549573433358,29,30,31,30
1680679549594129297,29,30,31,30
1680679549596680650,29,30,31,30
1680679549598827465,29,30,31,30
1680679549601441946,29,30,31,30
1680679549603462864,29,30,31,30
1680679549605461094,29,30,31,30
1680679549608209652,29,30,31,30
1680679549610150342,29,30,31,30
1680679549612083183,29,30,31,30
1680679549614367990,29,30,31,30
1680679549616476127,29,30,31,30
1680679549618656186,29,30,31,30
1680679549620729528,29,30,31,30
1680679549623118138,29,30,31,30
1680679549625206185,29,30,31,30
1680679549627297775,29,30,31,30
1680679549629386652,29,30,31,30
1680679549631225069,29,30,31,30
1680679549633123144,29,30,31,30
1680679549635523886,29,30,31,30
1680679549637612613,29,30,31,30
1680679549639481562,29,30,31,30
1680679549641431411,29,30,31,30
1680679549661756367,29,30,31,30
1680679549664478297,29,30,31,30
1680679549666777036,29,30,31,30
1680679549670159009,29,30,31,30
1680679549674594303,29,30,31,30
1680679549680020761,29,30,31,30
1680679549685838532,29,30,31,30
1680679549689418604,29,30,31,30
1680679549691328974,29,30,31,30
1680679549693161210,29,30,31,30
1680679549695769014,29,30,31,30
1680679549697599994,29,30,31,30
1680679549699402666,29,30,31,30
1680679549701215438,29,30,31,30
1680679549703087326,29,30,31,30
1680679549704730557,29,30,31,30
1680679549707233813,29,30,31,30
1680679549708885285,29,30,31,30
1680679549710537819,29,30,31,30
1680679549712190734,29,30,31,30
1680679549713866009,29,30,31,30
1680679549715773226,29,30,31,30
1680679549721241363,29,30,31,30
1680679549723629141,29,30,31,30
1680679549725703439,29,30,31,30
1680679549728483169,29,30,31,30
1680679549730723995,29,30,31,30
1680679549752556998,29,30,31,30
1680679549756099977,29,30,31,30
1680679549761387513,29,30,30,30
1680679549765754533,29,30,30,30
1680679549768733340,29,30,30,30
1680679549772574932,29,30,30,30
1680679549776185539,29,30,30,30
1680679549778250730,29,30,30,30
1680679549780985893,29,30,30,30
1680679549784082913,29,30,30,30
1680679549786199781,29,30,30,30
1680679549788447695,29,30,30,30
1680679549790585937,29,30,30,30
1680679549792705806,29,30,30,30
1680679549794939042,29,30,30,30
1680679549796889523,29,30,30,30
1680679549798841193,29,30,30,30
1680679549801011965,29,30,30,30
1680679549802908938,29,30,30,30
1680679549804833224,29,30,30,30
1680679549806996516,29,30,30,30
1680679549809137052,29,30,30,30
1680679549811027213,29,30,30,30
1680679549812959821,29,30,30,30
1680679549815310167,29,30,30,30
1680679549817291916,29,30,30,30
1680679549819244363,29,30,30,30
1680679549841507067,29,37,30,30
1680679549843733547,29,37,30,30
1680679549845606082,29,37,30,30
1680679549848151301,29,37,30,30
1680679549855610909,29,37,30,30
1680679549857510064,29,37,30,30
1680679549859479834,29,37,30,30
1680679549861380175,29,37,30,30
1680679549863786224,29,37,30,30
1680679549866977337,29,37,30,30
1680679549868658552,29,37,30,30
1680679549870346096,29,37,30,30
1680679549872217037,29,37,30,30
1680679549874198662,29,37,30,30
1680679549875881605,29,37,30,30
1680679549877705443,29,37,30,30
1680679549879421130,29,37,30,30
1680679549881153544,29,37,30,30
1680679549882911110,29,37,30,30
1680679549885104265,29,37,30,30
1680679549886885831,29,37,30,30
1680679549888604940,29,37,30,30
1680679549890310540,29,37,30,30
1680679549892011562,29,37,30,30
1680679549893708991,29,37,30,30
1680679549895402912,29,37,30,30
1680679549897110064,29,37,30,30
1680679549898827276,29,37,30,30
1680679549900513763,29,37,30,30
1680679549902236656,29,37,30,30
1680679549903945016,29,37,30,30
1680679549905649812,29,37,30,30
1680679549907365137,29,37,30,30
1680679549909067022,29,37,30,30
1680679549910756520,29,37,30,30
1680679549912444278,29,37,30,30
1680679549914154448,29,37,30,30
1680679549915856737,29,37,30,30
1680679549917551977,29,37,30,30
1680679549919245240,29,37,30,30
1680679549920931522,29,37,30,30
1680679549922679994,29,37,30,30
1680679549924385184,29,37,30,30
1680679549926167073,29,37,30,30
1680679549929785622,29,37,30,30
1680679549932420664,29,37,30,30
1680679549935045113,29,37,30,30
1680679549937636932,29,37,30,30
1680679549940282607,29,37,30,30
1680679549942911994,29,37,30,30
1680679549945515372,29,37,30,30
1680679549947338470,29,37,30,30
1680679549949108930,29,37,30,30
1680679549950824087,29,37,30,30
1680679549952528181,29,37,30,30
1680679549954248276,29,37,30,30
1680679549955964232,29,37,30,30
1680679549957661170,29,37,30,30
1680679549959357116,29,37,30,30
1680679549961072880,29,37,30,30
1680679549962805911,29,37,30,30
1680679549964527747,29,37,30,30
1680679549966242027,29,37,30,30
1680679549967956383,29,37,30,30
1680679549969683891,29,37,30,30
1680679549971398260,29,37,30,30
1680679549973117854,29,37,30,30
1680679549974806569,29,37,30,30
1680679549976517832,29,37,30,30
1680679549978246152,29,37,30,30
1680679549979953071,29,37,30,30
1680679549981663946,29,37,30,30
1680679549983369163,29,37,30,30
1680679549985059234,29,37,30,30
1680679549986771899,29,37,30,30
1680679549988469116,29,37,30,30
1680679549990176972,29,37,30,30
1680679549991862888,29,37,30,30
1680679549993625965,29,37,30,30
1680679549995328790,29,37,30,30
1680679549997036005,29,37,30,30
1680679549998760422,29,37,30,30
1680679550000458423,29,37,30,30
1680679550002214290,29,37,30,30
1680679550003940455,29,37,30,30
1680679550005643547,29,37,30,30
1680679550007350861,29,37,30,30
1680679550009053157,29,30,30,30
1680679550010741484,29,30,30,30
1680679550012440017,29,30,30,30
1680679550014150099,29,30,30,30
1680679550015847053,29,30,30,30
1680679550017535983,29,30,30,30
1680679550019248786,29,30,30,30
1680679550020936711,29,30,30,30
1680679550022690214,29,30,30,30
1680679550024398854,29,30,30,30
1680679550026114581,29,30,30,30
1680679550027822974,29,30,30,30
1680679550029531102,29,30,30,30
1680679550031230699,29,30,30,30
1680679550033003184,29,30,30,30
1680679550034708146,29,30,30,30
1680679550036405196,29,30,30,30
1680679550038136297,29,30,30,30
1680679550039913753,29,30,30,30
1680679550041655823,29,30,30,30
1680679550043367403,29,30,30,30
1680679550045028188,29,30,30,30
1680679550046839404,29,30,30,30
1680679550048528705,29,30,30,30
1680679550050200915,29,30,30,30
1680679550051851583,29,30,30,30
1680679550053512457,29,30,30,30
1680679550055227000,29,30,30,30
1680679550056926437,29,30,30,30
1680679550058647470,29,30,30,30
1680679550060348607,29,30,30,30
1680679550062084184,29,30,30,30
1680679550063865699,29,30,30,30
1680679550065576348,29,30,30,30
1680679550067362339,29,30,30,30
1680679550069066134,29,30,30,30
1680679550070757999,29,30,30,30
1680679550072462370,29,30,30,30
1680679550074168564,29,30,30,30
1680679550075875307,29,30,30,30
1680679550077590170,29,30,30,30
1680679550079342184,29,30,30,30
1680679550081060971,29,30,30,30
1680679550082820253,29,30,30,30
1680679550084601010,29,30,30,30
1680679550086333538,29,30,30,30
1680679550088047463,29,30,30,30
1680679550089759440,29,30,30,30
1680679550091456304,29,30,30,30
1680679550093171486,29,30,30,30
1680679550094870672,29,30,30,30
1680679550096586071,29,30,30,30
1680679550098313541,29,30,30,30
1680679550100016014,29,30,30,30
1680679550101798232,29,30,30,30
1680679550103609791,29,30,30,30
1680679550105306123,29,30,30,30
1680679550107101703,29,30,30,30
1680679550108727589,29,30,30,30
1680679550110394770,29,30,30,30
1680679550112058990,29,30,30,30
1680679550113731965,29,30,30,30
1680679550115398041,29,30,30,30
1680679550117050199,29,30,30,30
1680679550118788679,29,30,30,30
1680679550120506924,29,30,30,30
1680679550122261718,29,30,30,30
1680679550124047559,29,30,30,30
1680679550125764957,29,30,30,30
1680679550127509196,29,30,30,30
1680679550129240098,29,30,30,30
1680679550130935752,29,30,30,30
1680679550132644898,29,30,30,30
1680679550134351288,29,30,30,30
1680679550136060674,29,30,30,30
1680679550137769866,29,30,30,30
1680679550139494502,29,30,30,30
1680679550141182311,29,30,30,30
1680679550142928328,29,30,30,30
1680679550144640246,29,30,30,30
1680679550146351206,29,30,30,30
1680679550148096002,29,30,30,30
1680679550149803137,29,30,30,30
1680679550151520091,29,30,30,30
1680679550153214330,29,30,30,30
1680679550154916135,29,30,30,30
1680679550156620665,29,30,30,30
1680679550158365773,29,30,30,30
1680679550160069004,29,30,30,30
1680679550161804024,29,30,30,30
1680679550163516909,29,30,30,30
1680679550165215766,29,30,30,30
1680679550166905140,29,30,30,30
1680679550168616152,29,30,30,30
1680679550170328284,29,30,30,30
1680679550172030691,29,30,30,30
1680679550173720078,29,30,30,30
1680679550175415278,29,30,30,30
1680679550177105017,29,30,30,30
1680679550178917137,29,30,30,30
1680679550180624525,29,30,30,30
1680679550182346805,29,30,30,30
1680679550184109580,29,30,30,30
1680679550185811486,29,30,30,30
1680679550187536583,29,30,30,30
1680679550189215394,29,30,30,30
1680679550190904493,29,30,30,30
1680679550192579648,29,30,30,30
1680679550194264067,29,30,30,30
1680679550195940374,29,30,30,30
1680679550197622918,29,30,30,30
1680679550199318025,29,30,30,30
1680679550200993905,29,30,30,30
1680679550202823549,29,30,30,30
1680679550204566638,29,30,30,30
1680679550206284862,29,30,30,30
1680679550208019052,29,30,30,30
1680679550209746784,29,30,30,30
1680679550211458392,29,30,30,30
1680679550213177875,29,30,30,30
1680679550214872403,29,30,30,30
1680679550216579446,29,30,30,30
1680679550218280769,29,30,30,30
1680679550219969426,29,30,30,30
1680679550221658611,29,30,30,30
1680679550223493926,29,30,30,30
1680679550225195405,29,30,30,30
1680679550226889760,29,30,30,30
1680679550228595939,29,30,30,30
1680679550230295707,29,30,30,30
1680679550231984832,29,30,30,30
1680679550233678992,29,30,30,30
1680679550235383070,29,30,30,30
1680679550237069870,29,30,30,30
1680679550238802915,29,30,30,30
1680679550240504575,29,30,30,30
1680679550242235004,29,30,30,30
1680679550243939791,29,30,30,30
1680679550245640808,29,30,30,30
1680679550247350644,29,30,30,30
1680679550249042841,29,30,30,30
1680679550250751560,29,30,30,30
1680679550252463225,29,30,30,30
1680679550254167571,29,30,30,30
1680679550255859069,29,30,30,30
1680679550257544667,29,30,30,30
1680679550259297973,29,30,30,30
1680679550260990907,29,30,30,30
1680679550262752397,29,30,30,30
1680679550264536924,29,30,30,30
1680679550266233545,29,30,30,30
1680679550268010431,29,30,30,30
1680679550269699871,29,30,30,30
1680679550271411947,29,30,30,30
1680679550273109410,29,30,30,30
1680679550274804658,29,30,30,30
1680679550276472612,29,30,30,30
1680679550278138231,29,30,30,30
1680679550279824237,29,30,30,30
1680679550281495063,29,30,30,30
1680679550283179882,29,30,30,30
1680679550284896064,29,30,30,30
1680679550286600789,29,30,30,30
1680679550288372440,29,30,30,30
1680679550290108798,29,30,30,30
1680679550291824644,29,30,30,30
1680679550293551229,29,30,30,30
1680679550295274852,29,30,30,30
1680679550297050365,29,30,30,30
1680679550298746173,29,30,30,30
1680679550300427374,29,30,30,30
1680679550302183962,29,30,30,30
1680679550303941904,29,30,30,30
1680679550305638499,29,30,30,30
1680679550307347462,29,30,30,30
1680679550309053326,29,30,30,30
1680679550310740023,29,30,30,30
1680679550312432623,29,30,30,30
1680679550314141609,29,30,30,30
1680679550315827460,29,30,30,30
1680679550317532477,29,30,30,30
1680679550319252235,29,30,30,30
1680679550320958129,29,30,30,30
1680679550322767581,29,30,30,30
1680679550324541201,29,30,30,30
1680679550326254383,29,30,30,30
1680679550327964231,29,30,30,30
1680679550329663895,29,30,30,30
1680679550331344620,29,30,30,30
1680679550333039177,29,30,30,30
1680679550334739850,29,30,30,30
1680679550336431159,29,30,30,30
1680679550338146464,29,30,30,30
1680679550339907313,29,30,30,30
1680679550341606199,29,30,30,30
1680679550343312516,29,30,30,30
1680679550345049618,29,30,30,30
1680679550346745558,29,30,30,30
1680679550348475965,29,30,30,30
1680679550350176647,29,30,30,30
1680679550351863706,29,30,30,30
1680679550353574846,29,30,30,30
1680679550355275812,29,30,30,30
1680679550356964709,29,30,30,30
1680679550358706713,29,30,30,30
1680679550360383778,29,30,30,30
1680679550362079944,29,30,30,30
1680679550363793701,29,30,30,30
1680679550365478742,29,30,30,30
1680679550367150047,29,30,30,30
1680679550368875282,29,30,30,30
1680679550370582281,29,30,30,30
1680679550372294019,29,30,30,30
1680679550374017909,29,30,30,30
1680679550375727334,29,30,30,30
1680679550377439360,29,30,30,30
1680679550379182291,29,30,30,30
1680679550380906078,29,30,30,30
1680679550382613187,29,30,30,30
1680679550384314278,29,30,30,30
1680679550386023712,29,30,30,30
1680679550387764702,29,30,30,30
1680679550389520116,29,30,30,30
1680679550391216874,29,30,30,30
1680679550392906588,29,30,30,30
1680679550394596578,29,30,30,30
1680679550396322920,29,30,30,30
1680679550398024502,29,30,30,30
1680679550399736214,29,30,30,30
1680679550401432859,29,30,30,30
1680679550403279692,29,30,30,30
1680679550405022485,29,30,30,30
1680679550406723234,29,30,30,30
1680679550408446112,29,30,30,30
1680679550410157814,29,30,30,30
1680679550411944852,29,30,30,30
1680679550413636880,29,30,30,30
1680679550415322450,29,30,30,30
1680679550417008991,29,30,30,30
1680679550418718785,29,30,30,30
1680679550420407213,29,30,30,30
1680679550422115558,29,30,30,30
1680679550423849221,29,30,30,30
1680679550425548268,29,30,30,30
1680679550427242646,29,30,30,30
1680679550428929435,29,30,30,30
1680679550430636732,29,30,30,30
1680679550432337081,29,30,30,30
1680679550434082984,29,30,30,30
1680679550435785357,29,30,30,30
1680679550437484522,29,30,30,30
1680679550439180605,29,30,30,30
1680679550440867189,29,30,30,30
1680679550442590100,29,30,30,30
1680679550444320928,29,30,30,30
1680679550446031487,29,30,30,30
1680679550447747045,29,30,30,30
1680679550449442833,29,30,30,30
1680679550451133708,29,30,30,30
1680679550452832736,29,30,30,30
1680679550454519529,29,30,30,30
1680679550456206878,29,30,30,30
1680679550457911161,29,30,30,30
1680679550459675535,29,30,30,30
1680679550461365526,29,30,30,30
1680679550463074435,29,30,30,30
1680679550464820998,29,30,30,30
1680679550466522461,29,30,30,30
1680679550468243292,29,30,30,30
1680679550469944878,29,30,30,30
1680679550471635149,29,30,30,30
1680679550473323839,29,30,30,30
1680679550475014145,29,30,30,30
1680679550476721377,29,30,30,30
1680679550478422911,29,30,30,30
1680679550480140445,29,30,30,30
1680679550481836353,29,30,30,30
1680679550483572024,29,30,30,30
1680679550485288608,29,30,30,30
1680679550486979438,29,30,30,30
1680679550488695668,29,30,30,30
1680679550490403289,29,30,30,30
1680679550492087189,29,30,30,30
1680679550493790821,29,30,30,30
1680679550495478943,29,30,30,30
1680679550497171254,29,30,30,30
1680679550498998563,29,30,30,30
1680679550500699375,29,30,30,30
1680679550502428747,29,30,30,30
1680679550504190689,29,30,30,30
1680679550505950598,29,30,30,30
1680679550507848146,29,30,30,30
1680679550509548113,29,30,30,30
1680679550511247153,29,30,30,30
1680679550512937672,29,30,30,30
1680679550514633598,29,30,30,30
1680679550516310340,29,30,30,30
1680679550518012271,29,30,30,30
1680679550519770484,29,30,30,30
1680679550521445262,29,30,30,30
1680679550523154446,29,30,30,30
1680679550524905819,29,30,30,30
1680679550526605925,29,30,30,30
1680679550528328065,29,30,30,30
1680679550530025447,29,30,30,30
1680679550531732584,29,30,30,30
1680679550533428587,29,30,30,30
1680679550535126471,29,30,30,30
1680679550536809205,29,30,30,30
1680679550538499851,29,30,30,30
1680679550540230812,29,30,30,30
1680679550541903223,29,30,30,30
1680679550543626392,29,30,30,30
1680679550545355755,29,30,30,30
1680679550547047032,29,30,30,30
1680679550548789241,29,30,30,30
1680679550550572597,29,30,30,30
1680679550552272931,29,30,30,30
1680679550553966249,29,30,30,30
1680679550555660234,29,30,30,30
1680679550557349369,29,30,30,30
1680679550559108110,29,30,30,30
1680679550560820842,29,30,30,30
1680679550562517048,29,30,30,30
1680679550564349996,29,30,30,30
1680679550566126016,29,30,30,30
1680679550567827134,29,30,30,30
1680679550569516640,29,30,30,30
1680679550571204813,29,30,30,30
1680679550572894227,29,30,30,30
1680679550574583270,29,30,30,30
1680679550576281179,29,30,30,30
1680679550578024677,29,30,30,30
1680679550579747930,29,30,30,30
1680679550581456407,29,30,30,30
1680679550583262004,29,30,30,30
1680679550585056302,29,30,30,30
1680679550586793615,29,30,30,30
1680679550588634748,29,30,30,30
1680679550590321648,29,30,30,30
1680679550591993765,29,30,30,30
1680679550593660118,29,30,30,30
1680679550595550828,29,30,30,30
1680679550597390553,29,30,30,30
1680679550599067533,29,30,30,30
1680679550600727822,29,30,30,30
1680679550602428430,29,30,30,30
1680679550604115158,29,30,30,30
1680679550605818107,29,30,30,30
1680679550607516009,29,30,30,30
1680679550609388158,29,30,30,30
1680679550611102707,29,30,30,30
1680679550612918550,29,30,30,30
1680679550614628415,29,30,30,30
1680679550616561700,29,30,30,30
1680679550618308207,29,30,30,30
1680679550620074941,29,30,30,30
1680679550621798066,29,30,30,30
1680679550623523868,29,30,30,30
1680679550625267494,29,30,30,30
1680679550626971163,29,30,30,30
1680679550628708856,29,30,30,30
1680679550630445595,29,30,30,30
1680679550632130978,29,30,30,30
1680679550633819206,29,30,30,30
1680679550635848890,29,30,30,30
1680679550637530106,29,30,30,30
1680679550639316696,29,30,30,30
1680679550641016921,29,30,30,30
1680679550642720327,29,30,30,30
1680679550644479024,29,30,30,30
1680679550646180473,29,30,30,30
1680679550647900364,29,30,30,30
1680679550649696603,29,30,30,30
1680679550651390412,29,30,30,30
1680679550653087901,29,30,30,30
1680679550654781275,29,30,30,30
1680679550656483114,29,30,30,30
1680679550658186903,29,30,30,30
1680679550659888503,29,30,30,30
1680679550661586233,29,30,30,30
1680679550663287968,29,30,30,30
1680679550664995551,29,30,30,30
1680679550666695102,29,30,30,30
1680679550668411105,29,30,30,30
1680679550670124071,29,30,30,30
1680679550671812058,29,30,30,30
1680679550673726524,29,30,30,30
1680679550675590083,29,30,30,30
1680679550677478260,29,30,30,30
1680679550679408432,29,30,30,30
1680679550681318888,29,30,30,30
1680679550683214669,29,30,30,30
1680679550685110226,29,30,30,30
1680679550687782829,29,30,30,30
1680679550689668739,29,30,30,30
1680679550691518177,29,30,30,30
1680679550693427490,29,30,30,30
1680679550695340807,29,30,30,30
1680679550697254013,29,30,30,30
1680679550699133607,29,30,30,30
1680679550701018620,29,30,30,30
1680679550703648321,29,30,30,30
1680679550705574787,29,30,30,30
1680679550707479618,29,30,30,30
1680679550709467533,29,30,30,30
1680679550711387096,29,30,30,30
1680679550713295618,29,30,30,30
1680679550715188665,29,30,30,30
1680679550717075766,29,30,30,30
1680679550719615665,29,30,30,30
1680679550721487874,29,30,30,30
1680679550723384895,29,30,30,30
1680679550725309155,29,30,30,30
1680679550727214908,29,30,30,30
1680679550729192314,29,30,30,30
1680679550731096204,29,30,30,30
1680679550733004124,29,30,30,30
1680679550736046280,29,30,30,30
1680679550739050136,29,30,30,30
1680679550741715793,29,30,30,30
1680679550744089225,29,30,30,30
1680679550814587286,29,30,30,30
1680679550882691838,29,30,30,30
1680679550885444063,29,30,30,30
1680679550887343578,29,30,30,30
1680679550889254708,29,30,30,30
1680679550891151074,29,30,30,30
1680679550893073715,29,30,30,30
1680679550894732569,29,30,30,30
1680679550896380802,29,30,30,30
1680679550898042960,29,30,30,30
1680679550899690433,29,30,30,30
1680679550901361316,29,30,30,30
1680679550903020263,29,30,30,30
1680679550904795426,29,30,30,30
1680679550906532315,29,30,30,30
1680679550908234983,29,30,30,30
1680679550909959660,29,30,30,30
1680679550911660201,29,30,30,30
1680679550913347126,29,30,30,30
1680679550915081080,29,30,30,30
1680679550916776989,29,30,30,30
1680679550918479403,29,30,30,30
1680679550920172189,29,30,30,30
1680679550921887222,29,30,30,30
1680679550923574993,29,30,30,30
1680679550925371171,29,30,30,30
1680679550927074059,29,30,30,30
1680679550928780347,29,30,30,30
1680679550930469181,29,30,30,30
1680679550932157919,29,30,30,30
1680679550933861148,29,30,30,30
1680679550935647681,29,30,30,30
1680679550937335724,29,30,30,30
1680679550939021633,29,30,30,30
1680679550940725358,29,30,30,30
1680679550942425567,29,30,30,30
1680679550944128453,29,30,30,30
1680679550945845896,29,30,30,30
1680679550947513549,29,30,30,30
1680679550949273748,29,30,30,30
1680679550950952371,29,30,30,30
1680679550952628152,29,30,30,30
1680679550954314430,29,30,30,30
1680679550956013047,29,30,30,30
1680679550957688665,29,30,30,30
1680679550959367774,29,30,30,30
1680679550961115210,29,30,30,30
1680679550962806815,29,30,30,30
1680679550964526942,29,30,30,30
1680679550966252055,29,30,30,30
1680679550967950906,29,30,30,30
1680679550969659946,29,30,30,30
1680679550971362978,29,30,30,30
1680679550973055957,29,30,30,30
1680679550974739881,29,30,30,30
1680679550976433429,29,30,30,30
1680679550978145123,29,30,30,30
1680679550979841532,29,30,30,30
1680679550981613841,29,30,30,30
1680679550983309299,29,30,30,30
1680679550985050028,29,30,30,30
1680679550986766137,29,30,30,30
1680679550988434455,29,30,30,30
1680679550990143101,29,30,30,30
1680679550991819323,29,30,30,30
1680679550993494602,29,30,30,30
1680679550995168365,29,30,30,30
1680679550996836241,29,30,30,30
1680679550998552108,29,30,30,30
1680679551000262021,29,30,30,30
1680679551002004104,29,30,30,30
1680679551003718957,29,30,30,30
1680679551005467528,29,30,30,30
1680679551007182519,29,30,30,30
1680679551008941574,29,30,30,30
1680679551010624648,29,30,30,30
1680679551012316317,29,30,30,30
1680679551014018780,29,30,30,30
1680679551015724853,29,30,30,30
1680679551017463499,29,30,30,30
1680679551019154074,29,30,30,30
1680679551020852720,29,30,30,30
1680679551022561642,29,30,30,30
1680679551024280477,29,30,30,30
1680679551026035231,29,30,30,30
1680679551027748259,29,30,30,30
1680679551029549641,29,30,30,30
1680679551031254870,29,30,30,30
1680679551032955453,29,30,30,30
1680679551034652355,29,30,30,30
1680679551036359370,29,30,30,30
1680679551038062125,29,30,30,30
1680679551039764499,29,30,30,30
1680679551041569856,29,30,30,30
1680679551043264784,29,30,30,30
1680679551045047455,29,30,30,30
1680679551046786479,29,30,30,30
1680679551048472566,29,30,30,30
1680679551050253742,29,30,30,30
1680679551051949424,29,30,30,30
1680679551053637992,29,30,30,30
1680679551055338914,29,30,30,30
1680679551057028248,29,30,30,30
1680679551058724058,29,30,30,30
1680679551060416111,29,30,30,30
1680679551062149149,29,30,30,30
1680679551063841382,29,30,30,30
1680679551065582916,29,30,30,30
1680679551067271820,29,30,30,30
1680679551068959005,29,30,30,30
1680679551070670297,29,30,30,30
1680679551072404724,29,30,30,30
1680679551074107407,29,30,30,30
1680679551075796459,29,30,30,30
1680679551077484298,29,30,30,30
1680679551079166279,29,30,30,30
1680679551080853186,29,30,30,30
1680679551082557791,29,30,30,30
1680679551084250584,29,30,30,30
1680679551085996015,29,30,30,30
1680679551087686160,29,30,30,30
1680679551089422717,29,30,30,30
1680679551091111985,29,30,30,30
1680679551092802093,29,30,30,30
1680679551094486385,29,30,30,30
1680679551096170150,29,30,30,30
1680679551097863830,29,30,30,30
1680679551099559493,29,30,30,30
1680679551101252612,29,30,30,30
1680679551102938562,29,30,30,30
1680679551104661278,29,30,30,30
1680679551106376730,29,30,30,30
1680679551108067839,29,30,30,30
1680679551109865306,29,30,30,30
1680679551111551498,29,30,30,30
1680679551113233230,29,30,30,30
1680679551114919266,29,30,30,30
1680679551116617325,29,30,30,30
1680679551118392987,29,30,30,30
1680679551120093668,29,30,30,30
1680679551121813275,29,30,30,30
1680679551123522346,29,30,30,30
1680679551125303157,29,30,30,30
1680679551127015426,29,30,30,30
1680679551128721319,29,30,30,30
1680679551130472936,29,30,30,30
1680679551132183892,29,30,30,30
1680679551133958049,29,30,30,30
1680679551135709053,29,30,30,30
1680679551137397305,29,30,30,30
1680679551139093014,29,30,30,30
1680679551140778436,29,30,30,30
1680679551142512282,29,30,30,30
1680679551144206659,29,30,30,30
1680679551145932258,29,30,30,30
1680679551147628547,29,30,30,30
1680679551149321165,29,30,30,30
1680679551151132325,29,30,30,30
1680679551152827135,29,30,30,30
1680679551154515287,29,30,30,30
1680679551156206600,29,30,30,30
1680679551157942000,29,30,30,30
1680679551159644877,29,30,30,30
1680679551161441363,29,30,30,30
1680679551163129871,29,30,30,30
1680679551164824030,29,30,30,30
1680679551166590633,29,30,30,30
1680679551168271398,29,30,30,30
1680679551169995997,29,30,30,30
1680679551171672542,29,30,30,30
1680679551173349337,29,30,30,30
1680679551175038228,29,30,30,30
1680679551176725367,29,30,30,30
1680679551178415919,29,30,30,30
1680679551180101301,29,30,30,30
1680679551181800435,29,30,30,30
1680679551183495789,29,30,30,30
1680679551185238097,29,30,30,30
1680679551186963933,29,30,30,30
1680679551188675133,29,30,30,30
1680679551190451693,29,30,30,30
1680679551192165781,29,30,30,30
1680679551193882853,29,30,30,30
1680679551195591164,29,30,30,30
1680679551197279781,29,30,30,30
1680679551198976331,29,30,30,30
1680679551200662163,29,30,30,30
1680679551202375682,29,30,30,30
1680679551204070685,29,30,30,30
1680679551205795649,29,30,30,30
1680679551207485968,29,30,30,30
1680679551209179119,29,30,30,30
1680679551210883827,29,30,30,30
1680679551212569847,29,30,30,30
1680679551214257970,29,30,30,30
1680679551215953330,29,30,30,30
1680679551217649022,29,30,30,30
1680679551219358432,29,30,30,30
1680679551221051326,29,30,30,30
1680679551222794914,29,30,30,30
1680679551224534655,29,30,30,30
1680679551226261944,29,30,30,30
1680679551227952193,29,30,30,30
1680679551229652275,29,30,30,30
1680679551231391958,29,30,30,30
1680679551233082595,29,30,30,30
1680679551234775066,29,30,30,30
1680679551236468692,29,30,30,30
1680679551238180845,29,30,30,30
1680679551239875559,29,30,30,30
1680679551241646366,29,30,30,30
1680679551243342248,29,30,30,30
1680679551245149500,29,30,30,30
1680679551246862090,29,30,30,30
1680679551248638345,29,30,30,30
1680679551250406365,29,30,30,30
1680679551252065322,29,30,30,30
1680679551253721033,29,30,30,30
1680679551255367121,29,30,30,30
1680679551257017118,29,30,30,30
1680679551258710218,29,30,30,30
1680679551260405212,29,30,30,30
1680679551262117667,29,30,30,30
1680679551263818554,29,30,30,30
1680679551265539426,29,30,30,30
1680679551267313106,29,30,30,30
1680679551269004403,29,30,30,30
1680679551270757129,29,30,30,30
1680679551272447714,29,30,30,30
1680679551274156165,29,30,30,30
1680679551275850976,29,30,30,30
1680679551277545890,29,30,30,30
1680679551279235610,29,30,30,30
1680679551280935947,29,30,30,30
1680679551282689727,29,30,30,30
1680679551284380465,29,30,30,30
1680679551286150942,29,30,30,30
1680679551287841070,29,30,30,30
1680679551289527064,29,30,30,30
1680679551291233579,29,30,30,30
1680679551292921398,29,30,30,30
1680679551294606635,29,30,30,30
1680679551296292398,29,30,30,30
1680679551297998311,29,30,30,30
1680679551299683211,29,30,30,30
1680679551301379739,29,30,30,30
1680679551303377256,29,30,30,30
1680679551305172006,29,30,30,30
1680679551306914066,29,30,30,30
1680679551308605541,29,30,30,30
1680679551310312810,29,30,30,30
1680679551312008538,29,30,30,30
1680679551313695228,29,30,30,30
1680679551315377245,29,30,30,30
1680679551317069045,29,30,30,30
1680679551318760954,29,30,30,30
1680679551320453311,29,30,30,30
1680679551322189663,29,30,30,30
1680679551323879201,29,30,30,30
1680679551325603024,29,30,30,30
1680679551327320776,29,30,30,30
1680679551329011978,29,30,30,30
1680679551330737749,29,30,30,30
1680679551332406220,29,30,30,30
1680679551334087427,29,30,30,30
1680679551335812019,29,30,30,30
1680679551337484556,29,30,30,30
1680679551339149480,29,30,30,30
1680679551340816084,29,30,30,30
1680679551342583469,29,30,30,30
1680679551344298151,29,30,30,30
1680679551346080096,29,30,30,30
1680679551347804627,29,30,30,30
1680679551349517797,29,30,30,30
1680679551351315189,29,30,30,30
1680679551353023603,29,30,30,30
1680679551354709085,29,30,30,30
1680679551356392596,29,30,30,30
1680679551358090731,29,30,30,30
1680679551359777274,29,30,30,30
1680679551361462681,29,30,30,30
1680679551363176258,29,30,30,30
1680679551364866845,29,30,30,30
1680679551366626167,29,30,30,30
1680679551368314183,29,30,30,30
1680679551370025992,29,30,30,30
1680679551371719072,29,30,30,30
1680679551373405046,29,30,30,30
1680679551375096811,29,30,30,30
1680679551376793341,29,30,30,30
1680679551378485425,29,30,30,30
1680679551380179086,29,30,30,30
1680679551381891379,29,30,30,30
1680679551383588457,29,30,30,30
1680679551385300723,29,30,30,30
1680679551387043854,29,30,30,30
1680679551388726790,29,30,30,30
1680679551390540108,29,30,30,30
1680679551392289082,29,30,30,30
1680679551393994916,29,30,30,30
1680679551395691797,29,30,30,30
1680679551397390542,29,30,30,30
1680679551399083679,29,30,30,30
1680679551400778196,29,30,30,30
1680679551402479350,29,30,30,30
1680679551404172139,29,30,30,30
1680679551405920372,29,30,30,30
1680679551407635343,29,30,30,30
1680679551409325421,29,30,30,30
1680679551411069049,29,30,30,30
1680679551412727523,29,30,30,30
1680679551414416418,29,30,30,30
1680679551416115548,29,30,30,30
1680679551417813280,29,30,30,30
1680679551419504834,29,30,30,30
1680679551421188854,29,30,30,30
1680679551422925263,29,30,30,30
1680679551424623011,29,30,30,30
1680679551426429380,29,30,30,30
1680679551428128771,29,30,30,30
1680679551429826374,29,30,30,30
1680679551431589034,29,30,30,30
1680679551433279558,29,30,30,30
1680679551434962668,29,30,30,30
1680679551436657629,29,30,30,30
1680679551438348310,29,30,30,30
1680679551440041690,29,30,30,30
1680679551441730794,29,30,30,30
1680679551443457749,29,30,30,30
1680679551445140900,29,30,30,30
1680679551446851157,29,30,30,30
1680679551448538772,29,30,30,30
1680679551450255552,29,30,30,30
1680679551451955769,29,30,30,30
1680679551453724096,29,30,30,30
1680679551455409370,29,30,30,30
1680679551457103102,29,30,30,30
1680679551458797476,29,30,30,30
1680679551460488922,29,30,30,30
1680679551462218053,29,30,30,30
1680679551463910750,29,30,30,30
1680679551465610330,29,30,30,30
1680679551467378741,29,30,30,30
1680679551469072304,29,30,30,30
1680679551470805463,29,30,30,30
1680679551472494123,29,30,30,30
1680679551474189846,29,30,30,30
1680679551475881148,29,30,30,30
1680679551477572062,29,30,30,30
1680679551479329735,29,30,30,30
1680679551481041058,29,30,30,30
1680679551482779700,29,30,30,30
1680679551484519841,29,30,30,30
1680679551486266152,29,30,30,30
1680679551487980548,29,30,30,30
1680679551489728746,29,30,30,30
1680679551491513423,29,30,30,30
1680679551493286435,29,30,30,30
1680679551495045219,29,30,30,30
1680679551496837916,29,30,30,30
1680679551498564666,29,30,30,30
1680679551500309174,29,30,30,30
1680679551502013238,29,30,30,30
1680679551516885123,29,30,30,30
1680679551518495248,29,30,30,30
1680679551520157971,29,30,30,30
1680679551521919874,29,30,30,30
1680679551523628823,29,30,30,30
1680679551525388306,29,30,30,30
1680679551527095522,29,30,30,30
1680679551528928018,29,30,30,30
1680679551530660688,29,30,30,30
1680679551532382082,29,30,30,30
1680679551534088070,29,30,30,30
1680679551535780509,29,30,30,30
1680679551537490879,29,30,30,30
1680679551539174699,29,30,30,30
1680679551540865829,29,30,30,30
1680679551542571816,29,30,30,30
1680679551544269167,29,30,30,30
1680679551545990629,29,30,30,30
1680679551547774575,29,30,30,30
1680679551549466697,29,30,30,30
1680679551551182571,29,30,30,30
1680679551552866021,29,30,30,30
1680679551554553428,29,30,30,30
1680679551556241697,29,30,30,30
1680679551557950221,29,30,30,30
1680679551559570208,29,30,30,30
1680679551561202342,29,30,30,30
1680679551562959993,29,30,30,30
1680679551564657607,29,30,30,30
1680679551566376648,29,30,30,30
1680679551568104561,29,30,30,30
1680679551569817572,29,30,30,30
1680679551571568119,29,30,30,30
1680679551573265760,29,30,30,30
1680679551574956612,29,30,30,30
1680679551576653667,29,30,30,30
1680679551578361775,29,30,30,30
1680679551580061734,29,30,30,30
1680679551581748995,29,30,30,30
1680679551583467920,29,30,30,30
1680679551585153629,29,30,30,30
1680679551586866445,29,30,30,30
1680679551588636426,29,30,30,30
1680679551590326111,29,30,30,30
1680679551592083928,29,30,30,30
1680679551593772273,29,30,30,30
1680679551595462222,29,30,30,30
1680679551597151070,29,30,30,30
1680679551598846750,29,30,30,30
1680679551600533393,29,30,29,30
1680679551602236159,29,30,29,30
1680679551603914593,29,30,29,30
1680679551605614349,29,30,29,30
1680679551607301478,29,30,29,30
1680679551609068670,29,30,29,30
1680679551610760903,29,30,29,30
1680679551612452291,29,30,29,30
1680679551614150525,29,30,29,30
1680679551615835777,29,30,29,30
1680679551617521920,29,30,29,30
1680679551619212654,29,30,29,30
1680679551620897683,29,30,29,30
1680679551622642293,29,30,29,30
1680679551624341997,29,30,29,30
1680679551626050436,29,30,29,30
1680679551627767768,29,30,29,30
1680679551629526638,29,30,29,30
1680679551631249187,29,30,29,30
1680679551633037790,29,30,29,30
1680679551634711777,29,30,29,30
1680679551636441671,29,30,29,30
1680679551638125297,29,30,29,30
1680679551639795847,29,30,29,30
1680679551641463372,29,30,29,30
1680679551643175760,29,30,29,30
1680679551644889913,29,30,29,30
1680679551646654941,29,30,29,30
1680679551648394838,29,30,29,30
1680679551650113978,29,30,29,30
1680679551651856718,29,30,29,30
1680679551653563035,29,30,29,30
1680679551655271594,29,30,29,30
1680679551656970750,29,30,29,30
1680679551658656994,29,30,29,30
1680679551660343294,29,30,29,30
1680679551662028328,29,30,29,30
1680679551663742276,29,30,29,30
1680679551665437048,29,30,29,30
1680679551667173633,29,30,29,30
1680679551668915367,29,30,29,30
1680679551670604576,29,30,29,30
1680679551672322548,29,30,29,30
1680679551674025013,29,30,29,30
1680679551675732598,29,30,29,30
1680679551677486506,29,30,29,30
1680679551679179818,29,30,29,30
1680679551680867749,29,30,29,30
1680679551682628211,29,30,29,30
1680679551684328777,29,30,29,30
1680679551686052448,29,30,29,30
1680679551687742475,29,30,29,30
1680679551689457735,29,30,29,30
1680679551691186008,29,30,29,30
1680679551692872576,29,30,29,30
1680679551694551285,29,30,29,30
1680679551696231097,29,30,29,30
1680679551697930007,29,30,29,30
1680679551699617990,29,30,29,30
1680679551701304247,29,30,29,30
1680679551703018105,29,30,29,30
1680679551704713527,29,30,29,30
1680679551706445686,29,30,29,30
1680679551708150457,29,30,29,30
1680679551709848500,29,30,29,30
1680679551711614653,29,30,29,30
1680679551713294507,29,30,29,30
1680679551714980148,29,30,29,30
1680679551716670175,29,30,29,30
1680679551718370936,29,30,29,30
1680679551720061163,29,30,29,30
1680679551721750300,29,30,29,30
1680679551723490725,29,30,29,30
1680679551725181101,29,30,29,30
1680679551726923821,29,30,29,30
1680679551728627743,29,30,29,30
1680679551730308098,29,30,29,30
1680679551732035985,29,30,29,30
1680679551733717413,29,30,29,30
1680679551735390111,29,30,29,30
1680679551737114744,29,30,29,30
1680679551738824942,29,30,29,30
1680679551740539382,29,30,29,30
1680679551742256906,29,30,29,30
1680679551743993469,29,30,29,30
1680679551745705851,29,30,29,30
1680679551747424853,29,30,29,30
1680679551749154809,29,30,29,30
1680679551750842925,29,30,29,30
1680679551752587645,29,30,29,30
1680679551754282729,29,30,29,30
1680679551755971365,29,30,29,30
1680679551757659582,29,30,29,30
1680679551759343904,29,30,29,30
1680679551761029276,29,30,29,30
1680679551762774890,29,30,29,30
1680679551764466265,29,30,29,30
1680679551766180156,29,30,29,30
1680679551767871696,29,30,29,30
1680679551769729576,29,30,29,30
1680679551771438456,29,30,29,30
1680679551773122047,29,30,29,30
1680679551774807552,29,30,29,30
1680679551776530433,29,30,29,30
1680679551778231576,29,30,29,30
1680679551779928990,29,30,29,30
1680679551781624860,29,30,29,30
1680679551783337089,29,30,29,30
1680679551785030408,29,30,29,30
1680679551786765766,29,30,29,30
1680679551788485206,29,30,29,30
1680679551790177811,29,30,29,30
1680679551791898642,29,30,29,30
1680679551793589186,29,30,29,30
1680679551795274750,29,30,29,30
1680679551796964720,29,30,29,30
1680679551798657421,29,30,29,30
1680679551800349885,29,30,29,30
1680679551802039351,29,30,29,30
1680679551803752049,29,30,29,30
1680679551805435936,29,30,29,30
1680679551807155339,29,30,29,30
1680679551808860503,29,30,29,30
1680679551810580135,29,30,29,30
1680679551812299878,29,30,29,30
1680679551814009223,29,30,29,30
1680679551815711563,29,30,29,30
1680679551817408411,29,30,29,30
1680679551819095895,29,30,29,30
1680679551820779725,29,30,29,30
1680679551822463217,29,30,29,30
1680679551824205114,29,30,29,30
1680679551825897670,29,30,29,30
1680679551827589177,29,30,29,30
1680679551829305445,29,30,29,30
1680679551830993840,29,30,29,30
1680679551832668655,29,30,29,30
1680679551834433685,29,30,29,30
1680679551836105296,29,30,29,30
1680679551837785538,29,30,29,30
1680679551839461042,29,30,29,30
1680679551841132946,29,30,29,30
1680679551842826032,29,30,29,30
1680679551844507134,29,30,29,30
1680679551846279143,29,30,29,30
1680679551847962222,29,30,29,30
1680679551849698083,29,30,29,30
1680679551851480285,29,30,29,30
1680679551853183069,29,30,29,30
1680679551854888543,29,30,29,30
1680679551856601445,29,30,29,30
1680679551858323807,29,30,29,30
1680679551860038632,29,30,29,30
1680679551861760296,29,30,29,30
1680679551863511959,29,30,29,30
1680679551865199108,29,30,29,30
1680679551866956090,29,30,29,30
1680679551868676356,29,30,29,30
1680679551870384462,29,30,29,30
1680679551872135509,29,30,29,30
1680679551873833747,29,30,29,30
1680679551875521795,29,30,29,30
1680679551877224021,29,30,29,30
1680679551878940464,29,30,29,30
1680679551880625552,29,30,29,30
1680679551882325143,29,30,29,30
1680679551884034101,29,30,29,30
1680679551885734398,29,30,29,30
1680679551887485399,29,30,29,30
1680679551889190688,29,30,29,30
1680679551890880937,29,30,29,30
1680679551892612316,29,30,29,30
1680679551894313962,29,30,29,30
1680679551895996228,29,30,29,30
1680679551897683464,29,30,29,30
1680679551899371107,29,30,29,30
1680679551901056676,29,30,29,30
1680679551902746586,29,30,29,30
1680679551904452769,29,30,29,30
1680679551906280433,29,30,29,30
1680679551908429811,29,30,29,30
1680679551910139148,29,30,29,30
1680679551911876327,29,30,29,30
1680679551913571707,29,30,29,30
1680679551915402506,29,30,29,30
1680679551917090229,29,30,29,30
1680679551918775045,29,30,29,30
1680679551920468894,29,30,29,30
1680679551922357992,29,30,29,30
1680679551924100936,29,30,29,30
1680679551925797545,29,30,29,30
1680679551927697469,29,30,29,30
1680679551929521785,29,30,29,30
1680679551931210336,29,30,29,30
1680679551933002046,29,30,29,30
1680679551934750669,29,30,29,30
1680679551936437532,29,30,30,30
1680679551938142323,29,30,30,30
1680679551939838131,29,30,30,30
1680679551941534002,29,30,30,30
1680679551943231587,29,30,30,30
1680679551944922178,29,30,30,30
1680679551946623015,29,30,30,30
1680679551948317705,29,30,30,30
1680679551950069228,29,30,30,30
1680679551951864796,29,30,30,30
1680679551953554207,29,30,30,30
1680679551955240215,29,30,30,30
1680679551956916786,29,30,30,30
1680679551958600240,29,30,30,30
1680679551960289197,29,30,30,30
1680679551961989591,29,30,30,30
1680679551963768475,29,30,30,30
1680679551965463003,29,30,30,30
1680679551967199579,29,30,30,30
1680679551968901245,29,30,30,30
1680679551970600239,29,30,30,30
1680679551972294237,29,30,30,30
1680679551973991314,29,30,30,30
1680679551975677060,29,30,30,30
1680679551977358901,29,30,30,30
1680679551979041301,29,30,30,30
1680679551980728305,29,30,30,30
1680679551982417165,29,30,30,30
1680679551984160941,29,30,30,30
1680679551985855413,29,30,30,30
1680679551987770650,29,30,30,30
1680679551989726519,29,30,30,30
1680679551991622372,29,30,30,30
1680679551993488625,29,30,30,30
1680679551995382203,29,30,30,30
1680679551997268219,29,30,30,30
1680679551999139881,29,30,30,30
1680679552001655280,29,30,30,30
1680679552003560559,29,30,30,30
1680679552005416522,29,30,30,30
1680679552007290581,29,30,30,30
1680679552009343040,29,30,30,30
1680679552011334294,29,30,30,30
1680679552013213296,29,30,30,30
1680679552015121154,29,30,30,30
1680679552017778337,29,30,30,30
1680679552019667606,29,30,30,30
1680679552021571314,29,30,30,30
1680679552023528040,29,30,30,30
1680679552025440367,29,30,30,30
1680679552027345418,29,30,30,30
1680679552029285854,29,30,30,30
1680679552031166319,29,30,30,30
1680679552033692607,29,30,30,30
1680679552035557694,29,30,30,30
1680679552037421368,29,30,30,30
1680679552039268476,29,30,30,30
1680679552041159346,29,30,30,30
1680679552043036702,29,30,30,30
1680679552044917295,29,30,30,30
1680679552046852989,29,30,30,30
1680679552049543315,29,30,30,30
1680679552052546281,29,30,30,30
1680679552055114413,29,30,30,30
1680679552057418097,29,30,30,30
1680679552130347857,29,30,30,29
1680679552197283049,29,30,30,29
1680679552200010265,29,30,30,29
1680679552201916931,29,30,30,29
1680679552203829827,29,30,30,29
1680679552205747209,29,30,30,29
1680679552207626629,29,30,30,29
1680679552209949267,29,30,30,29
1680679552212553957,29,30,30,29
1680679552214501298,29,30,30,29
1680679552216476637,29,30,30,29
1680679552218385846,29,30,30,29
1680679552262461054,29,30,30,29
1680679552264279054,29,30,30,29
1680679552266204254,29,30,30,29
1680679552268006546,29,30,30,29
1680679552269903796,29,30,30,29
1680679552271709072,29,30,30,29
1680679552273410077,29,30,30,29
1680679552275064011,29,30,30,29
1680679552276709343,29,30,30,29
1680679552278357090,30,30,30,29
1680679552279991775,30,30,30,29
1680679552281629685,30,30,30,29
1680679552283317663,30,30,30,29
1680679552284999717,30,30,30,29
1680679552286742848,30,30,30,29
1680679552288450251,30,30,30,29
1680679552290221091,30,30,30,29
1680679552291911094,30,30,30,29
1680679552293652011,30,30,30,29
1680679552295362680,30,30,30,29
1680679552297076758,30,30,30,29
1680679552298790821,30,30,30,29
1680679552300506507,30,30,30,29
1680679552302227648,30,30,30,29
1680679552303947907,30,30,30,29
1680679552305647312,30,30,30,29
1680679552307328756,30,30,30,29
1680679552309060122,30,30,30,29
1680679552310804290,30,30,30,29
1680679552312491121,30,30,30,29
1680679552314187707,30,30,30,29
1680679552315880037,30,30,30,29
1680679552317570721,30,30,30,29
1680679552319258103,30,30,30,29
1680679552320943006,30,30,30,29
1680679552322629586,30,30,30,29
1680679552324314539,30,30,30,29
1680679552326031562,30,30,30,29
1680679552327728551,30,30,30,29
1680679552329424313,30,30,30,29
1680679552331110482,30,30,30,29
1680679552332806384,30,30,30,29
1680679552334556965,30,30,30,29
1680679552336279996,30,30,30,29
1680679552337980227,30,30,30,29
1680679552339666973,30,30,30,29
1680679552341352535,30,30,30,29
1680679552343044623,30,30,30,29
1680679552344727418,30,30,30,29
1680679552346508017,30,30,30,29
1680679552348291828,30,30,30,29
1680679552350065297,30,30,30,29
1680679552351758669,30,30,30,29
1680679552353470145,30,30,30,29
1680679552355154045,30,30,30,29
1680679552356843937,30,30,30,29
1680679552358532288,30,30,30,29
1680679552360214983,30,30,30,29
1680679552361908240,30,30,30,29
1680679552363605990,30,30,30,29
1680679552365286927,30,30,30,29
1680679552367028787,30,30,30,29
1680679552368720545,30,30,30,29
1680679552370528652,30,30,30,29
1680679552372211561,30,30,30,29
1680679552373950838,30,30,30,29
1680679552375634639,30,30,30,29
1680679552377319949,30,30,30,29
1680679552379007872,30,30,30,29
1680679552380698657,30,30,30,29
1680679552382393754,30,30,30,29
1680679552384087132,30,30,30,29
1680679552385773109,30,30,30,29
1680679552387466030,30,30,30,29
1680679552389183503,30,30,30,29
1680679552390975948,30,30,30,29
1680679552392669163,30,30,30,29
1680679552394356822,30,30,30,29
1680679552396037507,30,30,30,29
1680679552397737997,30,30,30,29
1680679552399422475,30,30,30,29
1680679552401110045,30,30,30,29
1680679552402792299,30,30,30,29
1680679552404486795,30,30,30,29
1680679552406191997,30,30,30,29
1680679552407887272,30,30,30,29
1680679552409586478,30,30,30,29
1680679552411276518,30,30,30,29
1680679552412996695,30,30,30,29
1680679552414685623,30,30,30,29
1680679552416382083,30,30,30,29
1680679552418084771,30,30,30,29
1680679552419778765,30,30,30,29
1680679552421466816,30,30,30,29
1680679552423167258,30,30,30,29
1680679552424858915,30,30,30,29
1680679552426549595,30,30,30,29
1680679552428249833,30,30,30,29
1680679552430022621,30,30,30,29
1680679552431795407,30,30,30,29
1680679552433504346,30,30,30,29
1680679552435187636,30,30,30,29
1680679552436875989,30,30,30,29
1680679552438619681,30,30,30,29
1680679552440313509,30,30,30,29
1680679552442005921,30,30,30,29
1680679552443699355,30,30,30,29
1680679552445386832,29,30,30,29
1680679552447123268,29,30,30,29
1680679552448867223,29,30,30,29
1680679552450627148,29,30,30,29
1680679552452329626,29,30,30,29
1680679552454070675,29,30,30,29
1680679552455759837,29,30,30,29
1680679552457440356,29,30,30,29
1680679552459122933,29,30,30,29
1680679552460814111,29,30,30,29
1680679552462499213,29,30,30,29
1680679552464193488,29,30,30,29
1680679552465885467,29,30,30,29
1680679552467585370,29,30,30,29
1680679552469350044,29,30,30,29
1680679552471094649,29,30,30,29
1680679552472790219,29,30,30,29
1680679552474486727,29,30,30,29
1680679552476172663,29,30,30,29
1680679552477872257,29,30,30,29
1680679552479575858,29,30,30,29
1680679552481263200,29,30,30,29
1680679552482945410,29,30,30,29
1680679552484630793,29,30,30,29
1680679552486343770,29,30,30,29
1680679552488031367,29,30,30,29
1680679552489746279,29,30,30,29
1680679552491434145,29,30,30,29
1680679552493150710,29,30,30,29
1680679552494912341,29,30,30,29
1680679552496606215,29,30,30,29
1680679552498309195,29,30,30,29
1680679552499995564,29,30,30,29
1680679552501686032,29,30,30,29
1680679552503368652,29,30,30,29
1680679552505049458,29,30,30,29
1680679552506857797,29,30,30,29
1680679552508544846,29,30,30,29
1680679552510284172,29,30,30,29
1680679552511975209,29,30,30,29
1680679552513731874,29,30,30,29
1680679552515409769,29,30,30,29
1680679552517091597,29,30,30,29
1680679552518772850,29,30,30,29
1680679552520435336,29,30,30,29
1680679552522118184,29,30,30,29
1680679552523795614,29,30,30,29
1680679552525464711,29,30,30,29
1680679552527148877,29,30,30,29
1680679552528830649,29,30,30,29
1680679552530596488,29,30,30,29
1680679552532306661,29,30,30,29
1680679552534042698,29,30,30,29
1680679552535761247,29,30,30,29
1680679552537477626,29,30,30,29
1680679552539210764,29,30,30,29
1680679552540925375,29,30,30,29
1680679552542614302,29,30,30,29
1680679552544379388,29,30,30,29
1680679552546084025,29,30,30,29
1680679552547772406,29,30,30,29
1680679552549477086,29,30,30,29
1680679552551215376,29,30,30,29
1680679552552896453,29,30,30,29
1680679552554628696,29,30,30,29
1680679552556319919,29,30,30,29
1680679552558013776,29,30,30,29
1680679552559707845,29,30,30,29
1680679552561391209,29,30,30,29
1680679552563074522,29,30,30,29
1680679552564727987,29,30,30,29
1680679552566448361,29,30,30,29
1680679552568140760,29,30,30,29
1680679552569930486,29,30,30,29
1680679552571632675,29,30,30,29
1680679552573389129,29,30,30,29
1680679552575071383,29,30,30,29
1680679552576727305,29,30,30,29
1680679552578414489,29,30,30,29
1680679552580112657,29,30,30,29
1680679552581810640,29,30,30,29
1680679552583508160,29,30,30,29
1680679552585217559,29,30,30,29
1680679552587308921,29,30,30,29
1680679552589233184,29,30,30,29
1680679552591157115,29,30,30,29
1680679552593061233,29,30,30,29
1680679552594973895,29,30,30,29
1680679552596866970,29,30,30,29
1680679552598476805,29,30,30,29
1680679552600086689,29,30,30,29
1680679552601701721,29,30,30,29
1680679552603310766,29,30,30,29
1680679552604921373,29,30,30,29
1680679552606556764,29,30,30,29
1680679552608210553,29,30,30,29
1680679552609927117,29,30,30,29
1680679552611611050,29,30,30,29
1680679552613292636,29,30,30,29
1680679552614968350,29,30,30,29
1680679552616653467,29,30,30,29
1680679552618345927,29,30,30,29
1680679552620039982,29,30,30,29
1680679552621720975,29,30,30,29
1680679552623404638,29,30,30,29
1680679552625084475,29,30,30,29
1680679552626782080,29,30,30,29
1680679552628470308,29,30,30,29
1680679552630237097,29,30,30,29
1680679552631928256,29,30,30,29
1680679552633704679,29,30,30,29
1680679552635709498,29,30,30,29
1680679552637357027,29,30,30,29
1680679552639041333,29,30,30,29
1680679552640663287,29,30,30,29
1680679552642291837,29,30,30,29
1680679552643921456,29,30,30,29
1680679552645552017,29,30,30,29
1680679552647222771,29,30,30,29
1680679552648845809,29,30,30,29
1680679552650595963,29,30,30,29
1680679552652214605,29,30,30,29
1680679552653854962,29,30,30,29
1680679552655475882,29,30,30,29
1680679552657089519,29,30,30,29
1680679552658721132,29,30,30,29
1680679552660345965,29,30,30,29
1680679552661976264,29,30,30,29
1680679552663599391,29,30,30,29
1680679552665220740,29,30,30,29
1680679552666859310,29,30,30,29
1680679552668493074,29,30,30,29
1680679552670249759,29,30,30,29
1680679552671881158,29,30,30,29
1680679552673526230,29,30,30,29
1680679552675161029,29,30,30,29
1680679552676788846,29,30,30,29
1680679552678413157,29,30,30,29
1680679552680035761,29,30,30,29
1680679552681658106,29,30,30,29
1680679552683281909,29,30,30,29
1680679552684907581,29,30,30,29
1680679552686639186,29,30,30,29
1680679552688266733,29,30,30,29
1680679552689923977,29,30,30,29
1680679552691568658,29,30,30,29
1680679552693189616,29,30,30,29
1680679552694871253,29,30,30,29
1680679552696493708,29,30,30,29
1680679552698163487,29,30,30,29
1680679552699790136,29,30,30,29
1680679552701415369,29,30,30,29
1680679552703036662,29,30,30,29
1680679552704658438,29,30,30,29
1680679552706286132,29,30,30,29
1680679552707934704,29,30,30,29
1680679552709569272,29,30,30,29
1680679552711226815,29,30,30,29
1680679552712842601,29,30,30,29
1680679552714526108,29,30,30,29
1680679552716143513,29,30,30,29
1680679552717763888,29,30,30,29
1680679552719385630,29,30,30,29
1680679552721007225,29,30,30,29
1680679552722629259,29,30,30,29
1680679552724250423,29,30,30,29
1680679552725870995,29,30,30,29
1680679552727516140,29,30,30,29
1680679552729143099,29,30,30,29
1680679552730848783,29,30,30,29
1680679552732480441,29,30,30,29
1680679552734137368,29,30,30,29
1680679552735756550,29,30,30,29
1680679552737377460,29,30,30,29
1680679552739258074,29,30,30,29
1680679552740882152,29,30,30,29
1680679552742507762,29,30,30,29
1680679552744128160,29,30,30,29
1680679552745752686,29,30,30,29
1680679552747433935,29,30,30,29
1680679552749055770,29,30,30,29
1680679552750707711,29,30,30,29
1680679552752326007,29,30,30,29
1680679552753964859,29,30,30,29
1680679552755583222,29,30,30,29
1680679552757202459,29,30,30,29
1680679552758822297,29,30,30,29
1680679552760485319,29,30,30,29
1680679552762109496,29,30,30,29
1680679552763734018,29,30,30,29
1680679552765387930,29,30,30,29
1680679552767035298,29,30,30,29
1680679552768658808,29,30,30,29
1680679552770326057,29,30,30,29
1680679552771976832,29,30,30,29
1680679552773596820,29,30,30,29
1680679552775220267,29,30,30,29
1680679552776848622,29,30,30,29
1680679552778474697,29,30,30,29
1680679552780091057,29,30,30,29
1680679552781724519,29,30,30,29
1680679552783349729,29,30,30,29
1680679552784968058,29,30,30,29
1680679552786591876,29,30,30,29
1680679552788236470,29,30,30,29
1680679552789987818,29,30,30,29
1680679552791674663,29,30,30,29
1680679552793295099,29,30,30,29
1680679552794938340,29,30,30,29
1680679552796577132,29,30,30,29
1680679552798240084,29,30,30,29
1680679552799863408,29,30,30,29
1680679552801479628,29,30,30,29
1680679552803096488,29,30,30,29
1680679552804721281,29,30,30,29
1680679552806341014,29,30,30,29
1680679552808021283,29,30,30,29
1680679552809645134,29,30,30,29
1680679552811369031,29,30,30,29
1680679552812995734,29,30,30,29
1680679552814648031,29,30,30,29
1680679552816273856,29,30,30,29
1680679552817893745,29,30,30,29
1680679552819596743,29,30,30,29
1680679552821214902,29,30,30,29
1680679552822833100,29,30,30,29
1680679552824448128,29,30,30,29
1680679552826070183,29,30,30,29
1680679552827715113,29,30,30,29
1680679552829361074,29,30,30,29
1680679552831142591,29,30,30,29
1680679552832727013,29,30,30,29
1680679552834359411,29,30,30,29
1680679552835982980,29,30,30,29
1680679552837604253,29,30,30,29
1680679552839275464,29,30,30,29
1680679552840904381,29,30,30,29
1680679552842530622,29,30,30,29
1680679552844157313,29,30,30,29
1680679552845791284,29,30,30,29
1680679552847518055,29,30,30,29
1680679552849149979,29,30,30,29
1680679552850847969,29,30,30,29
1680679552852467351,29,30,30,29
1680679552854157177,29,30,30,29
1680679552855778843,29,30,30,29
1680679552857401534,29,30,30,29
1680679552859023862,29,30,30,29
1680679552860680222,29,30,30,29
1680679552862307614,29,30,30,29
1680679552863930865,29,30,30,29
1680679552865557200,29,30,30,29
1680679552867197915,29,30,30,29
1680679552868823797,29,30,30,29
1680679552870460465,29,30,30,29
1680679552872223022,29,30,30,29
1680679552873932868,29,30,30,29
1680679552875552741,29,30,30,29
1680679552877174793,29,30,30,29
1680679552878805467,29,30,30,29
1680679552880425716,29,30,30,29
1680679552882061423,29,30,30,29
1680679552883684883,29,30,30,29
1680679552885302726,29,30,30,29
1680679552886921808,29,30,30,29
1680679552888543466,29,30,30,29
1680679552890198093,29,30,30,29
1680679552891864976,29,30,30,29
1680679552893492583,29,30,30,29
1680679552895137508,29,30,30,29
1680679552896726926,29,30,30,29
1680679552898350149,29,30,30,29
1680679552899971613,29,30,30,29
1680679552901590503,29,30,30,29
1680679552903212173,29,30,30,29
1680679552904827825,29,30,30,29
1680679552906446147,29,30,30,29
1680679552908086118,29,30,30,29
1680679552909708684,29,30,30,29
1680679552911413620,29,30,30,29
1680679552913039271,29,30,30,29
1680679552914781582,29,30,30,29
1680679552916404557,29,30,30,29
1680679552918032738,29,30,30,29
1680679552919655565,29,30,30,29
1680679552921274039,29,30,30,29
1680679552922888341,29,30,30,29
1680679552924509907,29,30,30,29
1680679552926142814,29,30,30,29
1680679552927812627,29,30,30,29
1680679552929430750,29,30,30,29
1680679552931098256,29,30,30,29
1680679552932722596,29,30,30,29
1680679552934384239,29,30,30,29
1680679552936002061,29,30,30,29
1680679552937621079,29,30,30,29
1680679552939241532,29,30,29,29
1680679552940864536,29,30,29,29
1680679552942485993,29,30,29,29
1680679552944107416,29,30,29,29
1680679552945730659,29,30,29,29
1680679552947362945,29,30,29,29
1680679552948982954,29,30,29,29
1680679552950619906,29,30,29,29
1680679552952272580,29,30,29,29
1680679552953908242,29,30,29,29
1680679552955553679,29,30,29,29
1680679552957181613,29,30,29,29
1680679552958803433,29,30,29,29
1680679552960421688,29,30,29,29
1680679552962045326,29,30,29,29
1680679552963665398,29,30,29,29
1680679552965318700,29,30,29,29
1680679552966950213,29,30,29,29
1680679552968574330,29,30,29,29
1680679552970198467,29,30,29,29
1680679552971895350,29,30,29,29
1680679552973516990,29,30,29,29
1680679552975199149,29,30,29,29
1680679552976821721,29,30,29,29
1680679552978447778,29,30,29,29
1680679552980071027,29,30,29,29
1680679552981693982,29,30,29,29
1680679552983319254,29,30,29,29
1680679552984942807,29,30,29,29
1680679552986571425,29,30,29,29
1680679552988208643,29,30,29,29
1680679552989844891,29,30,29,29
1680679552991546029,29,30,29,29
1680679552993168016,29,30,29,29
1680679552994848407,29,30,29,29
1680679552996472850,29,30,29,29
1680679552998100740,29,30,29,29
1680679552999726182,29,30,29,29
1680679553001341151,29,30,29,29
1680679553002963118,29,30,29,29
1680679553004578934,29,30,29,29
1680679553006202076,29,30,29,29
1680679553007829620,29,30,29,29
1680679553009450787,29,30,29,29
1680679553011167125,29,30,29,29
1680679553012788238,29,30,29,29
1680679553014419663,29,30,29,29
1680679553016043659,29,30,29,29
1680679553017666225,29,30,29,29
1680679553019297954,29,30,29,29
1680679553020925772,29,30,29,29
1680679553022547019,29,29,29,29
1680679553024170232,29,29,29,29
1680679553025800748,29,29,29,29
1680679553027466630,29,29,29,29
1680679553029094770,29,29,29,29
1680679553030744736,29,29,29,29
1680679553032361608,29,29,29,29
1680679553033988406,29,29,29,29
1680679553035753339,29,29,29,29
1680679553037366729,29,29,29,29
1680679553038988200,29,29,29,29
1680679553040609927,29,29,29,29
1680679553042234766,29,29,29,29
1680679553043849457,29,29,29,29
1680679553045471353,29,29,29,29
1680679553047095745,29,29,29,29
1680679553048723961,29,29,29,29
1680679553050349428,29,29,29,29
1680679553051994506,29,29,29,29
1680679553053617286,29,29,29,29
1680679553055297708,29,29,29,29
1680679553056927438,29,29,29,29
1680679553058546584,29,29,29,29
1680679553060171170,29,29,29,29
1680679553061801081,29,29,29,29
1680679553063423320,29,29,29,29
1680679553065046520,29,29,29,29
1680679553066672892,29,29,29,29
1680679553068313973,29,29,29,29
1680679553069941470,29,29,29,29
1680679553071680151,29,29,29,29
1680679553073303358,29,29,29,29
1680679553074985214,29,29,29,29
1680679553076607382,29,29,29,29
1680679553078232904,29,29,29,29
1680679553079851477,29,29,29,29
1680679553081468411,29,29,29,29
1680679553083088793,29,29,29,29
1680679553084712898,29,29,29,29
1680679553086346588,29,29,29,29
1680679553088015586,29,29,29,29
1680679553089635448,29,29,29,29
1680679553091331467,29,29,29,29
1680679553092948792,29,29,29,29
1680679553094586149,29,29,29,29
1680679553096209403,29,29,29,29
1680679553097834483,29,29,29,29
1680679553099455967,29,29,29,29
1680679553101081712,29,29,29,29
1680679553102704921,29,29,29,29
1680679553104333000,29,29,29,29
1680679553105953873,29,29,29,29
1680679553107670695,29,29,29,29
1680679553109291980,29,29,29,29
1680679553110934339,29,29,29,29
1680679553112697981,29,29,29,29
1680679553114321862,29,29,29,29
1680679553115957243,29,29,29,29
1680679553117578391,29,29,29,29
1680679553119209058,29,29,29,29
1680679553120833625,29,29,29,29
1680679553122459767,29,29,29,29
1680679553124086309,29,29,29,29
1680679553125704970,29,29,29,29
1680679553127331306,29,29,29,29
1680679553128978536,29,29,29,29
1680679553130609587,29,29,29,29
1680679553132278999,29,29,29,29
1680679553133909073,29,29,29,29
1680679553135554697,29,29,29,29
1680679553137178333,29,29,29,29
1680679553138803637,29,29,29,29
1680679553140417992,29,29,29,29
1680679553142047110,29,29,29,29
1680679553143658158,29,29,29,29
1680679553145277198,29,29,29,29
1680679553146901115,29,29,29,29
1680679553148578458,29,29,29,29
1680679553150207793,29,29,29,29
1680679553151868346,29,29,29,29
1680679553153491170,29,29,29,29
1680679553155187900,29,29,29,29
1680679553156806739,29,29,29,29
1680679553158428870,29,29,29,29
1680679553160056041,29,29,29,29
1680679553161678607,29,29,29,29
1680679553163311485,29,29,29,29
1680679553164928636,29,29,29,29
1680679553166548349,29,29,29,29
1680679553168188200,29,29,29,29
1680679553169817323,29,29,29,29
1680679553171574751,29,29,29,29
1680679553173201156,29,29,29,29
1680679553174830797,29,29,29,29
1680679553176452937,29,29,29,29
1680679553178084514,29,29,29,29
1680679553179699269,29,29,29,29
1680679553181320573,29,29,29,29
1680679553182946271,29,29,29,29
1680679553184572697,29,29,29,29
1680679553186199176,29,29,29,29
1680679553187849715,29,29,29,29
1680679553189476819,29,29,29,29
1680679553191196056,29,29,29,29
1680679553192820520,29,29,29,29
1680679553194448250,29,29,29,29
1680679553196076511,29,29,29,29
1680679553197699023,29,29,29,29
1680679553199326808,29,29,29,29
1680679553200957564,29,29,29,29
1680679553202580791,29,29,29,29
1680679553204203269,29,29,29,29
1680679553205827352,29,29,29,29
1680679553207448139,29,29,29,29
1680679553209110684,29,29,29,29
1680679553210733384,29,29,29,29
1680679553212374358,29,29,29,29
1680679553214000081,29,29,29,29
1680679553215678251,29,29,29,29
1680679553217307648,29,29,29,29
1680679553218929097,29,29,29,29
1680679553220595223,29,29,29,29
1680679553222224616,29,29,29,29
1680679553223906673,29,29,29,29
1680679553225850803,29,29,29,29
1680679553227482673,29,29,29,29
1680679553229154032,29,29,29,29
1680679553230781039,29,29,29,29
1680679553232583055,29,29,29,29
1680679553234213146,29,29,29,29
1680679553235848775,29,29,29,29
1680679553237469599,29,29,29,29
1680679553239321166,29,29,29,29
1680679553240955885,29,29,29,29
1680679553242579859,29,29,29,29
1680679553244197917,29,29,29,29
1680679553245956955,29,29,29,29
1680679553247587564,29,29,29,29
1680679553249252328,29,29,29,29
1680679553250876794,29,29,29,29
1680679553252636671,29,29,29,29
1680679553254265714,29,29,29,29
1680679553255914441,29,29,29,29
1680679553257538124,29,29,29,29
1680679553259160891,29,29,29,29
1680679553260782840,29,29,29,29
1680679553262402698,29,29,29,29
1680679553264023886,29,29,29,29
1680679553265652536,29,29,29,29
1680679553267278121,29,29,29,29
1680679553268929822,29,29,29,29
1680679553270559361,29,29,29,29
1680679553272267711,29,29,29,29
1680679553273893723,29,29,29,29
1680679553275542258,29,29,29,29
1680679553277162330,29,29,29,29
1680679553278785260,29,29,29,29
1680679553280407185,29,29,29,29
1680679553282037297,29,29,29,29
1680679553283661814,29,29,29,29
1680679553285287176,29,29,29,29
1680679553286908872,29,29,29,29
1680679553288549642,29,29,29,29
1680679553290177896,29,29,29,29
1680679553291849554,29,29,29,29
1680679553293473789,29,29,29,29
1680679553295129961,29,29,29,29
1680679553296723217,29,29,29,29
1680679553298348633,29,29,29,29
1680679553299974850,29,29,29,29
1680679553301608614,29,29,29,29
1680679553303268100,29,29,29,29
1680679553305035091,29,29,29,29
1680679553306863358,29,29,29,29
1680679553308688296,29,29,29,29
1680679553310529549,29,29,29,29
1680679553312431567,29,29,29,29
1680679553314261097,29,29,29,29
1680679553316078860,29,29,29,29
1680679553317864481,29,29,29,29
1680679553319698170,29,29,29,29
1680679553321524541,29,29,29,29
1680679553323338466,29,29,29,29
1680679553325170289,29,29,29,29
1680679553327017408,29,29,29,29
1680679553328872593,29,29,29,29
1680679553330667804,29,29,29,29
1680679553332620785,29,29,29,29
1680679553335128079,29,29,29,29
1680679553336973451,29,29,29,29
1680679553338805812,29,29,29,29
1680679553340688653,29,29,29,29
1680679553342521621,29,29,29,29
1680679553344351872,29,29,29,29
1680679553346181358,29,29,29,29
1680679553348022491,29,29,29,29
1680679553350375475,29,29,29,29
1680679553352352621,29,29,29,29
1680679553354170186,29,29,29,29
1680679553356071478,29,29,29,29
1680679553357910917,29,29,29,29
1680679553359748393,29,29,29,29
1680679553361571905,29,29,29,29
1680679553363405616,29,29,29,29
1680679553365767380,29,29,29,29
1680679553368666552,29,29,29,29
1680679553371069040,29,29,29,29
1680679553373219478,29,29,29,29
1680679553441179768,29,29,29,29
1680679553506754029,29,29,29,29
1680679553509147953,29,29,29,29
1680679553510775289,29,29,29,29
1680679553512431636,29,29,29,29
1680679553514072820,29,29,29,29
1680679553515725358,29,29,29,29
1680679553517388782,29,29,29,29
1680679553519009525,29,29,29,29
1680679553520628636,29,29,29,29
1680679553522252101,29,29,29,29
1680679553523871714,29,29,29,29
1680679553525493986,29,30,29,29
1680679553527120209,29,30,29,29
1680679553528802228,29,30,29,29
1680679553530467647,29,30,29,29
1680679553532090373,29,30,29,29
1680679553533769468,29,30,29,29
1680679553535395898,29,30,29,29
1680679553537077955,29,30,29,29
1680679553538707340,29,30,29,29
1680679553540335429,29,30,29,29
1680679553541967064,29,30,29,29
1680679553543589988,29,30,29,29
1680679553545213559,29,30,29,29
1680679553546835943,29,30,29,29
1680679553548452992,29,30,29,29
1680679553550121264,29,30,29,29
1680679553551742647,29,30,29,29
1680679553553463235,29,30,29,29
1680679553555085380,29,30,29,29
1680679553556727941,29,30,29,29
1680679553558349323,29,30,29,29
1680679553559969904,29,30,29,29
1680679553561599128,29,30,29,29
1680679553563223948,29,30,29,29
1680679553564846057,29,30,29,29
1680679553566469024,29,30,29,29
1680679553568094302,29,30,29,29
1680679553569738604,29,30,29,29
1680679553571356888,29,30,29,29
1680679553573124247,29,30,29,29
1680679553574747204,29,30,29,29
1680679553576424718,29,30,29,29
1680679553578061090,29,30,29,29
1680679553579711437,29,30,29,29
1680679553581331089,29,30,29,29
1680679553582948403,29,30,29,29
1680679553584572556,29,30,29,29
1680679553586196615,29,30,29,29
1680679553587814581,29,30,29,29
1680679553589449317,29,30,29,29
1680679553591074718,29,30,29,29
1680679553592711347,29,30,29,29
1680679553594377382,29,30,29,29
1680679553596027267,29,30,29,29
1680679553597647779,29,30,29,29
1680679553599267476,29,30,29,29
1680679553600886003,29,30,29,29
1680679553602511410,29,30,29,29
1680679553604134744,29,30,29,29
1680679553605756097,29,30,29,29
1680679553607380389,29,30,29,29
1680679553609012652,29,30,29,29
1680679553610640488,29,30,29,29
1680679553612258534,29,30,29,29
1680679553613913289,29,30,29,29
1680679553615531747,29,30,29,29
1680679553617180803,29,30,29,29
1680679553618797091,29,30,29,29
1680679553620420530,29,30,29,29
1680679553622046082,29,30,29,29
1680679553623661952,29,30,29,29
1680679553625277889,29,30,29,29
1680679553626904505,29,30,29,29
1680679553628518025,29,30,29,29
1680679553630253579,29,30,29,29
1680679553631878510,29,30,29,29
1680679553633585469,29,30,29,29
1680679553635211664,29,30,29,29
1680679553636860712,29,30,29,29
1680679553638484524,29,30,29,29
1680679553640108924,29,30,29,29
1680679553641734116,29,30,29,29
1680679553643360365,29,30,29,29
1680679553644983800,29,30,29,29
1680679553646610056,29,30,29,29
1680679553648231100,29,30,29,29
1680679553649913445,29,30,29,29
1680679553651528968,29,30,29,29
1680679553653203514,29,30,29,29
1680679553654828125,29,30,29,29
1680679553656504286,29,30,29,29
1680679553658132038,29,30,29,29
1680679553659756205,29,30,29,29
1680679553661380715,29,30,29,29
1680679553663002677,29,30,29,29
1680679553664625688,29,30,29,29
1680679553666257170,29,30,29,29
1680679553667878544,29,30,29,29
1680679553669528094,29,30,29,29
1680679553671153737,29,30,29,29
1680679553672907118,29,30,29,29
1680679553674536613,29,30,29,29
1680679553676189832,29,30,29,29
1680679553677824354,29,30,29,29
1680679553679458655,29,30,29,29
1680679553681079861,29,30,29,29
1680679553682705343,29,30,29,29
1680679553684319595,29,30,29,29
1680679553685952007,29,30,29,29
1680679553687577566,29,30,29,29
1680679553689226764,29,30,29,29
1680679553690847870,29,30,29,29
1680679553692470179,29,29,29,29
1680679553694175386,29,29,29,29
1680679553695905835,29,29,29,29
1680679553697530210,29,29,29,29
1680679553699154114,29,29,29,29
1680679553700773628,29,29,29,29
1680679553702405710,29,29,29,29
1680679553704023754,29,29,29,29
1680679553705647023,29,29,29,29
1680679553707269557,29,29,29,29
1680679553708892258,29,29,29,29
1680679553710515199,29,29,29,29
1680679553712137913,29,29,29,29
1680679553713844304,29,29,29,29
1680679553715475571,29,29,29,29
1680679553717139972,29,29,29,29
1680679553718762401,29,29,29,29
1680679553720383066,29,29,29,29
1680679553722003305,29,29,29,29
1680679553723619591,29,29,29,29
1680679553725243116,29,29,29,29
1680679553726862638,29,29,29,29
1680679553728483606,29,29,29,29
1680679553730155958,29,29,29,29
1680679553731776340,29,29,29,29
1680679553733515291,29,29,29,29
1680679553735146183,29,29,29,29
1680679553736786869,29,29,29,29
1680679553738410808,29,29,29,29
1680679553740031083,29,29,29,29
1680679553741654886,29,29,29,29
1680679553743273845,29,29,29,29
1680679553744892732,29,29,29,29
1680679553746513466,29,29,29,29
1680679553748135655,29,29,29,29
1680679553749776593,29,29,29,29
1680679553751402347,29,29,29,29
1680679553753036695,29,29,29,29
1680679553754728871,29,29,29,29
1680679553756433425,29,29,29,29
1680679553758067091,29,29,29,29
1680679553759685683,29,29,29,29
1680679553761304166,29,29,29,29
1680679553762927428,29,29,29,29
1680679553764554173,29,29,29,29
1680679553766183528,29,29,29,29
1680679553767809250,29,29,29,29
1680679553769540858,29,29,29,29
1680679553771167382,29,29,29,29
1680679553772893615,29,29,29,29
1680679553774530647,29,29,29,29
1680679553776181100,29,29,29,29
1680679553777800768,29,29,29,29
1680679553779423279,29,29,29,29
1680679553781042098,29,29,29,29
1680679553782663275,29,29,29,29
1680679553784279810,29,29,29,29
1680679553785909233,29,29,29,29
1680679553787539586,29,29,29,29
1680679553789167864,29,29,29,29
1680679553790789093,29,29,29,29
1680679553792409500,29,29,29,29
1680679553794197801,29,29,29,29
1680679553795817426,29,29,29,29
1680679553797439131,29,29,29,29
1680679553799058673,29,29,29,29
1680679553800680713,29,29,29,29
1680679553802305220,29,29,29,29
1680679553803929067,29,29,29,29
1680679553805549395,29,29,29,29
1680679553807168263,29,29,29,29
1680679553808786137,29,29,29,29
1680679553810431426,29,29,29,29
1680679553812057548,29,29,29,29
1680679553813767536,29,29,29,29
1680679553815450902,29,29,29,29
1680679553817150412,29,29,29,29
1680679553818775573,29,29,29,29
1680679553820397298,29,29,29,29
1680679553822018614,29,29,29,29
1680679553823638448,29,29,29,29
1680679553825257371,29,29,29,29
1680679553826882263,29,29,29,29
1680679553828500848,29,29,29,29
1680679553830197553,29,29,29,29
1680679553831816130,29,29,29,29
1680679553833466633,29,29,29,29
1680679553835088428,29,29,29,29
1680679553836728924,29,29,29,29
1680679553838348850,29,29,29,29
1680679553839967125,29,29,29,29
1680679553841610093,29,29,29,29
1680679553843231338,29,29,29,29
1680679553844852475,29,29,29,29
1680679553846475150,29,29,29,29
1680679553848097983,29,29,29,29
1680679553849731027,29,29,29,29
1680679553851352645,29,29,29,29
1680679553853066580,29,29,29,29
1680679553854729519,29,29,29,29
1680679553856373483,29,29,29,29
1680679553857987065,29,29,29,29
1680679553859613020,29,29,29,29
1680679553861229377,29,29,29,29
1680679553862847991,29,29,29,29
1680679553864470621,29,29,29,29
1680679553866094248,29,29,29,29
1680679553867714020,29,29,29,29
1680679553869341235,29,29,29,29
1680679553870962819,29,29,29,29
1680679553872577408,29,29,29,29
1680679553874270709,29,29,29,29
1680679553875896287,29,29,29,29
1680679553877597139,29,29,29,29
1680679553879220081,29,29,29,29
1680679553880847983,29,29,29,29
1680679553882465149,29,29,29,29
1680679553884088416,29,29,29,29
1680679553885711332,29,29,29,29
1680679553887333706,29,29,29,29
1680679553888947849,29,29,29,29
1680679553890629719,29,29,29,29
1680679553892248780,29,29,29,29
1680679553894043860,29,29,29,29
1680679553895666588,29,29,29,29
1680679553897315714,29,29,29,29
1680679553898941022,29,29,29,29
1680679553900559479,29,29,29,29
1680679553902178172,29,29,29,29
1680679553903798532,29,29,29,29
1680679553905426876,29,29,29,29
1680679553907050018,29,29,29,29
1680679553908671683,29,29,29,29
1680679553910352062,29,29,29,29
1680679553911971840,29,29,29,29
1680679553913711579,29,29,29,29
1680679553915340655,29,29,29,29
1680679553917017163,29,29,29,29
1680679553918638325,29,29,29,29
1680679553920259584,29,29,29,29
1680679553921889474,29,29,29,29
1680679553923509815,29,29,29,29
1680679553925132501,29,29,29,29
1680679553926751790,29,29,29,29
1680679553928370735,29,29,29,29
1680679553930010364,29,29,29,29
1680679553931635402,29,29,29,29
1680679553933279535,29,29,29,29
1680679553934964953,29,29,29,29
1680679553936639253,29,29,29,29
1680679553938267107,29,29,29,29
1680679553939886074,29,29,29,29
1680679553941593679,29,29,29,29
1680679553943217451,29,29,29,29
1680679553944840052,29,29,29,29
1680679553946459070,29,29,29,29
1680679553948078724,29,29,29,29
1680679553949793568,29,29,29,29
1680679553951414953,29,29,29,29
1680679553953038525,29,29,29,29
1680679553954792040,29,29,29,29
1680679553956522846,29,29,29,29
1680679553958149711,29,29,29,29
1680679553959772520,29,29,29,29
1680679553961398431,29,29,29,29
1680679553963022479,29,29,29,29
1680679553964639788,29,29,29,29
1680679553966262200,29,29,29,29
1680679553967878647,29,29,29,29
1680679553969501015,29,29,29,29
1680679553971122778,29,29,29,29
1680679553972726143,29,29,29,29
1680679553974454241,29,29,29,29
1680679553976077620,29,29,29,29
1680679553977724162,29,29,29,29
1680679553979348566,29,29,29,29
1680679553980973645,29,29,29,29
1680679553982593608,29,29,29,29
1680679553984215091,29,29,29,29
1680679553985845089,29,29,29,29
1680679553987468676,29,29,29,29
1680679553989092620,29,29,29,29
1680679553990771526,29,29,29,29
1680679553992389784,29,29,29,29
1680679553994165827,29,29,29,29
1680679553995793981,29,29,29,29
1680679553997471668,29,29,29,29
1680679553999098581,29,29,29,29
1680679554000723520,29,29,29,29
1680679554002347726,29,29,29,29
1680679554003969542,29,29,29,29
1680679554005590730,29,29,29,29
1680679554007209667,29,29,29,29
1680679554008823512,29,29,29,29
1680679554010536636,29,29,29,29
1680679554012158140,29,29,29,29
1680679554013807726,29,29,29,29
1680679554015426712,29,29,29,29
1680679554017101924,29,29,29,29
1680679554018781322,29,29,29,29
1680679554020404658,29,29,29,29
1680679554022035153,29,29,29,29
1680679554023661625,29,29,29,29
1680679554025286992,29,29,29,29
1680679554026909920,29,30,29,29
1680679554028537794,29,30,29,29
1680679554030180167,29,30,29,29
1680679554031807048,29,30,29,29
1680679554033445085,29,30,29,29
1680679554035126057,29,30,29,29
1680679554036791187,29,30,29,29
1680679554038407844,29,30,29,29
1680679554040031263,29,30,29,29
1680679554041679333,29,30,29,29
1680679554043297203,29,30,29,29
1680679554044914890,29,30,29,29
1680679554046536646,29,30,29,29
1680679554048153982,29,30,29,29
1680679554049786184,29,30,29,29
1680679554051408161,29,30,29,29
1680679554053026341,29,30,29,29
1680679554054724112,29,30,29,29
1680679554056349040,29,30,29,29
1680679554057995800,29,30,29,29
1680679554059620536,29,30,29,29
1680679554061246917,29,30,29,29
1680679554062876727,29,30,29,29
1680679554064501332,29,30,29,29
1680679554066128454,29,30,29,29
1680679554067749958,29,30,29,29
1680679554069370952,29,30,29,29
1680679554071071496,29,30,29,29
1680679554072688305,29,30,29,29
1680679554074431088,29,30,29,29
1680679554076051169,29,30,29,29
1680679554077727995,29,30,29,29
1680679554079352091,29,30,29,29
1680679554080974884,29,30,29,29
1680679554082596665,29,30,29,29
1680679554084216840,29,30,29,29
1680679554085841557,29,30,29,29
1680679554087456877,29,30,29,29
1680679554089079949,29,30,29,29
1680679554090715813,29,30,29,29
1680679554092343308,29,30,29,29
1680679554093988318,29,30,29,29
1680679554095682760,29,30,29,29
1680679554097330814,29,30,29,29
1680679554098946407,29,30,29,29
1680679554100568134,29,30,29,29
1680679554102204986,29,30,29,29
1680679554103827137,29,30,29,29
1680679554105448708,29,30,29,29
1680679554107073998,29,30,29,29
1680679554108697020,29,30,29,29
1680679554110401598,29,30,29,29
1680679554112020435,29,30,29,29
1680679554113662064,29,30,29,29
1680679554115346890,29,30,29,29
1680679554117048969,29,30,29,29
1680679554118671593,29,30,29,29
1680679554120291015,29,30,29,29
1680679554121927616,29,30,29,29
1680679554123546364,29,30,29,29
1680679554125166746,29,30,29,29
1680679554126789255,29,30,29,29
1680679554128413726,29,30,29,29
1680679554130144377,29,30,29,29
1680679554131800549,29,30,29,29
1680679554133425508,29,30,29,29
1680679554135076008,29,30,29,29
1680679554136708960,29,30,29,29
1680679554138341310,29,30,29,29
1680679554139960406,29,30,29,29
1680679554141581725,29,30,29,29
1680679554143199806,29,30,29,29
1680679554144817977,29,30,29,29
1680679554146433917,29,30,29,29
1680679554148060984,29,30,29,29
1680679554149677434,29,30,29,29
1680679554151350373,29,30,29,29
1680679554152975599,29,30,29,29
1680679554154709727,29,30,29,29
1680679554156332749,29,30,29,29
1680679554157993082,29,30,29,29
1680679554159612180,29,30,29,29
1680679554161233301,29,30,29,29
1680679554162856719,29,30,29,29
1680679554164481994,29,30,29,29
1680679554166127594,29,30,29,29
1680679554167756079,29,30,29,29
1680679554169381122,29,30,29,29
1680679554171032365,29,30,29,29
1680679554172658047,29,30,29,29
1680679554174697234,29,30,29,29
1680679554176624556,29,30,29,29
1680679554178538654,29,30,29,29
1680679554180438532,29,30,29,29
1680679554182361346,29,30,29,29
1680679554184260957,29,30,29,29
1680679554185944976,29,30,29,29
1680679554187622712,29,30,29,29
1680679554189292062,29,30,29,29
1680679554191013656,29,30,29,29
1680679554192678749,29,30,29,29
1680679554194428817,29,29,29,29
1680679554196115367,29,29,29,29
1680679554197854679,29,29,29,29
1680679554199540766,29,29,29,29
1680679554201225141,29,29,29,29
1680679554202905738,29,29,29,29
1680679554204584864,29,29,29,29
1680679554206283501,29,29,29,29
1680679554207972454,29,29,29,29
1680679554209661502,29,29,29,29
1680679554211366045,29,29,29,29
1680679554213048405,29,29,29,29
1680679554214786208,29,29,29,29
1680679554216486190,29,29,29,29
1680679554218345105,29,29,29,29
1680679554220027479,29,29,29,29
1680679554221712237,29,29,29,29
1680679554223395593,29,29,29,29
1680679554225076146,29,29,29,29
1680679554226787787,29,29,29,29
1680679554228455099,29,29,29,29
1680679554230138881,29,29,29,29
1680679554231861634,29,29,29,29
1680679554233525455,29,29,29,29
1680679554235253379,29,29,29,29
1680679554237029424,29,29,29,29
1680679554238747989,29,29,29,29
1680679554240456346,29,29,29,29
1680679554242188875,29,29,29,29
1680679554243891722,29,29,29,29
1680679554245591709,29,29,29,29
1680679554247299733,29,29,29,29
1680679554249013574,29,29,29,29
1680679554250718768,29,29,29,29
1680679554252411839,29,29,29,29
1680679554254168228,29,29,29,29
1680679554255933925,29,29,29,29
1680679554257632316,29,29,29,29
1680679554259324708,29,29,29,29
1680679554261009227,29,29,29,29
1680679554262686399,29,29,29,29
1680679554264366215,29,29,29,29
1680679554266054978,29,29,29,29
1680679554267737435,29,29,29,29
1680679554269419406,29,29,29,29
1680679554271169192,29,29,29,29
1680679554272996230,29,29,29,29
1680679554274721144,29,29,29,29
1680679554276416006,29,29,29,29
1680679554278161640,29,29,30,29
1680679554279851182,29,29,30,29
1680679554281535537,29,29,30,29
1680679554283215032,29,29,30,29
1680679554284897720,29,29,30,29
1680679554286582330,29,29,30,29
1680679554288276251,29,29,30,29
1680679554289965494,29,29,30,29
1680679554291740109,29,29,30,29
1680679554293511557,29,29,30,29
1680679554295290339,29,29,30,29
1680679554296981853,29,29,30,29
1680679554298668795,29,29,30,29
1680679554300359545,29,29,30,29
1680679554302051066,29,29,30,29
1680679554303829189,29,29,30,29
1680679554305598251,29,29,30,29
1680679554307283096,29,29,30,29
1680679554308973200,29,29,30,29
1680679554310673843,29,29,30,29
1680679554312361897,29,29,30,29
1680679554314126521,29,29,30,29
1680679554315874347,29,29,30,29
1680679554317567747,29,29,30,29
1680679554319247909,29,29,30,29
1680679554320938735,29,29,30,29
1680679554322628619,29,29,30,29
1680679554324315348,29,29,30,29
1680679554326003003,29,29,30,29
1680679554327698582,29,29,30,29
1680679554329383765,29,29,30,29
1680679554331094685,29,29,30,29
1680679554332778744,29,29,30,29
1680679554334572965,29,29,30,29
1680679554336262153,29,29,30,29
1680679554338003473,29,29,30,29
1680679554339694593,29,29,30,29
1680679554341411093,29,29,30,29
1680679554343093330,29,29,30,29
1680679554344727720,29,29,30,29
1680679554346416709,29,29,30,29
1680679554348100558,29,29,30,29
1680679554349789931,29,29,30,29
1680679554351499205,29,29,30,29
1680679554353189670,29,29,30,29
1680679554354910466,29,29,30,29
1680679554356594234,29,29,30,29
1680679554358310694,29,29,30,29
1680679554360005842,29,29,30,29
1680679554361691448,29,29,30,29
1680679554363372587,29,29,30,29
1680679554365050815,29,29,30,29
1680679554366727496,29,29,30,29
1680679554368411098,29,29,30,29
1680679554370100428,29,29,30,29
1680679554371803306,29,29,30,29
1680679554373483238,29,29,30,29
1680679554375262081,29,29,30,29
1680679554376952709,29,29,30,29
1680679554378658686,29,29,30,29
1680679554380342380,29,29,30,29
1680679554382023040,29,29,30,29
1680679554383713854,29,29,30,29
1680679554385397860,29,29,30,29
1680679554387088642,29,29,30,29
1680679554388787418,29,29,30,29
1680679554390470718,29,29,30,29
1680679554392164579,29,29,30,29
1680679554393855636,29,29,30,29
1680679554395664203,29,29,30,29
1680679554397415416,29,29,30,29
1680679554399100047,29,29,30,29
1680679554400778815,29,29,30,29
1680679554402459501,29,29,30,29
1680679554404145058,29,29,30,29
1680679554405834123,29,29,30,29
1680679554407523717,29,29,30,29
1680679554409208906,29,29,30,29
1680679554410899951,29,29,30,29
1680679554412595854,29,29,30,29
1680679554414343791,29,29,30,29
1680679554416053148,29,29,30,29
1680679554417803811,29,29,30,29
1680679554419490073,29,29,30,29
1680679554421175524,29,29,30,29
1680679554422859518,29,29,30,29
1680679554424526696,29,29,30,29
1680679554426206368,29,29,30,29
1680679554427877944,29,29,30,29
1680679554429543523,29,29,30,29
1680679554431225085,29,29,30,29
1680679554432893563,29,29,30,29
1680679554434629760,29,29,30,29
1680679554436419271,29,29,30,29
1680679554438178995,29,29,30,29
1680679554439883938,29,29,30,29
1680679554441590764,29,29,30,29
1680679554443304528,29,29,30,29
1680679554444998070,29,29,29,29
1680679554446679351,29,29,29,29
1680679554448359452,29,29,29,29
1680679554450052376,29,29,29,29
1680679554451839462,29,29,29,29
1680679554453519515,29,29,29,29
1680679554455257221,29,29,29,29
1680679554456941516,29,29,29,29
1680679554458682948,29,29,29,29
1680679554460433816,29,29,29,29
1680679554462128887,29,29,29,29
1680679554463818027,29,29,29,29
1680679554465508443,29,29,29,29
1680679554467196024,29,29,29,29
1680679554468949009,29,29,29,29
1680679554470642749,29,29,29,29
1680679554472331365,29,29,29,29
1680679554474013872,29,29,29,29
1680679554475748234,29,29,29,29
1680679554477432488,29,29,29,29
1680679554479113031,29,29,29,29
1680679554480792639,29,29,29,29
1680679554482472279,29,29,29,29
1680679554484153593,29,29,29,29
1680679554485843480,29,29,29,29
1680679554487527330,29,29,29,29
1680679554489211793,29,29,29,29
1680679554490999173,29,29,29,29
1680679554492688095,29,29,29,29
1680679554494410152,29,29,29,29
1680679554496147323,29,29,29,29
1680679554497843006,29,29,29,29
1680679554499542238,29,29,29,29
1680679554501270565,29,29,29,29
1680679554502957819,29,29,29,29
1680679554504638219,29,29,29,29
1680679554506319320,29,29,29,29
1680679554508006325,29,29,29,29
1680679554509691448,29,29,29,29
1680679554511393810,29,29,29,29
1680679554513091147,29,29,29,29
1680679554514788261,29,29,29,29
1680679554516473743,29,29,29,29
1680679554518190048,29,29,29,29
1680679554519962084,29,29,29,29
1680679554521647081,29,29,29,29
1680679554523331160,29,29,29,29
1680679554525013027,29,29,29,29
1680679554526710066,29,29,29,29
1680679554528383001,29,29,29,29
1680679554530402544,29,29,29,29
1680679554532128260,29,29,29,29
1680679554533800712,29,29,29,29
1680679554535507031,29,29,29,29
1680679554537305918,29,29,29,29
1680679554539051455,29,29,29,29
1680679554540728394,29,29,29,29
1680679554542416254,29,29,29,29
1680679554544224557,29,29,29,29
1680679554545919631,29,29,29,29
1680679554547607422,29,29,29,29
1680679554549467951,29,29,29,29
1680679554551181451,29,29,29,29
1680679554552880992,29,29,29,29
1680679554554661038,29,29,29,29
1680679554556504266,29,29,29,29
1680679554558209463,29,29,29,29
1680679554559923727,29,29,29,29
1680679554561634815,29,29,29,29
1680679554563344323,29,29,29,29
1680679554565054266,29,29,29,29
1680679554566764930,29,29,29,29
1680679554568476617,29,29,29,29
1680679554570164344,29,29,29,29
1680679554571869256,29,29,29,29
1680679554573551179,29,29,29,29
1680679554575374614,29,29,29,29
1680679554577059373,29,29,29,29
1680679554578796953,29,29,29,29
1680679554580478759,29,29,29,29
1680679554582169153,29,29,29,29
1680679554583861724,29,29,29,29
1680679554585550958,29,29,29,29
1680679554587272698,29,29,29,29
1680679554588959403,29,29,29,29
1680679554590646580,29,29,29,29
1680679554592383772,29,29,29,29
1680679554594076499,29,29,29,29
1680679554595809737,29,29,29,29
1680679554597494705,29,29,29,29
1680679554599237985,29,29,29,29
1680679554601003092,29,29,29,29
1680679554602686462,29,29,29,29
1680679554604532465,29,29,29,29
1680679554606390855,29,29,29,29
1680679554608250429,29,29,29,29
1680679554610107112,29,29,29,29
1680679554612010688,29,29,29,29
1680679554613867842,29,29,29,29
1680679554615834980,29,29,29,29
1680679554617682138,29,29,29,29
1680679554619526948,29,29,29,29
1680679554621378441,29,29,29,29
1680679554623262344,29,29,29,29
1680679554625124030,29,29,29,29
1680679554626986014,29,29,29,29
1680679554628835481,29,29,29,29
1680679554630724796,29,29,29,29
1680679554632610823,29,29,29,29
1680679554634423969,29,29,29,29
1680679554636646776,29,29,29,29
1680679554638546788,29,29,29,29
1680679554640407412,29,29,29,29
1680679554642276886,29,29,29,29
1680679554644154456,29,29,29,29
1680679554646023398,29,29,29,29
1680679554647961264,29,29,29,29
1680679554649813751,29,29,29,29
1680679554651710796,29,29,29,29
1680679554653595425,29,29,29,29
1680679554655575887,29,29,29,29
1680679554657477410,29,29,29,29
1680679554659389874,29,29,29,29
1680679554661272060,29,29,29,29
1680679554663246921,29,29,29,29
1680679554666084525,29,29,29,29
1680679554668357705,29,29,29,29
1680679554670365229,29,29,29,29
1680679554742179610,29,29,29,29
1680679554807041745,29,29,29,29
1680679554809713875,29,29,29,29
1680679554811619153,29,29,29,29
1680679554813609123,29,29,29,29
1680679554815610598,29,29,29,29
1680679554817506302,29,29,29,29
1680679554819210995,29,29,29,29
1680679554820863179,29,29,29,29
1680679554822516912,29,29,29,29
1680679554824172942,29,29,29,29
1680679554825832995,29,29,29,29
1680679554827506836,29,29,29,29
1680679554829164508,29,29,29,29
1680679554830870789,29,29,29,29
1680679554832578187,29,29,29,29
1680679554834285765,29,29,29,29
1680679554836052361,29,29,29,29
1680679554837802545,29,29,29,29
1680679554839593162,29,29,29,29
1680679554841272387,29,29,29,29
1680679554842951499,29,29,29,29
1680679554844635781,29,29,29,30
1680679554846379050,29,29,29,30
1680679554848066941,29,29,29,30
1680679554849755501,29,29,29,30
1680679554851443566,29,29,29,30
1680679554853149002,29,29,29,30
1680679554854831474,29,29,29,30
1680679554856544866,29,29,29,30
1680679554858302751,29,29,29,30
1680679554859987529,29,29,29,30
1680679554861669440,29,29,29,30
1680679554863350797,29,29,29,30
1680679554865026382,29,29,29,30
1680679554866712796,29,29,29,30
1680679554868391782,29,29,29,30
1680679554870080352,29,29,29,30
1680679554871769332,29,29,29,30
1680679554873459514,29,29,29,30
1680679554875234117,29,29,29,30
1680679554876914694,29,29,29,30
1680679554878633338,29,29,29,30
1680679554880320518,29,29,29,30
1680679554882008668,29,29,29,30
1680679554883695312,29,29,29,30
1680679554885387251,29,29,29,30
1680679554887070187,29,29,29,30
1680679554888729342,29,29,29,30
1680679554890411335,29,29,29,30
1680679554892108673,29,29,29,30
1680679554893835801,29,29,29,30
1680679554895576862,29,29,29,30
1680679554897266280,29,29,29,30
1680679554899022462,29,29,29,30
1680679554900721647,29,29,29,30
1680679554902407256,29,29,29,30
1680679554904089107,29,29,29,30
1680679554905772138,29,29,29,30
1680679554907447905,29,29,29,30
1680679554909127974,29,29,29,30
1680679554910808842,29,29,29,30
1680679554912483183,29,29,29,30
1680679554914241310,29,29,29,30
1680679554915936427,29,29,29,30
1680679554917677425,29,29,29,30
1680679554919390807,29,29,29,30
1680679554921050601,29,29,29,30
1680679554922734389,29,29,29,30
1680679554924428050,29,29,29,30
1680679554926127178,29,29,29,30
1680679554927810346,29,29,29,30
1680679554929495632,29,29,29,30
1680679554931182041,29,29,29,30
1680679554932927472,29,29,29,30
1680679554934636558,29,29,29,30
1680679554936370955,29,29,29,30
1680679554938113557,29,29,29,30
1680679554939996207,29,29,29,30
1680679554941710141,29,29,29,30
1680679554943460747,29,29,29,30
1680679554945110583,29,29,29,30
1680679554946753299,29,29,29,30
1680679554948399614,29,29,29,30
1680679554950056589,29,29,29,30
1680679554951704861,29,29,29,30
1680679554953445042,29,29,29,30
1680679554955127467,29,29,29,30
1680679554956880321,29,29,29,30
1680679554958762587,29,29,29,30
1680679554960451393,29,29,29,30
1680679554962148562,29,29,29,30
1680679554963841209,29,29,29,30
1680679554965508082,29,29,29,30
1680679554967176719,29,29,29,30
1680679554968844182,29,29,29,30
1680679554970513810,29,29,29,30
1680679554972177009,29,29,29,30
1680679554973975602,29,29,29,30
1680679554975687795,29,29,29,30
1680679554977392205,29,29,29,30
1680679554979289176,29,29,29,30
1680679554981004139,29,29,29,30
1680679554982710344,29,29,29,30
1680679554984426296,29,29,29,30
1680679554986139072,29,29,29,30
1680679554987831800,29,29,29,30
1680679554989521553,29,29,29,30
1680679554991215770,29,29,29,30
1680679554992915911,29,29,29,30
1680679554994618422,29,29,29,30
1680679554996339502,29,29,29,30
1680679554998075442,29,29,29,30
1680679554999843556,29,29,29,30
1680679555001539462,29,29,29,30
1680679555003235275,29,29,29,30
1680679555004920699,29,29,29,30
1680679555006599826,29,29,29,30
1680679555008289474,29,29,29,30
1680679555009985155,29,29,29,30
1680679555011675494,29,29,29,29
1680679555013389027,29,29,29,29
1680679555015076703,29,29,29,29
1680679555016848926,29,29,29,29
1680679555018604714,29,29,29,29
1680679555020323830,29,29,29,29
1680679555022045418,29,29,29,29
1680679555023765658,29,29,29,29
1680679555025554029,29,29,29,29
1680679555027268991,29,29,29,29
1680679555028929834,29,29,29,29
1680679555030585563,29,29,29,29
1680679555032245537,29,30,29,29
1680679555033967167,29,30,29,29
1680679555035632976,29,30,29,29
1680679555037283127,29,30,29,29
1680679555039062224,29,30,29,29
1680679555040844732,29,30,29,29
1680679555042535792,29,30,29,29
1680679555044218796,29,30,29,29
1680679555045917946,29,30,29,29
1680679555047605004,29,30,29,29
1680679555049322344,29,30,29,29
1680679555051041938,29,30,29,29
1680679555052742545,29,30,29,29
1680679555054574221,29,30,29,29
1680679555056346178,29,30,29,29
1680679555058081140,29,30,29,29
1680679555059804118,29,30,29,29
1680679555061487840,29,30,29,29
1680679555063177247,29,30,29,29
1680679555064951288,29,30,29,29
1680679555066637079,29,30,29,29
1680679555068328173,29,30,29,29
1680679555070020714,29,30,29,29
1680679555071715250,29,30,29,29
1680679555073416825,29,30,29,29
1680679555075106648,29,30,29,29
1680679555076887823,29,30,29,29
1680679555078599196,29,30,29,29
1680679555080333948,29,30,29,29
1680679555082026715,29,30,29,29
1680679555083789834,29,30,29,29
1680679555085469658,29,30,29,29
1680679555087148629,29,30,29,29
1680679555088825846,29,30,29,29
1680679555090503104,29,30,29,29
1680679555092193238,29,30,29,29
1680679555093912946,29,30,29,29
1680679555095682897,29,30,29,29
1680679555097369697,29,30,29,29
1680679555099184248,29,30,29,29
1680679555100874543,29,30,29,29
1680679555102567411,29,30,29,29
1680679555104256017,29,30,29,29
1680679555106017366,29,30,29,29
1680679555107703577,29,30,29,29
1680679555109377563,29,30,29,29
1680679555111064398,29,30,29,29
1680679555112728108,29,30,29,29
1680679555114486778,29,30,29,29
1680679555116202786,29,30,29,29
1680679555117878980,29,30,29,29
1680679555119565777,29,30,29,29
1680679555121234721,29,30,29,29
1680679555122920780,29,30,29,29
1680679555124611147,29,30,29,29
1680679555126311634,29,30,29,29
1680679555128009064,29,30,29,29
1680679555129688395,29,30,29,29
1680679555131387354,29,30,29,29
1680679555133083430,29,30,29,29
1680679555134791698,29,30,29,29
1680679555136557389,29,30,29,29
1680679555138301223,29,30,29,29
1680679555140124109,29,30,29,29
1680679555141835807,29,30,29,29
1680679555143546156,29,30,29,29
1680679555145228477,29,30,29,29
1680679555146909331,29,30,29,29
1680679555148597561,29,30,29,29
1680679555150293544,29,30,29,29
1680679555151980726,29,30,29,29
1680679555153726821,29,30,29,29
1680679555155416962,29,30,29,29
1680679555157146702,29,30,29,29
1680679555158862708,29,30,29,29
1680679555160696946,29,30,29,29
1680679555162387949,29,30,29,29
1680679555164165143,29,30,29,29
1680679555165927209,29,30,29,29
1680679555167612550,29,30,29,29
1680679555169299940,29,30,29,29
1680679555170985086,29,30,29,29
1680679555172669777,29,30,29,29
1680679555174393106,29,30,29,29
1680679555176109398,29,30,29,29
1680679555177805380,29,30,29,29
1680679555179535443,29,30,29,29
1680679555181225939,29,30,29,29
1680679555182918645,29,30,29,29
1680679555184614762,29,30,29,29
1680679555186307554,29,30,29,29
1680679555187994482,29,30,29,29
1680679555189691193,29,30,29,29
1680679555191369349,29,30,29,29
1680679555193049926,29,30,29,29
1680679555194780771,29,30,29,29
1680679555196597269,29,30,29,29
1680679555198321481,29,30,29,29
1680679555200041775,29,30,29,29
1680679555201712832,29,30,29,29
1680679555203376292,29,30,29,29
1680679555205048711,29,30,29,29
1680679555206729906,29,30,29,29
1680679555208419096,29,30,29,29
1680679555210116219,29,30,29,29
1680679555211813154,29,30,29,29
1680679555213521870,29,30,29,29
1680679555215218417,29,30,29,29
1680679555216964920,29,30,29,29
1680679555218702584,29,30,29,29
1680679555220423394,29,30,29,29
1680679555222187799,29,30,29,29
1680679555223897664,29,30,29,29
1680679555225612955,29,30,29,29
1680679555227308607,29,30,29,29
1680679555228990924,29,30,29,29
1680679555230673050,29,30,29,29
1680679555232362004,29,30,29,29
1680679555234069346,29,30,29,29
1680679555235761192,29,30,29,29
1680679555237449778,29,30,29,29
1680679555239265563,29,30,29,29
1680679555240945560,29,30,29,29
1680679555242631183,29,30,29,29
1680679555244321312,29,30,29,29
1680679555246016388,29,30,29,29
1680679555247707063,29,30,29,29
1680679555249392583,29,30,29,29
1680679555251070471,29,30,29,29
1680679555252728325,29,30,29,29
1680679555254480970,29,30,29,29
1680679555256174761,29,30,29,29
1680679555257873735,29,30,29,29
1680679555259606259,29,30,29,29
1680679555261299746,29,30,29,29
1680679555262978433,29,30,29,29
1680679555264662763,29,30,29,29
1680679555266952423,29,30,29,29
1680679555269028699,29,30,29,29
1680679555270745147,29,30,29,29
1680679555272643560,29,30,29,29
1680679555274535457,29,30,30,29
1680679555308163312,29,30,30,29
1680679555310027247,29,30,30,29
1680679555311834786,29,30,30,29
1680679555313636197,29,30,30,29
1680679555315431103,29,30,30,29
1680679555317270121,29,30,30,29
1680679555319054432,29,30,30,29
1680679555320728780,29,30,30,29
1680679555322413017,29,30,30,29
1680679555324108297,29,30,30,29
1680679555325799263,29,30,30,29
1680679555327600034,29,30,30,29
1680679555329287694,29,30,30,29
1680679555330974314,29,30,30,29
1680679555332653257,29,30,30,29
1680679555334362326,29,30,30,29
1680679555336052456,29,30,30,29
1680679555337741600,29,30,30,29
1680679555339538366,29,30,30,29
1680679555341327137,29,30,30,29
1680679555343007794,29,30,30,29
1680679555344690484,29,30,30,29
1680679555346380291,29,30,30,30
1680679555348064030,29,30,30,30
1680679555349750028,29,30,30,30
1680679555351449571,29,30,30,30
1680679555353240889,29,30,30,30
1680679555354979502,29,30,30,30
1680679555356702529,29,30,30,30
1680679555358400916,29,30,30,30
1680679555360133023,29,30,30,30
1680679555361836900,29,30,30,30
1680679555363527292,29,30,30,30
1680679555365211811,29,30,30,30
1680679555366894443,29,30,30,30
1680679555368579152,29,30,30,30
1680679555370265017,29,30,30,30
1680679555371955737,29,30,30,30
1680679555373647982,29,30,30,30
1680679555375331273,29,30,30,30
1680679555377141397,29,30,30,30
1680679555378929619,29,30,30,30
1680679555380648148,29,30,30,30
1680679555382334227,29,30,30,30
1680679555384013490,29,30,30,30
1680679555385694005,29,30,30,30
1680679555387381185,29,30,30,30
1680679555389065349,29,30,30,30
1680679555390749540,29,30,30,30
1680679555392440159,29,30,30,30
1680679555394132727,29,30,30,30
1680679555395793654,29,30,30,30
1680679555397481682,29,30,30,30
1680679555399201164,29,30,30,30
1680679555400893082,29,30,30,30
1680679555402596391,29,30,30,30
1680679555404306114,29,30,30,30
1680679555406019028,29,30,30,30
1680679555407726274,29,30,30,30
1680679555409434702,29,30,30,30
1680679555411154759,29,30,30,30
1680679555412858594,29,30,30,30
1680679555414598424,29,30,30,30
1680679555416308919,29,30,30,30
1680679555418003846,29,30,30,30
1680679555419776081,29,30,30,30
1680679555421453669,29,30,30,30
1680679555423148110,29,30,30,30
1680679555424830138,29,30,30,30
1680679555426511581,29,30,30,30
1680679555428215664,29,30,30,30
1680679555429908849,29,30,30,30
1680679555431597140,29,30,30,30
1680679555433285737,29,30,30,30
1680679555435023808,29,30,30,30
1680679555436727945,29,30,30,30
1680679555438404065,29,30,30,30
1680679555440235469,29,30,30,30
1680679555441925569,29,30,30,30
1680679555443610487,29,30,30,30
1680679555445291353,29,30,30,30
1680679555446972741,29,30,30,30
1680679555448651831,29,30,29,30
1680679555450343905,29,30,29,30
1680679555452042409,29,30,29,30
1680679555453818344,29,30,29,30
1680679555455505443,29,30,29,30
1680679555457249156,29,30,29,30
1680679555458991297,29,30,29,30
1680679555460835135,29,30,29,30
1680679555462516860,29,30,29,30
1680679555464207120,29,30,29,30
1680679555465903984,29,30,29,30
1680679555467593911,29,30,29,30
1680679555469280623,29,30,29,30
1680679555470950096,29,30,29,30
1680679555472634933,29,30,29,30
1680679555474344288,29,30,29,30
1680679555476041403,29,30,29,30
1680679555477750062,29,30,29,30
1680679555479466297,29,30,29,30
1680679555481174970,29,30,29,30
1680679555482858468,29,30,29,30
1680679555484553436,29,30,29,30
1680679555486250541,29,30,29,30
1680679555487941129,29,30,29,30
1680679555489629817,29,30,29,30
1680679555491311689,29,30,29,30
1680679555492996397,29,30,29,30
1680679555494709506,29,30,29,30
1680679555496379712,29,30,29,30
1680679555498053027,29,30,29,30
1680679555499780825,29,30,29,30
1680679555501456121,29,30,29,30
1680679555503118630,29,30,29,30
1680679555504786352,29,30,29,30
1680679555506480717,29,30,29,30
1680679555508190260,29,30,29,30
1680679555509903368,29,30,29,30
1680679555511611454,29,30,29,30
1680679555513321663,29,30,29,29
1680679555515094541,29,30,29,29
1680679555516834741,29,30,29,29
1680679555518518883,29,30,29,29
1680679555520246650,29,30,29,29
1680679555521932798,29,30,29,29
1680679555523633081,29,30,29,29
1680679555525402360,29,30,29,29
1680679555527098972,29,30,29,29
1680679555528779126,29,30,29,29
1680679555530460843,29,30,29,29
1680679555532149337,29,30,29,29
1680679555533845083,29,30,29,29
1680679555535586176,29,30,29,29
1680679555537329571,29,30,29,29
1680679555539068860,29,30,29,29
1680679555540832054,29,30,29,29
1680679555542516914,29,30,29,29
1680679555544199939,29,30,29,29
1680679555545901719,29,30,29,29
1680679555547592288,29,30,29,29
1680679555549270405,29,30,29,29
1680679555550948878,29,30,29,29
1680679555552628344,29,30,29,29
1680679555554352834,29,30,29,29
1680679555556032740,29,30,29,29
1680679555557769752,29,30,29,29
1680679555559470692,29,30,29,29
1680679555561202558,29,30,29,29
1680679555562880186,29,30,29,29
1680679555564563425,29,30,29,29
1680679555566253545,29,30,29,29
1680679555567939376,29,30,29,29
1680679555569625428,29,30,29,29
1680679555571312765,29,30,29,29
1680679555572998078,29,30,29,29
1680679555574717201,29,30,29,29
1680679555576415908,29,30,29,29
1680679555578146550,29,30,29,29
1680679555579841923,29,30,29,29
1680679555581534953,29,30,29,29
1680679555583223327,29,30,29,29
1680679555584907321,29,30,29,29
1680679555586589886,29,30,29,29
1680679555588268189,29,30,29,29
1680679555589958903,29,30,29,29
1680679555591650151,29,30,29,29
1680679555593336430,29,30,29,29
1680679555595050640,29,30,29,29
1680679555596728627,29,30,29,29
1680679555598417445,29,30,29,29
1680679555600195542,29,30,29,29
1680679555601877538,29,30,29,29
1680679555603973863,29,30,29,29
1680679555606133536,29,30,29,29
1680679555607819268,29,30,29,29
1680679555609693555,29,30,29,29
1680679555611515983,30,30,30,29
1680679555647987329,30,30,30,29
1680679555649893240,30,30,30,29
1680679555651743951,30,30,30,29
1680679555653598525,30,30,30,29
1680679555655465360,30,30,30,29
1680679555657356756,30,30,30,29
1680679555658978376,30,30,30,29
1680679555660663873,30,30,30,29
1680679555662292471,30,30,30,29
1680679555663915800,30,30,30,29
1680679555665541418,30,30,30,29
1680679555667168181,30,30,30,29
1680679555668857637,30,30,30,29
1680679555670545203,30,30,30,29
1680679555672239331,30,30,30,29
1680679555673955197,30,30,30,29
1680679555675658209,30,30,30,29
1680679555677458298,30,30,30,29
1680679555679151291,30,30,30,29
1680679555680891302,30,30,30,29
1680679555682575890,30,30,30,29
1680679555684265525,30,30,30,29
1680679555685967011,30,30,30,29
1680679555687657704,30,30,30,29
1680679555689334073,30,30,30,29
1680679555691020558,30,30,30,29
1680679555692712864,30,30,30,29
1680679555694406455,30,30,30,29
1680679555696091332,30,30,30,29
1680679555697832964,30,30,30,29
1680679555699541060,30,30,30,29
1680679555701284875,30,29,30,29
1680679555702973600,30,29,30,29
1680679555704658948,30,29,30,29
1680679555706352508,30,29,30,29
1680679555708036379,30,29,30,29
1680679555709721888,30,29,30,29
1680679555711403205,30,29,30,29
1680679555713088944,30,29,30,29
1680679555714789870,30,29,30,29
1680679555716482953,30,29,30,29
1680679555718193902,30,29,30,29
1680679555720002110,30,29,30,29
1680679555721691035,30,29,30,29
1680679555723386482,30,29,30,29
1680679555725069926,30,29,30,29
1680679555726751604,30,29,30,29
1680679555728456077,30,29,30,29
1680679555730154578,30,29,30,29
1680679555731834268,30,29,30,29
1680679555733512914,30,29,30,29
1680679555735211442,30,29,30,29
1680679555736895451,30,29,30,29
1680679555738585710,30,29,30,29
1680679555740351439,30,29,30,29
1680679555742035071,30,29,30,29
1680679555743713487,30,29,30,29
1680679555745407699,30,29,30,29
1680679555747085322,30,29,30,29
1680679555748728164,30,29,30,29
1680679555750407555,30,29,30,29
1680679555752090612,30,29,30,29
1680679555753787937,30,29,30,29
1680679555755532149,30,29,30,29
1680679555757328852,30,29,30,29
1680679555759012064,30,29,30,29
1680679555760838000,30,29,30,29
1680679555762525958,30,29,30,29
1680679555764204683,30,29,30,29
1680679555765883897,30,29,30,29
1680679555767565119,30,29,30,29
1680679555769244566,30,29,30,29
1680679555771016940,30,29,30,29
1680679555772701437,30,29,30,29
1680679555774392767,30,29,30,29
1680679555776065705,30,29,30,29
1680679555777813559,30,29,30,29
1680679555779505011,30,29,30,29
1680679555781348461,30,29,30,29
1680679555783027416,30,29,30,29
1680679555784729113,30,29,30,29
1680679555786410245,30,29,30,29
1680679555788100212,30,29,30,29
1680679555789792764,30,29,30,29
1680679555791480212,29,29,30,29
1680679555793163935,29,29,30,29
1680679555794879517,29,29,30,29
1680679555796585792,29,29,30,29
1680679555798410341,29,29,30,29
1680679555800131746,29,29,30,29
1680679555801887406,29,29,30,29
1680679555803572586,29,29,30,29
1680679555805258342,29,29,30,29
1680679555807010755,29,29,30,29
1680679555808707529,29,29,30,29
1680679555810402323,29,29,30,29
1680679555812088202,29,29,30,29
1680679555813874940,29,29,30,29
1680679555815669771,29,29,30,29
1680679555817381328,29,29,30,29
1680679555819071257,29,29,30,29
1680679555820845357,29,29,30,29
1680679555822533697,29,29,30,29
1680679555824227471,29,29,30,29
1680679555825933348,29,29,30,29
1680679555827626491,29,29,30,29
1680679555829315282,29,29,30,29
1680679555831004981,29,29,30,29
1680679555832706140,29,29,30,29
1680679555834600972,29,29,30,29
1680679555836436150,29,29,30,29
1680679555838331271,29,29,30,29
1680679555840088057,29,29,30,29
1680679555841855577,29,29,30,29
1680679555843542131,29,29,30,29
1680679555845255910,29,29,30,29
1680679555846943565,29,29,30,29
1680679555848633071,29,29,30,29
1680679555850482487,29,29,30,29
1680679555852173718,29,29,30,29
1680679555853859809,29,29,30,29
1680679555855569029,29,29,30,29
1680679555857483728,29,29,30,29
1680679555859175558,29,29,30,29
1680679555860956893,29,29,30,29
1680679555862637868,29,29,30,29
1680679555864326624,29,29,30,29
1680679555866146173,29,29,30,29
1680679555867838039,29,29,30,29
1680679555869517393,29,29,30,29
1680679555871202059,29,29,30,29
1680679555872895423,29,29,30,29
1680679555874578684,29,29,30,29
1680679555876315703,29,29,30,29
1680679555878174075,29,29,30,29
1680679555879857381,29,29,30,29
1680679555881631057,29,29,30,29
1680679555883315475,29,29,30,29
1680679555885002844,29,29,30,29
1680679555886679678,29,29,30,29
1680679555888369372,29,29,30,29
1680679555890054634,29,29,30,29
1680679555891734491,29,29,30,29
1680679555893416196,29,29,30,29
1680679555895139505,29,29,30,29
1680679555896827673,29,29,30,29
1680679555898563370,29,29,30,29
1680679555900275787,29,29,30,29
1680679555901988972,29,29,30,29
1680679555903672552,29,29,30,29
1680679555905354622,29,29,30,29
1680679555907039018,29,29,30,29
1680679555908727938,29,29,30,29
1680679555910420340,29,29,30,29
1680679555912104875,29,29,30,29
1680679555913786026,29,29,30,29
1680679555915617818,29,29,30,29
1680679555917493297,29,29,30,29
1680679555919353376,29,29,30,29
1680679555921258041,29,29,30,29
1680679555923162151,29,29,30,29
1680679555925053471,29,29,30,29
1680679555926944902,29,29,30,29
1680679555928814589,29,29,30,29
1680679555930653579,29,29,30,29
1680679555932544168,29,29,30,29
1680679555934435924,29,29,30,29
1680679555936351385,29,29,30,29
1680679555938267440,29,29,30,29
1680679555940214897,29,29,30,29
1680679555942171435,29,29,30,29
1680679555944128824,29,29,30,29
1680679555946705382,29,29,30,29
1680679555949077787,29,29,30,29
1680679555951252016,29,29,29,29
1680679555953155348,29,29,29,29
1680679555955380219,29,29,29,29
1680679555957575189,29,29,29,29
1680679555959749123,29,29,29,29
1680679555962738481,29,29,29,29
1680679556008744610,29,29,29,29
1680679556010972492,29,29,29,29
1680679556013165365,29,29,29,29
1680679556015390739,29,29,29,29
1680679556017535096,29,29,29,29
1680679556019423925,29,29,29,29
1680679556021297804,29,29,29,29
1680679556023527022,29,29,29,29
1680679556025440270,29,29,29,29
1680679556027281014,29,29,29,29
1680679556029173993,29,29,29,29
1680679556031068801,29,29,29,29
1680679556032950803,29,29,29,29
1680679556034882472,29,29,29,29
1680679556036799341,29,30,29,29
1680679556039445077,29,30,29,29
1680679556042350856,29,30,29,29
1680679556044485136,29,30,29,29
1680679556046853769,29,30,29,29
1680679556113935583,29,30,30,29
1680679556182703782,29,30,30,29
1680679556185018065,29,30,30,29
1680679556186920711,29,30,30,29
1680679556188817071,29,30,30,29
1680679556190712745,29,30,30,29
1680679556192589449,29,30,30,29
1680679556194396042,29,30,30,29
1680679556196058626,29,30,30,29
1680679556197742239,29,30,30,29
1680679556199405284,29,30,30,29
1680679556201071552,29,30,30,29
1680679556202792802,29,30,30,29
1680679556204472804,29,29,30,29
1680679556206166006,29,29,30,29
1680679556207848280,29,29,30,29
1680679556209530512,29,29,30,29
1680679556211211275,29,29,30,29
1680679556212888777,29,29,30,29
1680679556214570266,29,29,30,29
1680679556216260986,29,29,30,29
1680679556218057810,29,29,30,29
1680679556219773765,29,29,30,29
1680679556221487536,29,29,30,29
1680679556223173665,29,29,30,29
1680679556224867011,29,29,30,29
1680679556226549907,29,29,30,29
1680679556228236036,29,29,30,29
1680679556229929303,29,29,30,29
1680679556231617177,29,29,30,29
1680679556233304758,29,29,30,29
1680679556234993232,29,29,30,29
1680679556236682927,29,29,30,29
1680679556238446426,29,29,30,29
1680679556240282729,29,29,30,29
1680679556242149067,29,29,30,29
1680679556243857076,29,29,30,29
1680679556245540173,29,29,30,29
1680679556247225206,29,29,30,29
1680679556248895444,29,29,30,29
1680679556250555691,29,29,30,29
1680679556252220483,29,29,30,29
1680679556253887139,29,29,30,29
1680679556255556837,29,29,30,29
1680679556257268301,29,29,30,29
1680679556258990767,29,29,30,29
1680679556260728299,29,29,30,29
1680679556262530596,29,29,30,29
1680679556264233917,29,29,30,29
1680679556265956857,29,29,30,29
1680679556267670230,29,29,30,29
1680679556269468192,29,29,30,29
1680679556271147427,29,29,30,29
1680679556272835364,29,29,30,29
1680679556274515446,29,29,30,29
1680679556276201407,29,29,30,29
1680679556277911266,29,29,30,29
1680679556279606040,29,29,30,29
1680679556281286083,29,29,30,29
1680679556283147281,29,29,30,29
1680679556284836446,29,29,30,29
1680679556286519895,29,29,29,29
1680679556288210477,29,29,29,29
1680679556289908623,29,29,29,29
1680679556291591914,29,29,29,29
1680679556293276556,29,29,29,29
1680679556294958784,29,29,29,29
1680679556296641719,29,29,29,29
1680679556298355696,29,29,29,29
1680679556300140048,29,29,29,29
1680679556301866868,29,29,29,29
1680679556303545073,29,29,29,29
1680679556305231162,29,29,29,29
1680679556306914167,29,29,29,29
1680679556308601537,29,29,29,29
1680679556310280966,29,29,29,29
1680679556311951944,29,29,29,29
1680679556313717573,29,29,29,29
1680679556315379428,29,29,29,29
1680679556317043307,29,29,29,29
1680679556318791720,29,29,29,29
1680679556320470695,29,29,29,29
1680679556322235857,29,29,29,29
1680679556323899776,29,29,29,29
1680679556325566690,29,29,29,29
1680679556327232822,29,29,29,29
1680679556328896474,29,29,29,29
1680679556330594413,29,29,29,29
1680679556332300103,29,29,29,29
1680679556334015859,29,29,29,29
1680679556335726593,29,29,29,29
1680679556337435371,29,29,29,29
1680679556339161749,29,29,29,29
1680679556340903066,29,29,29,29
1680679556342658371,29,29,29,29
1680679556344371894,29,29,29,29
1680679556346139864,29,29,29,29
1680679556347832623,29,29,29,29
1680679556349520708,29,29,29,29
1680679556351200812,29,29,29,30
1680679556352891680,29,29,29,30
1680679556354571054,29,29,29,30
1680679556356254125,29,29,29,30
1680679556358011236,29,29,29,30
1680679556359698691,29,29,29,30
1680679556361437067,29,29,29,30
1680679556363268879,29,29,29,30
1680679556364956643,29,29,29,30
1680679556366639301,29,29,29,30
1680679556368330152,29,29,29,30
1680679556370024802,29,29,29,30
1680679556371714855,29,30,29,30
1680679556373393213,29,30,29,30
1680679556375075772,29,30,29,30
1680679556376743124,29,30,29,30
1680679556378446637,29,30,29,30
1680679556380194406,29,30,29,30
1680679556381907651,29,30,29,30
1680679556383597686,29,30,29,30
1680679556385277872,29,30,29,30
1680679556386963891,29,30,29,30
1680679556388648388,29,30,29,30
1680679556390338304,29,30,29,30
1680679556392019933,29,30,29,30
1680679556393707916,29,30,29,30
1680679556395394122,29,30,29,30
1680679556397079361,29,30,29,30
1680679556398812206,29,30,29,30
1680679556400516641,29,30,29,30
1680679556402247026,29,30,29,30
1680679556403938111,29,30,29,30
1680679556405618108,29,30,29,30
1680679556407292875,29,30,29,30
1680679556408970198,29,30,29,30
1680679556410647580,29,30,29,30
1680679556412325932,29,30,29,30
1680679556414014517,29,30,29,30
1680679556415713276,29,30,29,30
1680679556417389064,29,30,29,30
1680679556419086141,29,30,29,30
1680679556420820056,29,30,29,30
1680679556422598128,29,30,29,30
1680679556424280608,29,30,29,30
1680679556425989881,29,30,29,30
1680679556427742976,29,30,29,30
1680679556429429193,29,30,29,30
1680679556431110324,29,30,29,30
1680679556432794251,29,30,29,30
1680679556434490181,29,30,29,30
1680679556436251049,29,30,29,30
1680679556437955152,29,30,29,30
1680679556439639382,29,30,29,30
1680679556441347017,29,30,29,30
1680679556443069299,29,30,29,30
1680679556444727645,29,30,29,30
1680679556446433068,29,30,29,30
1680679556448117962,29,30,29,30
1680679556449809305,29,30,29,30
1680679556451499930,29,30,29,30
1680679556453181204,29,30,29,30
1680679556454861252,29,30,29,30
1680679556456553336,29,30,29,30
1680679556458272756,29,30,29,30
1680679556459963154,29,30,29,30
1680679556461691760,29,30,29,30
1680679556463415363,29,30,29,30
1680679556465108501,29,30,29,30
1680679556466792689,29,30,29,30
1680679556468481382,29,30,29,30
1680679556470169602,29,30,29,30
1680679556471856860,29,30,29,30
1680679556473539086,29,30,29,30
1680679556475220431,29,30,29,30
1680679556476909674,29,30,29,30
1680679556478604222,29,30,29,30
1680679556480382342,29,30,29,30
1680679556482111428,29,30,29,30
1680679556483798267,29,30,29,30
1680679556485480425,29,30,29,30
1680679556487163939,29,30,29,30
1680679556488847538,29,30,29,30
1680679556490531041,29,30,29,30
1680679556492215380,29,30,29,30
1680679556493931666,29,30,29,30
1680679556495640788,29,30,29,30
1680679556497330292,29,30,29,30
1680679556499110043,29,30,29,30
1680679556500836846,29,30,29,30
1680679556502560262,29,30,29,30
1680679556504248415,29,30,29,30
1680679556505945820,29,30,29,30
1680679556507635339,29,30,29,30
1680679556509321611,29,30,29,30
1680679556511019379,29,30,29,30
1680679556512728682,29,30,29,30
1680679556514407570,29,30,29,30
1680679556516091033,29,30,29,30
1680679556517772092,29,30,29,29
1680679556519513810,29,30,29,29
1680679556521247233,29,30,29,29
1680679556523031506,29,30,29,29
1680679556524726446,29,30,29,29
1680679556526410523,29,30,29,29
1680679556528096184,29,30,29,29
1680679556529816738,29,30,29,29
1680679556531509532,29,30,29,29
1680679556533193483,29,30,29,29
1680679556534878734,29,30,29,29
1680679556536546999,29,30,29,29
1680679556538219004,29,30,29,29
1680679556539896681,29,30,29,29
1680679556541615208,29,30,29,29
1680679556543399466,29,30,29,29
1680679556545069332,29,30,29,29
1680679556546786144,29,30,29,29
1680679556548465552,29,30,29,29
1680679556550161815,29,30,29,29
1680679556551849640,29,30,29,29
1680679556553529066,29,30,29,29
1680679556555210654,29,30,29,29
1680679556556914458,29,30,29,29
1680679556558635326,29,30,29,29
1680679556560341942,29,30,29,29
1680679556562103529,29,30,29,29
1680679556563872943,29,30,29,29
1680679556565582079,29,30,29,29
1680679556567287032,29,30,29,29
1680679556568981399,29,30,29,29
1680679556570665145,29,30,29,29
1680679556572338705,29,30,29,29
1680679556574021970,29,30,29,29
1680679556575701556,29,30,29,29
1680679556577381138,29,30,29,29
1680679556579070964,29,30,29,29
1680679556580780958,29,30,29,29
1680679556582490081,29,30,29,29
1680679556584174355,29,30,29,29
1680679556585862650,29,30,29,29
1680679556587549437,29,30,29,29
1680679556589297104,29,30,29,29
1680679556590976280,29,30,29,29
1680679556592666185,29,30,29,29
1680679556594351916,29,30,29,29
1680679556596037154,29,30,29,29
1680679556597721994,29,30,29,29
1680679556599494496,29,30,29,29
1680679556601214057,29,30,29,29
1680679556602995833,29,30,29,29
1680679556604684964,29,30,29,29
1680679556606383681,29,30,29,29
1680679556608071132,29,30,29,29
1680679556609758693,29,30,29,29
1680679556611449833,29,30,29,29
1680679556613138024,29,30,29,29
1680679556614819535,29,30,29,29
1680679556616515295,29,30,29,29
1680679556618291460,29,30,29,29
1680679556619978714,29,30,29,29
1680679556621711958,29,30,29,29
1680679556623488623,29,30,29,29
1680679556625177046,29,30,29,29
1680679556626851683,29,30,29,29
1680679556628533169,29,30,29,29
1680679556630222700,29,30,29,29
1680679556631907256,29,30,29,29
1680679556633591070,29,30,29,29
1680679556635279568,29,30,29,29
1680679556636962404,29,30,29,29
1680679556638718206,29,30,29,29
1680679556640380431,29,30,29,29
1680679556642055813,29,30,29,29
1680679556643743584,29,30,29,29
1680679556645409883,29,30,29,29
1680679556647071156,29,30,29,29
1680679556648728307,29,30,29,29
1680679556650438538,29,30,29,29
1680679556652149801,29,30,29,29
1680679556653862163,29,30,29,29
1680679556655572630,29,30,29,29
1680679556657281083,29,30,29,29
1680679556659027046,29,30,29,29
1680679556660727908,29,30,29,29
1680679556662430482,29,30,29,29
1680679556664169901,29,30,29,29
1680679556665854056,29,30,29,29
1680679556667542365,29,30,29,29
1680679556669231229,29,30,29,29
1680679556670918529,29,30,29,29
1680679556672600707,29,30,29,29
1680679556674302327,29,30,29,29
1680679556675989260,29,30,29,29
1680679556677677661,29,30,29,29
1680679556679411895,29,30,29,29
1680679556681110251,29,30,29,29
1680679556682839617,29,30,29,29
1680679556684528883,29,30,29,30
1680679556686279851,29,30,29,30
1680679556687965176,29,30,29,30
1680679556689645483,29,30,29,30
1680679556691325521,29,30,29,30
1680679556693000075,29,30,29,30
1680679556694669797,29,30,29,30
1680679556696332912,29,30,29,30
1680679556698008775,29,30,29,30
1680679556699768632,29,30,29,30
1680679556701566235,29,30,29,30
1680679556703430548,29,30,29,30
1680679556705120205,29,30,29,30
1680679556706801715,29,30,29,30
1680679556708484146,29,30,29,30
1680679556710170839,29,30,29,30
1680679556711857512,29,30,29,30
1680679556713550706,29,30,29,30
1680679556715232144,29,30,29,30
1680679556716910208,29,30,29,30
1680679556718598685,29,30,29,30
1680679556720286811,29,30,29,30
1680679556722012154,29,30,29,30
1680679556723790782,29,30,29,30
1680679556725496508,29,30,29,30
1680679556727194025,29,30,29,30
1680679556728903906,29,30,29,30
1680679556730616212,29,30,29,30
1680679556732323188,29,30,29,30
1680679556734034002,29,30,29,30
1680679556735720430,29,30,29,30
1680679556737402095,29,30,29,30
1680679556739189385,29,30,29,30
1680679556740879396,29,30,29,30
1680679556742589046,29,30,29,30
1680679556744354504,29,30,29,30
1680679556746039309,29,30,29,30
1680679556747724790,29,30,29,30
1680679556749403688,29,30,29,30
1680679556751086777,29,30,29,30
1680679556752729378,29,30,29,30
1680679556754418397,29,30,29,30
1680679556756105267,29,30,29,30
1680679556757794899,29,30,29,30
1680679556759537662,29,30,29,30
1680679556761268727,29,30,29,30
1680679556763030253,29,30,29,30
1680679556764719835,29,30,29,30
1680679556766406587,29,30,29,30
1680679556768087965,29,30,29,30
1680679556769768862,29,30,29,30
1680679556771448870,29,30,29,30
1680679556773129690,29,30,29,30
1680679556774811510,29,30,29,30
1680679556776476832,29,30,29,30
1680679556778146504,29,30,29,30
1680679556779866952,29,30,29,30
1680679556781685853,29,30,29,30
1680679556783430027,29,30,29,30
1680679556785101035,29,30,29,30
1680679556786805517,29,30,29,30
1680679556788516003,29,30,30,30
1680679556790250205,29,30,30,30
1680679556792010263,29,30,30,30
1680679556793769866,29,30,30,30
1680679556795479162,29,30,30,30
1680679556797180285,29,30,30,30
1680679556798860734,29,30,30,30
1680679556800550351,29,30,30,30
1680679556802294873,29,30,30,30
1680679556804107081,29,30,30,30
1680679556805800431,29,30,30,30
1680679556807550674,29,30,30,30
1680679556809233742,29,30,30,30
1680679556810916169,29,30,30,30
1680679556812600786,29,30,30,30
1680679556814293796,29,30,30,30
1680679556816055409,29,30,30,30
1680679556817745661,29,30,30,30
1680679556819438012,29,30,30,30
1680679556821209089,29,30,30,30
1680679556822953261,29,30,30,30
1680679556824657544,29,30,30,30
1680679556826366572,29,30,30,30
1680679556828051128,29,30,30,30
1680679556829744111,29,30,30,30
1680679556831470732,29,30,30,30
1680679556833157760,29,30,30,30
1680679556834846868,29,30,30,30
1680679556836534111,29,30,30,30
1680679556838229751,29,30,30,30
1680679556839969984,29,30,30,30
1680679556841668016,29,30,30,30
1680679556843438225,29,30,30,30
1680679556845130279,29,30,30,30
1680679556846813409,29,30,30,30
1680679556848490509,29,30,30,30
1680679556850173135,29,30,30,30
1680679556851857929,29,30,30,29
1680679556853537801,29,30,30,29
1680679556855218304,29,30,30,29
1680679556856901932,29,30,30,29
1680679556858583424,29,30,30,29
1680679556860301768,29,30,30,29
1680679556861999008,29,30,30,29
1680679556863758573,29,30,30,29
1680679556865428069,29,30,30,29
1680679556867088130,29,30,30,29
1680679556868727475,29,30,30,29
1680679556870427248,29,30,30,29
1680679556872138782,29,30,30,29
1680679556873848389,29,30,30,29
1680679556875556537,29,30,30,29
1680679556877263498,29,30,30,29
1680679556878963653,29,30,30,29
1680679556880673107,29,30,30,29
1680679556882414849,29,30,30,29
1680679556884271239,29,30,30,29
1680679556885963381,29,30,30,29
1680679556887643015,29,30,30,29
1680679556889326668,29,30,30,29
1680679556891012092,29,30,30,29
1680679556892708060,29,30,30,29
1680679556894395066,29,30,30,29
1680679556896070791,29,30,30,29
1680679556897749864,29,30,30,29
1680679556899457507,29,30,30,29
1680679556901139359,29,30,30,29
1680679556902939004,29,30,30,29
1680679556904621307,29,30,30,29
1680679556906307770,29,30,30,29
1680679556907999310,29,30,30,29
1680679556909684899,29,30,30,29
1680679556911371390,29,30,30,29
1680679556913055138,29,30,30,29
1680679556914738538,29,30,30,29
1680679556916421152,29,30,30,29
1680679556918112743,29,30,30,29
1680679556919831500,29,30,30,29
1680679556921524888,29,30,30,29
1680679556923318431,29,30,30,29
1680679556925002205,29,30,30,29
1680679556926689285,29,30,30,29
1680679556928461962,29,30,30,29
1680679556930171863,29,30,30,29
1680679556931865627,29,30,30,29
1680679556933555741,29,30,30,29
1680679556935237131,29,30,30,29
1680679556936917316,29,30,30,29
1680679556938602543,29,30,30,29
1680679556940394446,29,30,30,29
1680679556942154579,29,30,30,29
1680679556943888304,29,30,30,29
1680679556945574936,29,30,30,29
1680679556947310439,29,30,30,29
1680679556948989080,29,30,30,29
1680679556950668383,29,30,30,29
1680679556952350101,29,30,30,29
1680679556954031708,29,30,30,29
1680679556955713255,29,30,30,29
1680679556957389151,29,30,30,29
1680679556959074210,29,30,30,29
1680679556960727642,29,30,30,29
1680679556962488922,29,30,30,29
1680679556964263484,29,30,30,29
1680679556965955391,29,30,30,29
1680679556967646865,29,30,30,29
1680679556969333741,29,30,30,29
1680679556971022293,29,30,30,29
1680679556972707869,29,30,30,29
1680679556974401863,29,30,30,29
1680679556976084561,29,30,30,29
1680679556977770141,29,30,30,29
1680679556979494557,29,30,30,29
1680679556981179402,29,30,30,29
1680679556982950003,29,30,30,29
1680679556984678246,29,30,30,29
1680679556986347738,29,30,30,29
1680679556988006536,29,30,30,29
1680679556989667214,29,30,30,29
1680679556991336474,29,30,30,29
1680679556993000541,29,30,30,29
1680679556994714280,29,30,30,29
1680679556996457807,29,30,30,29
1680679556998212598,29,30,30,29
1680679557000028859,29,30,30,29
1680679557001755240,29,30,30,29
1680679557003569853,29,30,30,29
1680679557005238892,29,30,30,29
1680679557006909713,29,30,30,29
1680679557008583069,29,30,30,29
1680679557010264312,29,30,30,29
1680679557011934998,29,30,30,29
1680679557013597324,29,30,30,29
1680679557015302632,29,30,30,29
1680679557017007342,29,30,30,29
1680679557018720966,29,30,30,29
1680679557020459009,29,30,30,29
1680679557022191262,29,30,30,29
1680679557024131561,29,30,30,29
1680679557025851944,29,30,30,29
1680679557027554035,29,30,30,29
1680679557029273567,29,30,30,29
1680679557030976102,29,30,30,29
1680679557032686137,29,30,30,29
1680679557034404115,29,30,30,29
1680679557036107348,29,30,30,29
1680679557037811291,29,30,30,29
1680679557039519460,29,30,30,29
1680679557041215068,29,30,30,29
1680679557042984922,29,30,30,29
1680679557044722671,29,30,30,29
1680679557046401514,29,30,30,29
1680679557048085384,29,30,30,29
1680679557049769081,29,30,30,29
1680679557051460892,29,30,30,29
1680679557053149697,29,30,30,29
1680679557054835254,29,30,30,29
1680679557056525651,29,30,30,29
1680679557058220041,29,30,30,29
1680679557059927278,29,30,30,29
1680679557061605037,29,30,30,29
1680679557063321583,29,30,30,29
1680679557065022137,29,30,30,29
1680679557066709244,29,30,30,29
1680679557068378594,29,30,30,29
1680679557070049263,29,30,30,29
1680679557071709585,29,30,30,29
1680679557073372144,29,30,30,29
1680679557075054347,29,30,30,29
1680679557076821635,29,30,30,29
1680679557078509956,29,30,30,29
1680679557080228564,29,30,30,29
1680679557081950926,29,30,30,29
1680679557083744987,29,30,30,29
1680679557085434741,29,30,30,29
1680679557087130401,29,30,30,29
1680679557088843277,29,30,30,29
1680679557090544180,29,30,30,29
1680679557092250133,29,30,30,29
1680679557093965340,29,30,30,29
1680679557095673230,29,30,30,29
1680679557097386403,29,30,30,29
1680679557099148815,29,30,30,29
1680679557100865971,29,30,30,29
1680679557102530087,29,30,30,29
1680679557104284569,29,30,30,29
1680679557105968788,29,30,30,29
1680679557107729830,29,30,30,29
1680679557109394076,29,30,30,29
1680679557111081459,29,30,30,29
1680679557112729322,29,30,30,29
1680679557114409972,29,30,30,29
1680679557116111262,29,30,30,29
1680679557117819407,29,30,30,29
1680679557119513798,29,30,30,29
1680679557121215783,29,30,30,29
1680679557122944168,29,30,30,29
1680679557124727010,29,30,29,29
1680679557126469827,29,30,29,29
1680679557128188795,29,30,29,29
1680679557129909686,29,30,29,29
1680679557131609537,29,30,29,29
1680679557133305440,30,30,29,29
1680679557134998628,30,30,29,29
1680679557136683065,30,30,29,29
1680679557138374570,30,30,29,29
1680679557140079611,30,30,29,29
1680679557141771144,30,30,29,29
1680679557143517753,30,30,29,29
1680679557145200524,30,30,29,29
1680679557146903750,30,30,29,29
1680679557148585275,30,30,29,29
1680679557150294639,30,30,29,29
1680679557152078595,30,30,29,29
1680679557153771599,30,30,29,29
1680679557155453532,30,30,29,29
1680679557157136146,30,30,29,29
1680679557158822217,30,30,29,29
1680679557160563321,30,30,29,29
1680679557162297012,30,30,29,29
1680679557164104721,30,30,29,29
1680679557165812641,30,30,29,29
1680679557167524960,30,30,29,29
1680679557169296789,30,30,29,29
1680679557170988161,30,30,29,29
1680679557172668362,30,30,29,29
1680679557174392762,30,30,29,29
1680679557176088499,30,30,29,29
1680679557177778956,30,30,29,29
1680679557179465888,30,30,29,29
1680679557181154605,30,30,29,29
1680679557182949776,30,30,29,29
1680679557184810049,30,30,29,29
1680679557186469681,30,30,29,29
1680679557188137726,30,30,29,29
1680679557189811877,30,30,29,29
1680679557191481203,30,30,29,29
1680679557193145218,30,30,29,29
1680679557194822966,30,30,29,29
1680679557196522040,30,30,29,29
1680679557198209995,30,30,29,29
1680679557199928961,30,30,29,29
1680679557201622248,30,30,29,29
1680679557203356714,30,30,29,29
1680679557205162515,30,30,29,29
1680679557206842720,30,30,29,29
1680679557208526768,30,30,29,29
1680679557210225275,30,30,29,29
1680679557212103791,30,30,29,29
1680679557213828611,30,30,29,29
1680679557215514626,30,30,29,29
1680679557217302577,30,30,29,29
1680679557218988103,30,30,29,29
1680679557221055427,30,30,29,29
1680679557222828864,30,30,29,29
1680679557224604531,30,30,29,29
1680679557226314696,30,30,29,29
1680679557228263907,30,30,29,29
1680679557229982656,30,30,29,29
1680679557231693531,30,30,29,29
1680679557233403932,30,30,29,29
1680679557235332500,30,30,29,29
1680679557237102302,30,30,29,29
1680679557238789073,30,30,29,29
1680679557240493196,30,30,29,29
1680679557242230004,30,30,29,29
1680679557244234468,30,30,29,29
1680679557245937863,30,30,29,29
1680679557247623693,30,30,29,29
1680679557249304800,30,30,29,29
1680679557250979256,30,30,29,29
1680679557252665402,30,30,29,29
1680679557254372858,30,30,29,29
1680679557256062770,30,30,29,29
1680679557257764476,30,30,29,29
1680679557259463647,30,30,29,29
1680679557261202627,30,30,29,29
1680679557262929204,30,30,29,29
1680679557264680063,30,30,29,29
1680679557266390627,30,30,29,29
1680679557268076607,30,30,29,29
1680679557269781051,30,30,29,29
1680679557271473435,30,30,29,29
1680679557273160746,30,30,29,29
1680679557274850757,30,30,29,29
1680679557276543851,30,30,29,29
1680679557278238077,30,30,29,29
1680679557280074047,30,30,29,29
1680679557281752734,30,30,29,29
1680679557283489576,30,30,29,29
1680679557285202984,30,30,29,29
1680679557286883735,30,30,29,29
1680679557288547954,30,30,29,29
1680679557290228450,30,30,29,29
1680679557291890911,30,30,29,29
1680679557293635451,30,30,29,29
1680679557295519733,30,30,29,29
1680679557297384051,30,30,29,29
1680679557299258126,30,30,29,29
1680679557301189628,30,30,29,29
1680679557303174453,30,30,29,29
1680679557305153516,30,30,29,29
1680679557307079208,30,30,29,29
1680679557309319014,30,30,29,29
1680679557311219230,30,30,29,29
1680679557313092807,30,30,29,29
1680679557314953125,30,30,29,29
1680679557316874819,30,30,29,29
1680679557318732737,30,30,29,29
1680679557320655963,30,30,29,29
1680679557322809357,30,30,29,29
1680679557326700478,30,30,29,29
1680679557328592915,30,30,29,29
1680679557330489845,30,30,29,29
1680679557332384745,30,30,29,29
1680679557334300839,30,30,29,29
1680679557336205368,30,30,29,29
1680679557338120967,30,30,29,29
1680679557340012376,30,30,29,29
1680679557342779370,30,30,29,29
1680679557344780870,30,30,29,29
1680679557346708932,30,30,29,29
1680679557348640939,30,30,29,29
1680679557350582007,30,30,29,29
1680679557352497851,30,30,29,29
1680679557354376631,30,30,29,29
1680679557356291594,30,30,29,29
1680679557358957597,30,30,29,29
1680679557361800521,30,30,29,29
1680679557363889473,30,30,29,29
1680679557366200801,30,30,29,29
1680679557436398696,30,30,30,29
1680679557504751079,30,30,30,29
1680679557507181711,30,30,30,29
1680679557509081954,30,30,30,29
1680679557511002348,30,30,30,29
1680679557512919796,30,30,30,29
1680679557514823934,30,30,30,29
1680679557516609914,30,30,30,29
1680679557518287486,30,30,30,29
1680679557519968973,30,30,30,29
1680679557521640403,30,30,30,29
1680679557523348109,30,30,30,29
1680679557525076404,30,30,30,29
1680679557526800043,30,30,30,29
1680679557528568801,30,30,30,29
1680679557530240853,30,30,30,29
1680679557531912688,30,30,30,29
1680679557533589205,30,30,30,29
1680679557535255280,30,30,30,29
1680679557536922992,30,30,30,29
1680679557538616604,30,30,30,29
1680679557540319597,30,30,30,29
1680679557542183851,30,30,30,29
1680679557543898350,30,30,30,29
1680679557545698754,30,30,30,29
1680679557547430582,30,30,30,29
1680679557549146485,30,30,30,29
1680679557550829475,30,30,30,29
1680679557552526361,30,30,30,29
1680679557554232161,30,30,30,29
1680679557555919369,30,30,30,29
1680679557557608448,30,30,30,29
1680679557559309605,30,30,30,29
1680679557560994872,30,30,30,29
1680679557562680414,30,30,30,29
1680679557564370554,30,30,30,29
1680679557566088943,30,30,30,29
1680679557567778277,30,30,30,29
1680679557569458733,30,30,30,29
1680679557571188747,30,30,30,29
1680679557572988461,30,30,30,29
1680679557574683562,30,30,30,29
1680679557576380179,30,30,30,29
1680679557578084651,30,30,30,29
1680679557579769336,30,30,30,29
1680679557581454358,30,30,30,29
1680679557583190746,30,30,30,29
1680679557585050391,30,30,30,29
1680679557586814194,30,30,30,29
1680679557588613593,30,30,30,29
1680679557590310408,30,30,30,29
1680679557592007327,30,30,30,29
1680679557593709042,30,30,30,29
1680679557595414573,30,30,30,29
1680679557597203709,30,30,30,29
1680679557598888941,30,30,30,29
1680679557600574367,30,30,30,29
1680679557602330400,30,30,30,29
1680679557604014375,30,30,30,29
1680679557605813381,30,30,30,29
1680679557607497378,30,30,30,29
1680679557609177917,30,30,30,29
1680679557610860546,30,30,30,29
1680679557612526172,30,30,30,29
1680679557614201958,30,30,30,29
1680679557615876934,30,30,30,29
1680679557617546640,30,30,30,29
1680679557619212198,30,30,30,29
1680679557620887497,30,30,30,29
1680679557622641879,30,30,30,29
1680679557624353884,30,30,30,29
1680679557626169700,30,30,30,29
1680679557627882026,30,30,29,29
1680679557629593773,30,30,29,29
1680679557631301424,30,30,29,29
1680679557633008361,30,30,29,29
1680679557634720456,30,30,29,29
1680679557636730884,30,30,29,29
1680679557638456054,30,30,29,29
1680679557640175021,30,30,29,29
1680679557641890129,30,30,29,29
1680679557643639871,30,30,29,29
1680679557645482494,30,30,29,29
1680679557647196107,30,30,29,29
1680679557648941087,30,30,29,29
1680679557650630701,30,30,29,29
1680679557652316021,30,30,29,29
1680679557654007496,30,30,29,29
1680679557655704986,30,30,29,29
1680679557657393578,30,30,29,29
1680679557659074778,30,30,29,29
1680679557660725912,30,30,29,29
1680679557662441603,30,30,29,29
1680679557664127023,30,30,29,29
1680679557665872969,30,30,29,29
1680679557667562870,30,30,29,29
1680679557669257708,30,30,29,29
1680679557670942023,30,30,29,29
1680679557672635220,30,30,29,29
1680679557674326188,30,30,29,29
1680679557676016087,30,30,29,29
1680679557677691976,30,30,29,29
1680679557679369656,30,30,29,29
1680679557681049070,30,30,29,29
1680679557682742898,30,30,29,29
1680679557684432983,30,30,29,29
1680679557686244147,30,30,29,29
1680679557687929284,30,30,29,29
1680679557689618563,30,30,29,29
1680679557691308219,30,30,29,29
1680679557692997213,30,30,29,29
1680679557694683645,30,30,29,29
1680679557696459137,30,30,29,29
1680679557698137258,30,30,29,29
1680679557699807254,30,30,29,29
1680679557701483851,30,30,29,29
1680679557703192526,30,30,29,29
1680679557704905233,30,30,29,29
1680679557706621050,30,30,29,29
1680679557708325704,30,30,29,29
1680679557710084678,30,30,29,29
1680679557711773101,30,29,29,29
1680679557713513480,30,29,29,29
1680679557715204738,30,29,29,29
1680679557716904558,30,29,29,29
1680679557718615064,30,29,29,29
1680679557720330643,30,29,29,29
1680679557722040687,30,29,29,29
1680679557723778211,30,29,29,29
1680679557725621545,30,29,29,29
1680679557727360718,30,29,29,29
1680679557729082113,30,29,29,29
1680679557730731101,30,29,29,29
1680679557732379607,30,29,29,29
1680679557734045020,30,29,29,29
1680679557735702648,30,29,29,29
1680679557737356579,30,29,29,29
1680679557739036107,30,29,29,29
1680679557740723699,30,29,29,29
1680679557742413242,30,29,29,29
1680679557744107549,30,29,29,29
1680679557745900832,30,29,29,29
1680679557747644968,30,29,29,29
1680679557749353060,30,29,29,29
1680679557751063608,30,29,29,29
1680679557752783876,30,29,29,29
1680679557754485367,30,29,29,29
1680679557756192244,30,29,29,29
1680679557757908292,30,29,29,29
1680679557759618846,30,29,29,29
1680679557761300666,30,29,29,29
1680679557763001751,30,29,29,29
1680679557764690868,30,29,29,29
1680679557766417740,30,29,29,29
1680679557768103227,30,29,29,29
1680679557769795557,30,29,29,29
1680679557771482218,30,29,29,29
1680679557773170485,30,29,29,29
1680679557774857705,30,29,29,29
1680679557776555541,30,29,29,29
1680679557778255339,30,29,29,29
1680679557779931426,30,29,29,29
1680679557781616978,30,29,29,29
1680679557783356947,30,29,29,29
1680679557785244587,30,29,29,29
1680679557786933744,30,29,29,29
1680679557788625938,30,29,29,29
1680679557790332244,30,29,29,29
1680679557792021692,30,29,29,29
1680679557793703591,30,29,29,29
1680679557795381269,30,29,29,29
1680679557797068677,30,29,29,29
1680679557798756868,30,29,29,29
1680679557800450526,30,29,29,29
1680679557802147313,30,29,29,29
1680679557803855905,30,29,29,29
1680679557805629785,30,29,29,29
1680679557807437048,30,29,29,29
1680679557809128845,30,29,29,29
1680679557810808677,30,29,29,29
1680679557812477673,30,29,29,29
1680679557814154002,30,29,29,29
1680679557815909186,30,29,29,29
1680679557817573295,30,29,29,29
1680679557819248276,30,29,29,29
1680679557820922546,30,29,29,29
1680679557822658149,30,29,29,29
1680679557824370762,30,29,29,29
1680679557826134258,30,29,29,29
1680679557827861196,30,29,29,29
1680679557829599414,30,29,29,29
1680679557831328588,30,29,29,29
1680679557833133707,30,29,29,29
1680679557834823069,30,29,29,29
1680679557836514072,30,29,29,29
1680679557838215640,30,29,29,29
1680679557839905728,30,29,29,29
1680679557841595869,30,29,29,29
1680679557843311286,30,29,29,29
1680679557845068090,30,29,29,29
1680679557846785204,30,29,29,29
1680679557848651028,30,29,29,29
1680679557850348346,30,29,29,29
1680679557852044873,30,29,29,29
1680679557853731536,30,29,29,29
1680679557855413875,30,29,29,29
1680679557857091305,30,29,29,29
1680679557858774407,30,29,29,29
1680679557860473913,30,29,29,29
1680679557862173661,30,29,29,29
1680679557863880273,30,29,29,29
1680679557865705342,30,29,29,29
1680679557867451456,30,29,29,29
1680679557869222849,30,29,29,29
1680679557870901855,30,29,29,29
1680679557872592257,30,29,29,29
1680679557874291649,30,29,29,29
1680679557875992255,30,29,29,29
1680679557877788106,30,29,29,29
1680679557879478188,30,30,29,29
1680679557881168032,30,30,29,29
1680679557882889048,30,30,29,29
1680679557884576775,30,30,29,29
1680679557886419661,30,30,29,29
1680679557888128164,30,30,29,29
1680679557889832681,30,30,29,29
1680679557891533243,30,30,29,29
1680679557893212203,30,30,29,29
1680679557894890279,30,30,29,29
1680679557896610444,30,30,29,29
1680679557898378161,30,30,29,29
1680679557900048071,30,30,29,29
1680679557901715774,30,30,29,29
1680679557903410387,30,30,29,29
1680679557905187004,30,30,29,29
1680679557906927816,30,30,29,29
1680679557908617213,30,30,29,29
1680679557910313990,30,30,29,29
1680679557912002509,30,30,29,29
1680679557913701195,30,30,29,29
1680679557915390060,30,30,29,29
1680679557917093061,30,30,29,29
1680679557918802616,30,30,29,29
1680679557920545357,30,30,29,29
1680679557922259717,30,30,29,29
1680679557923998983,30,30,29,29
1680679557925744193,30,30,29,29
1680679557927503778,30,30,29,29
1680679557929291975,30,30,29,29
1680679557930976949,30,30,29,29
1680679557932666572,30,30,29,29
1680679557934361223,30,30,29,29
1680679557936047694,30,30,29,29
1680679557937734102,30,30,29,29
1680679557939416268,30,30,29,29
1680679557941112642,30,30,29,29
1680679557942803771,30,30,29,29
1680679557944487630,30,30,29,29
1680679557946297585,30,30,29,29
1680679557948025367,30,30,29,29
1680679557949719886,30,30,29,29
1680679557951402316,30,30,29,29
1680679557953097269,30,30,29,29
1680679557954770461,30,30,29,29
1680679557956451677,30,30,29,29
1680679557958150675,30,30,29,29
1680679557959846703,30,30,29,29
1680679557961531029,30,30,29,29
1680679557963252999,30,30,29,29
1680679557964942646,30,30,29,29
1680679557966787837,30,30,29,29
1680679557968481708,30,30,29,29
1680679557970169146,30,30,29,29
1680679557971852940,30,30,29,29
1680679557973546987,30,30,29,29
1680679557975232542,30,30,29,29
1680679557976953210,30,30,29,29
1680679557978637928,30,30,29,29
1680679557980308226,30,30,29,29
1680679557981975994,30,30,29,29
1680679557983709938,30,30,29,29
1680679557985546252,30,30,29,29
1680679557987232054,30,30,29,29
1680679557988895285,30,30,29,29
1680679557990593088,30,30,29,29
1680679557992305224,30,30,29,29
1680679557994022154,30,30,29,29
1680679557995723204,30,30,29,29
1680679557997463505,30,30,29,29
1680679557999170011,30,30,29,29
1680679558000872723,30,30,29,29
1680679558002554500,30,30,29,29
1680679558004296780,30,30,29,29
1680679558006116360,30,30,29,29
1680679558007864392,30,30,29,29
1680679558009556140,30,30,29,29
1680679558011233093,30,30,29,29
1680679558012911162,30,30,29,29
1680679558014591173,30,30,29,29
1680679558016277916,30,30,29,29
1680679558017979575,30,30,29,29
1680679558019679744,30,30,29,29
1680679558021366506,30,30,29,29
1680679558023075518,30,30,29,29
1680679558024725478,30,30,29,29
1680679558026517518,30,30,29,29
1680679558028260032,30,30,29,29
1680679558029976070,30,30,29,29
1680679558031689357,30,30,29,29
1680679558033478383,30,30,29,29
1680679558035160820,30,30,29,29
1680679558036852289,30,30,29,29
1680679558038528666,30,30,29,29
1680679558040213342,30,30,29,29
1680679558041915174,30,30,29,29
1680679558043620210,30,30,29,29
1680679558045305530,30,30,29,29
1680679558047102225,30,29,29,29
1680679558048821446,30,29,29,29
1680679558050505354,30,29,29,29
1680679558052186675,30,29,29,29
1680679558053876570,30,29,29,29
1680679558055566693,30,29,29,29
1680679558057252309,30,29,29,29
1680679558058935086,30,29,29,29
1680679558060629923,30,29,29,29
1680679558062313467,30,29,29,29
1680679558064055561,30,29,29,29
1680679558065820772,30,29,29,29
1680679558067534332,30,29,29,29
1680679558069219747,30,29,29,29
1680679558070900635,30,29,29,29
1680679558072586072,30,29,29,29
1680679558074285846,30,29,29,29
1680679558078823523,30,29,29,29
1680679558082532190,30,29,29,29
1680679558086397926,30,29,29,29
1680679558088571892,30,29,29,29
1680679558090358170,30,29,29,29
1680679558092131896,30,29,29,29
1680679558093897421,30,29,29,29
1680679558095670767,30,29,29,29
1680679558097430921,30,29,29,29
1680679558099192391,30,29,29,29
1680679558100956015,30,29,29,29
1680679558102716274,30,29,29,29
1680679558104453854,30,29,29,29
1680679558106187276,30,29,29,29
1680679558107877631,30,29,29,29
1680679558109536716,30,29,29,29
1680679558111205632,30,29,29,29
1680679558112869605,30,29,29,29
1680679558114558585,30,29,29,29
1680679558116252571,30,29,29,29
1680679558117955399,30,29,29,29
1680679558119643814,30,29,29,29
1680679558121331845,30,29,29,29
1680679558123015982,30,29,29,29
1680679558124698002,30,29,29,29
1680679558126486556,30,29,29,29
1680679558128229011,30,29,29,29
1680679558129984013,30,29,30,29
1680679558131686712,30,29,30,29
1680679558133376032,30,29,30,29
1680679558135067661,30,29,30,29
1680679558136727312,30,29,30,29
1680679558138390392,32,29,30,29
1680679558140070320,32,29,30,29
1680679558141744544,32,29,30,29
1680679558143438627,32,29,30,29
1680679558145104586,32,29,30,29
1680679558146866538,32,29,30,29
1680679558148685836,32,29,30,29
1680679558150400992,32,29,30,29
1680679558152112455,32,29,30,29
1680679558153827983,32,29,30,29
1680679558155537896,32,29,30,29
1680679558157243162,32,29,30,29
1680679558158920364,32,29,30,29
1680679558160599979,32,29,30,29
1680679558162303222,32,29,30,29
1680679558164078599,32,29,30,29
1680679558165899754,32,29,30,29
1680679558168377305,32,29,30,29
1680679558170246519,32,29,30,29
1680679558172171066,32,29,30,29
1680679558174192864,32,29,30,29
1680679558176128472,32,29,30,29
1680679558177956193,32,29,30,29
1680679558179889304,32,29,30,29
1680679558181751323,32,29,30,29
1680679558183770349,32,29,30,29
1680679558185619617,32,29,30,29
1680679558187457230,32,29,30,29
1680679558189419577,32,29,30,29
1680679558191247198,32,29,30,29
1680679558193558879,32,29,30,29
1680679558195402826,32,29,30,29
1680679558197160959,32,29,30,29
1680679558199084479,32,29,30,29
1680679558200934663,32,29,30,29
1680679558202851598,32,29,30,29
1680679558204727097,32,29,30,29
1680679558206678898,32,29,30,29
1680679558208625625,32,29,30,29
1680679558210406204,32,30,30,29
1680679558218382236,32,30,30,29
1680679558220197023,32,30,30,29
1680679558222191304,32,30,30,29
1680679558224483075,32,30,30,29
1680679558246872969,32,30,30,29
1680679558249711910,32,30,30,29
1680679558252544779,32,30,30,29
1680679558254700585,32,30,30,29
1680679558257307038,32,30,30,29
1680679558259281453,32,30,30,29
1680679558261555977,32,30,30,29
1680679558265007417,32,30,30,29
1680679558267055110,32,30,30,29
1680679558269030959,32,30,30,29
1680679558271126922,32,30,30,29
1680679558272974312,32,30,30,29
1680679558274962982,32,30,30,29
1680679558276897858,32,30,30,29
1680679558278976015,32,30,30,29
1680679558281059444,32,30,30,29
1680679558282911853,32,30,30,29
1680679558284860880,32,30,30,29
1680679558287252791,32,30,30,29
1680679558289478732,32,30,30,29
1680679558291596964,32,30,30,29
1680679558293937151,32,30,30,29
1680679558296018373,32,30,30,29
1680679558298116489,35,30,30,29
1680679558319417048,35,30,30,29
1680679558322193222,35,30,30,29
1680679558324737876,35,30,30,29
1680679558329192039,35,30,30,29
1680679558331306655,35,30,30,29
1680679558333293920,35,30,30,29
1680679558335374719,35,30,30,29
1680679558337458788,35,30,30,29
1680679558339468549,35,30,30,29
1680679558341154881,35,30,30,29
1680679558343661052,35,30,30,29
1680679558345353022,35,30,30,29
1680679558347083225,35,30,30,29
1680679558348794212,35,30,30,29
1680679558350458083,35,30,30,29
1680679558352128259,35,30,30,29
1680679558354754344,35,30,30,29
1680679558356427277,35,30,30,29
1680679558358112259,35,30,30,29
1680679558359852509,35,30,30,29
1680679558361590350,35,30,30,29
1680679558363329398,35,30,30,29
1680679558365107113,35,30,30,29
1680679558366963340,35,30,30,29
1680679558368828065,35,30,30,29
1680679558370517919,35,30,30,29
1680679558372181308,35,30,30,29
1680679558373859256,35,30,30,29
1680679558375527440,35,30,30,29
1680679558377189507,35,30,30,29
1680679558378853240,35,30,30,29
1680679558380572825,35,30,30,29
1680679558382293758,35,30,30,29
1680679558384174999,35,30,30,29
1680679558385890559,35,30,30,29
1680679558387731883,35,30,30,29
1680679558389432403,35,30,30,29
1680679558391301057,35,30,30,29
1680679558393513140,35,30,30,29
1680679558395189304,35,30,30,29
1680679558396867629,35,30,30,29
1680679558398526777,35,30,30,29
1680679558400199734,35,30,30,29
1680679558401902622,35,30,30,29
1680679558403616943,35,30,30,29
1680679558405325091,35,30,30,29
1680679558407130981,35,30,30,29
1680679558408856825,35,30,30,29
1680679558410563665,35,30,30,29
1680679558412263767,35,30,30,29
1680679558413961358,35,30,30,29
1680679558415652050,35,30,30,29
1680679558417332524,35,30,30,29
1680679558419012569,35,30,30,29
1680679558420692351,35,30,30,29
1680679558422381951,35,30,30,29
1680679558424169660,35,30,30,29
1680679558425853823,35,30,30,29
1680679558427641260,35,30,30,29
1680679558429329492,35,30,30,29
1680679558431013946,35,30,30,29
1680679558432704179,35,30,30,29
1680679558434400245,35,30,30,29
1680679558436091844,35,30,30,29
1680679558437780896,35,30,30,29
1680679558439469698,35,30,30,29
1680679558441161919,35,30,30,29
1680679558442845104,35,30,30,29
1680679558444757827,35,30,30,29
1680679558446640239,35,30,30,29
1680679558448528828,35,30,30,29
1680679558450453143,35,30,30,29
1680679558452315640,35,30,30,29
1680679558454128065,35,30,30,29
1680679558455918604,35,30,30,29
1680679558457692803,35,30,30,29
1680679558459409347,35,30,30,29
1680679558461126194,35,30,30,29
1680679558462848584,35,30,30,29
1680679558464586989,35,30,30,29
1680679558466367488,35,30,30,29
1680679558468131747,35,30,30,29
1680679558469851945,35,30,30,29
1680679558471568903,29,30,30,29
1680679558473296066,29,30,30,29
1680679558475013346,29,30,30,29
1680679558476614747,29,30,30,29
1680679558478239486,29,30,30,29
1680679558479847600,29,30,30,29
1680679558481466361,29,30,30,29
1680679558483075288,29,30,30,29
1680679558484790103,29,30,30,29
1680679558486571110,29,30,30,29
1680679558488221024,29,30,30,29
1680679558489901561,29,30,30,29
1680679558491557829,29,30,30,29
1680679558493194051,29,30,30,29
1680679558494882022,29,30,30,29
1680679558496554974,29,30,30,29
1680679558498234663,29,30,30,29
1680679558499903052,29,30,30,29
1680679558501567848,29,30,30,29
1680679558503228373,29,30,30,29
1680679558504985043,29,30,30,29
1680679558506714847,29,30,30,29
1680679558508426373,29,30,30,29
1680679558510121516,29,30,30,29
1680679558511809667,29,30,30,29
1680679558513496940,29,30,30,29
1680679558515183049,29,30,30,29
1680679558516869098,29,30,30,29
1680679558518550928,29,30,30,29
1680679558520243797,29,30,30,29
1680679558521944150,29,30,30,29
1680679558523634131,29,30,30,29
1680679558525367048,29,30,30,29
1680679558527114682,29,30,30,29
1680679558528936316,29,30,30,29
1680679558530809038,29,30,30,29
1680679558532504009,29,30,30,29
1680679558534189826,29,30,30,29
1680679558535875803,29,30,30,29
1680679558537663274,29,30,30,29
1680679558539349725,29,30,30,29
1680679558541036788,29,30,30,29
1680679558542863091,29,30,30,29
1680679558544600994,29,30,30,29
1680679558546315416,29,30,30,29
1680679558548058236,29,30,30,29
1680679558549864991,29,30,30,29
1680679558551556082,29,30,30,29
1680679558553228197,29,30,30,29
1680679558554913799,29,30,30,29
1680679558556602328,29,30,30,29
1680679558558304418,29,30,30,29
1680679558559981032,29,30,30,29
1680679558561664344,29,30,30,29
1680679558563348260,29,30,30,29
1680679558565084627,29,30,30,29
1680679558566811832,29,30,30,29
1680679558568519629,29,30,30,29
1680679558570217680,29,30,30,29
1680679558571905168,29,30,30,29
1680679558573590811,29,30,30,29
1680679558575275526,29,30,30,29
1680679558576963229,29,30,30,29
1680679558578656460,29,30,30,29
1680679558580327918,29,30,30,29
1680679558582008564,29,30,30,29
1680679558583677523,29,30,30,29
1680679558585358059,29,30,30,29
1680679558587187358,29,30,30,29
1680679558588901386,29,30,30,29
1680679558590581561,29,30,30,29
1680679558592264324,29,30,30,29
1680679558593973178,29,30,30,29
1680679558595663492,29,30,30,29
1680679558597350943,29,30,30,29
1680679558599040886,29,30,30,29
1680679558600731421,29,30,30,29
1680679558602437087,29,30,30,29
1680679558604144957,29,30,30,29
1680679558605867443,29,30,30,29
1680679558607846752,29,30,30,29
1680679558609801366,29,30,30,29
1680679558611719013,29,30,30,29
1680679558613608897,29,30,30,29
1680679558615516923,29,30,30,29
1680679558617408398,29,30,30,29
1680679558619307469,29,30,30,29
1680679558621197181,29,30,30,29
1680679558623234770,29,30,30,29
1680679558625327490,29,30,30,29
1680679558627285816,29,30,30,29
1680679558629254588,29,30,30,29
1680679558631298569,29,30,30,29
1680679558633384839,29,30,30,29
1680679558635349314,29,30,30,29
1680679558637424943,29,30,30,29
1680679558639317158,29,30,30,29
1680679558641218507,29,30,30,29
1680679558643095160,29,30,30,29
1680679558645025907,29,30,30,29
1680679558647051492,29,30,30,29
1680679558648958637,29,30,30,29
1680679558650853646,29,30,30,29
1680679558652729272,29,30,30,29
1680679558654601150,29,30,30,29
1680679558656487243,29,30,30,29
1680679558658396380,29,30,30,29
1680679558660300038,29,30,30,29
1680679558662864512,29,30,30,29
1680679558664790198,29,30,30,29
1680679558666698077,29,30,30,29
1680679558668631000,29,30,30,29
1680679558670545923,29,30,30,29
1680679558672457194,29,30,30,29
1680679558674379320,29,30,30,29
1680679558676288668,29,30,30,29
1680679558678747976,29,30,30,29
1680679558681457201,29,30,30,29
1680679558683741059,29,30,30,29
1680679558685811779,29,29,30,29
1680679558755918070,29,29,30,29
1680679558847355298,29,29,30,29
1680679558851876405,29,29,30,29
1680679558855442400,29,29,30,29
1680679558859290357,29,29,30,30
1680679558863162744,29,29,30,30
1680679558866547133,29,29,30,30
1680679558868952728,29,29,30,30
1680679558871374706,29,29,30,30
1680679558873813530,29,29,30,30
1680679558876233362,29,29,30,30
1680679558878646282,29,29,30,30
1680679558881012408,29,29,30,30
1680679558885572681,29,29,30,30
1680679558887423453,29,29,30,30
1680679558889168106,29,29,30,30
1680679558890926484,29,29,30,30
1680679558892696706,29,29,30,30
1680679558894475606,29,29,30,30
1680679558896258989,29,29,30,30
1680679558898102364,29,29,30,30
1680679558899871529,29,29,30,30
1680679558901592435,29,29,30,30
1680679558903281342,29,29,30,30
1680679558905067023,29,29,30,30
1680679558906754598,29,29,30,30
1680679558908511929,29,29,30,30
1680679558910201786,29,29,30,30
1680679558911882180,29,29,30,30
1680679558913619906,29,29,30,30
1680679558915305710,29,29,30,30
1680679558916985944,29,29,30,30
1680679558918667945,29,29,30,30
1680679558920369151,29,29,30,30
1680679558922067596,29,29,30,30
1680679558923759478,29,29,30,30
1680679558925458061,29,29,30,30
1680679558927144463,29,29,30,30
1680679558928892192,29,29,30,30
1680679558930583290,29,29,30,30
1680679558932272452,29,29,30,30
1680679558933988464,29,29,30,30
1680679558935685841,29,29,30,30
1680679558937384920,29,29,30,30
1680679558939064678,29,29,30,30
1680679558940727912,29,29,30,30
1680679558942412854,29,29,30,30
1680679558944101014,29,29,30,30
1680679558945879188,29,29,30,30
1680679558947625236,29,29,30,30
1680679558949320414,29,29,30,30
1680679558951073477,29,29,30,30
1680679558952726735,29,29,30,30
1680679558954418488,29,29,30,30
1680679558956108929,29,29,30,30
1680679558957797441,29,29,30,30
1680679558959476746,29,29,30,30
1680679558961156272,29,29,30,30
1680679558962832577,29,29,30,30
1680679558964511555,29,29,30,30
1680679558966318008,29,29,30,30
1680679558968060529,29,29,30,30
1680679558969754454,29,29,30,30
1680679558971445868,29,29,30,30
1680679558973247537,29,29,30,30
1680679558974935477,29,29,30,30
1680679558976625255,29,29,30,30
1680679558978322753,29,29,30,30
1680679558980011719,29,29,30,30
1680679558981703733,29,29,30,30
1680679558983388350,29,29,30,30
1680679558985079927,29,29,30,30
1680679558986774215,29,29,30,30
1680679558988615073,29,29,30,30
1680679558990305836,29,29,30,30
1680679558991986262,29,29,30,30
1680679558993693707,29,29,30,30
1680679558995375072,29,29,30,30
1680679558997053563,29,29,30,30
1680679558998734123,29,29,30,30
1680679559000418803,29,29,30,30
1680679559002108743,29,29,30,30
1680679559003802846,29,29,30,30
1680679559005512482,29,29,30,30
1680679559007198222,29,29,30,30
1680679559008911425,29,29,30,30
1680679559010592417,29,29,30,30
1680679559012287456,29,29,30,30
1680679559014030504,29,29,30,30
1680679559015724324,29,29,30,30
1680679559017397214,29,29,30,30
1680679559019080309,29,29,30,30
1680679559020725966,29,29,30,30
1680679559022404004,29,29,30,30
1680679559024087330,29,29,30,30
1680679559025797943,29,29,30,30
1680679559027583723,29,29,30,29
1680679559029276172,29,29,30,29
1680679559030958209,29,29,30,29
1680679559032651135,29,29,30,29
1680679559034407352,29,29,30,29
1680679559036100052,29,29,30,29
1680679559037798776,29,29,30,29
1680679559039487682,29,29,30,29
1680679559041176982,29,29,30,29
1680679559042866493,29,29,30,29
1680679559044555593,29,29,30,29
1680679559046320594,29,29,30,29
1680679559048147884,29,29,30,29
1680679559049846036,29,29,30,29
1680679559051532955,29,29,30,29
1680679559053302785,29,29,30,29
1680679559054993114,29,29,30,29
1680679559056685370,29,29,30,29
1680679559058377258,29,29,30,29
1680679559060063727,29,29,30,29
1680679559061754195,29,29,30,29
1680679559063439878,29,29,30,29
1680679559065123472,29,29,30,29
1680679559066834986,29,29,30,29
1680679559068615768,29,29,30,29
1680679559070316378,29,29,30,29
1680679559071995386,29,29,30,29
1680679559073713452,29,29,30,29
1680679559075393023,29,29,30,29
1680679559077078219,29,29,30,29
1680679559078760760,29,29,30,29
1680679559080447793,29,29,30,29
1680679559082141362,29,29,30,29
1680679559083830342,29,29,30,29
1680679559085550124,29,29,30,29
1680679559087236438,29,29,30,29
1680679559088988155,29,29,30,29
1680679559090671666,29,29,30,29
1680679559092360598,29,29,30,29
1680679559094089817,29,29,30,29
1680679559095779146,29,29,30,29
1680679559097475300,29,29,30,29
1680679559099153149,29,29,30,29
1680679559100838234,29,29,30,29
1680679559102517917,29,29,30,29
1680679559104212369,29,29,30,29
1680679559105923597,29,29,30,29
1680679559107606533,29,29,30,29
1680679559109346496,29,29,30,29
1680679559111028276,29,29,30,29
1680679559112713154,29,29,30,29
1680679559114482942,29,29,30,29
1680679559116181404,29,29,30,29
1680679559117871145,29,29,30,29
1680679559119556627,29,29,30,29
1680679559121243640,29,29,30,29
1680679559122926996,29,29,30,29
1680679559124619895,29,29,30,29
1680679559126357672,29,29,30,29
1680679559128142780,29,29,30,29
1680679559129842087,29,29,30,29
1680679559131532635,29,29,30,29
1680679559133294724,29,29,30,29
1680679559134975969,29,29,30,29
1680679559136674395,29,29,30,29
1680679559138364217,29,29,30,29
1680679559140048410,29,29,30,29
1680679559141732496,29,29,30,29
1680679559143416951,29,29,30,29
1680679559145105862,29,29,30,29
1680679559146845136,29,29,30,29
1680679559148567454,29,29,30,29
1680679559150256863,29,29,30,29
1680679559151929288,29,29,30,29
1680679559153714878,29,29,30,29
1680679559155386575,29,29,30,29
1680679559157057490,29,29,30,29
1680679559158753144,29,29,30,29
1680679559160441455,29,29,30,29
1680679559162140964,29,29,30,29
1680679559163822543,29,29,30,29
1680679559165510259,29,29,30,29
1680679559167193536,29,29,30,29
1680679559169013394,29,29,30,29
1680679559170727895,29,29,30,29
1680679559172438920,29,29,30,29
1680679559174211223,29,29,30,29
1680679559175918718,29,29,30,29
1680679559177621599,29,29,30,29
1680679559179309547,29,29,30,29
1680679559180992120,29,29,30,29
1680679559182673104,29,29,30,29
1680679559184357262,29,29,30,29
1680679559186171102,29,29,30,29
1680679559188113399,29,29,30,29
1680679559189802802,29,29,30,29
1680679559191489103,29,29,30,29
1680679559193171282,29,29,30,29
1680679559194856748,29,29,30,29
1680679559196541304,29,29,30,29
1680679559198237684,29,29,30,29
1680679559199981842,29,29,30,29
1680679559201662940,29,29,30,29
1680679559203340078,29,29,30,29
1680679559205018706,29,29,30,29
1680679559206749846,29,29,30,29
1680679559208511480,29,29,30,29
1680679559210214124,29,29,30,29
1680679559211912894,29,29,30,29
1680679559213609765,29,29,30,29
1680679559215303106,29,29,30,29
1680679559216985553,29,29,30,29
1680679559218668213,29,29,30,29
1680679559220350402,29,29,30,29
1680679559222039153,29,30,30,29
1680679559223729798,29,30,30,29
1680679559225419321,29,30,30,29
1680679559227106469,29,30,30,29
1680679559228916644,29,30,30,29
1680679559230609767,29,30,30,29
1680679559232305036,29,30,30,29
1680679559234007697,29,30,30,29
1680679559235738260,29,30,30,29
1680679559237412809,29,30,30,29
1680679559239091966,29,30,30,29
1680679559240726341,29,30,30,29
1680679559242423551,29,30,30,29
1680679559244109283,29,30,30,29
1680679559245919152,29,30,30,29
1680679559247601517,29,30,30,29
1680679559249332099,29,30,30,29
1680679559251085906,29,30,30,29
1680679559252780523,29,30,30,29
1680679559254543146,29,30,30,29
1680679559256233523,29,30,30,29
1680679559257924311,29,30,30,29
1680679559259620384,29,30,30,29
1680679559261305211,29,30,30,29
1680679559262996287,29,30,30,29
1680679559264686650,29,30,30,29
1680679559266396736,29,30,30,29
1680679559268080070,29,30,30,29
1680679559269767906,29,30,30,29
1680679559271460455,29,30,30,29
1680679559273140828,29,30,30,29
1680679559274881504,29,30,30,29
1680679559276569765,29,30,30,29
1680679559278273006,29,30,30,29
1680679559279957031,29,30,30,29
1680679559281636265,29,30,30,29
1680679559283324516,29,30,30,29
1680679559285012707,29,30,30,29
1680679559286711738,29,30,30,29
1680679559288476431,29,30,30,29
1680679559290163725,29,30,30,29
1680679559291844533,29,30,30,29
1680679559293533939,29,30,30,29
1680679559295223087,29,30,30,29
1680679559296902521,29,30,30,29
1680679559298583858,29,30,30,29
1680679559300270383,29,30,29,29
1680679559301966751,29,30,29,29
1680679559303653678,29,30,29,29
1680679559305341805,29,30,29,29
1680679559307079911,29,30,29,29
1680679559308819659,29,30,29,29
1680679559310511126,29,30,29,29
1680679559312202705,29,30,29,29
1680679559313948927,29,30,29,29
1680679559315651870,29,30,29,29
1680679559317341114,29,30,29,29
1680679559319084873,29,30,29,29
1680679559320835868,29,30,29,29
1680679559322521825,29,30,29,29
1680679559324202979,29,30,29,29
1680679559325897779,29,30,29,29
1680679559327594124,29,30,29,29
1680679559329359645,29,30,29,29
1680679559331043247,29,30,29,29
1680679559332728289,29,30,29,29
1680679559334439001,29,30,29,29
1680679559336199744,29,30,29,29
1680679559337893381,29,30,29,29
1680679559339588428,29,30,29,29
1680679559341281834,29,30,29,29
1680679559342973210,29,30,29,29
1680679559344725500,29,30,29,29
1680679559346410898,29,30,29,29
1680679559348079763,29,30,29,29
1680679559349841183,29,30,29,29
1680679559351532803,29,30,29,29
1680679559353209407,29,30,29,29
1680679559354942744,29,30,29,29
1680679559356625039,29,30,29,29
1680679559358317616,29,30,29,29
1680679559360004636,29,30,29,29
1680679559361692398,29,30,29,29
1680679559363380740,29,30,29,29
1680679559365094925,29,30,29,29
1680679559366931982,29,30,29,29
1680679559368687809,29,30,29,29
1680679559370405975,29,30,29,29
1680679559372116316,29,30,29,29
1680679559373886745,29,30,29,29
1680679559375594769,29,30,29,29
1680679559377272907,29,30,29,29
1680679559378953378,29,30,29,29
1680679559380636383,29,30,29,29
1680679559382320489,29,30,29,29
1680679559384013129,29,30,29,29
1680679559385699371,29,30,29,29
1680679559387411657,29,30,29,29
1680679559389236773,29,30,29,29
1680679559390922302,29,30,29,29
1680679559392604454,29,30,29,29
1680679559394401534,29,30,29,29
1680679559396086233,29,30,29,29
1680679559397768662,29,30,29,29
1680679559399451361,29,30,29,29
1680679559401130359,29,30,29,29
1680679559402804904,29,30,29,29
1680679559404486183,29,30,29,29
1680679559406259976,29,30,29,29
1680679559407949657,29,30,29,29
1680679559409682920,29,30,29,29
1680679559411365212,29,30,29,29
1680679559413054380,29,30,29,29
1680679559414799254,29,30,29,29
1680679559416555298,29,30,29,29
1680679559418344040,29,30,29,29
1680679559420032501,29,30,29,29
1680679559421722500,29,30,29,29
1680679559423409392,29,30,29,29
1680679559425105231,29,30,29,29
1680679559426805822,29,30,29,29
1680679559428673987,29,30,29,29
1680679559430345590,29,30,29,29
1680679559432015257,29,30,29,29
1680679559433685871,29,30,29,29
1680679559435376289,29,30,29,29
1680679559437040238,29,30,29,29
1680679559438720335,29,30,29,29
1680679559440405055,29,30,29,29
1680679559442103992,29,30,29,29
1680679559443793895,29,30,29,29
1680679559445487153,29,30,29,29
1680679559447199689,29,30,29,29
1680679559448954173,29,30,29,29
1680679559450656937,29,30,29,29
1680679559452428280,29,30,29,29
1680679559454166453,29,30,29,29
1680679559455878806,29,30,29,29
1680679559457593917,29,30,29,29
1680679559459302223,29,30,29,29
1680679559460989863,29,30,29,29
1680679559462673071,29,30,29,29
1680679559464357092,29,30,29,29
1680679559466053023,29,30,29,29
1680679559467763064,29,30,29,29
1680679559469534444,29,30,29,29
1680679559471218482,29,30,29,29
1680679559472907247,29,30,29,29
1680679559474602828,29,30,29,29
1680679559476287121,29,30,29,29
1680679559477986835,29,30,29,29
1680679559479740373,29,30,29,29
1680679559481433803,29,30,29,29
1680679559483124416,29,30,29,29
1680679559484820261,29,30,29,29
1680679559486534309,29,30,29,29
1680679559488299809,29,30,29,29
1680679559490120992,29,30,29,29
1680679559491814347,29,30,29,29
1680679559493497581,29,30,29,29
1680679559495204697,29,30,29,29
1680679559496891708,29,30,29,29
1680679559498566543,29,30,29,29
1680679559500248740,29,30,29,29
1680679559501948930,29,30,29,29
1680679559503632393,29,30,29,29
1680679559505315641,29,30,29,29
1680679559507020451,29,30,29,29
1680679559508802164,29,30,29,29
1680679559510485208,29,30,29,29
1680679559512168856,29,30,29,29
1680679559513863796,29,30,29,29
1680679559515546102,29,30,29,29
1680679559517229303,29,30,29,29
1680679559518935270,29,30,29,29
1680679559520623263,29,30,29,29
1680679559522317304,29,30,29,29
1680679559524002763,29,30,29,29
1680679559525693271,29,30,29,29
1680679559527435735,29,30,29,29
1680679559529169703,29,30,29,29
1680679559530849847,29,30,29,29
1680679559532516966,29,30,29,29
1680679559534209013,29,30,29,29
1680679559535875375,29,30,29,29
1680679559537551217,29,30,29,29
1680679559539252516,29,30,29,29
1680679559540919269,29,30,29,29
1680679559542607132,29,30,29,29
1680679559544357440,29,30,29,29
1680679559546054673,29,30,29,29
1680679559547791784,29,30,29,29
1680679559549568693,29,30,29,29
1680679559551251693,29,30,29,29
1680679559552935800,29,30,29,29
1680679559554673861,29,30,29,29
1680679559556370835,29,30,29,29
1680679559558068291,29,30,29,29
1680679559559761698,29,30,29,29
1680679559561444792,29,30,29,29
1680679559563136645,29,30,29,29
1680679559564888990,29,30,29,29
1680679559566634396,29,30,29,29
1680679559568313114,29,30,29,29
1680679559570115502,29,30,29,29
1680679559571794559,29,30,29,29
1680679559573475359,29,30,29,29
1680679559575211630,29,30,29,29
1680679559576894687,29,30,29,29
1680679559578576155,29,30,29,29
1680679559580264067,29,30,29,29
1680679559581961499,29,30,29,29
1680679559583790833,29,30,29,29
1680679559585507092,29,30,29,29
1680679559587214767,29,30,29,29
1680679559589049256,29,30,29,29
1680679559590754364,29,30,29,29
1680679559592470998,29,30,29,29
1680679559594270579,29,30,29,29
1680679559595974238,29,30,29,29
1680679559597656813,29,30,29,29
1680679559599338969,29,30,29,29
1680679559601019321,29,30,29,29
1680679559602698228,29,30,29,29
1680679559604373329,29,30,29,29
1680679559606069123,29,30,29,29
1680679559607778145,29,30,29,29
1680679559609491351,29,30,29,29
1680679559611179459,29,30,29,29
1680679559612861733,29,30,29,29
1680679559614577537,29,30,29,29
1680679559616258310,29,30,29,29
1680679559617943470,29,30,29,29
1680679559619624476,29,30,29,29
1680679559621319533,29,30,29,29
1680679559623005526,29,30,29,29
1680679559624688869,29,30,29,29
1680679559626388775,29,30,29,29
1680679559628074351,29,30,29,29
1680679559629844007,29,30,29,29
1680679559631526583,29,30,29,29
1680679559633209714,29,30,29,29
1680679559634944119,29,30,29,29
1680679559637014887,29,30,29,29
1680679559638703344,29,30,29,29
1680679559640393686,29,30,29,29
1680679559642101949,29,30,29,29
1680679559643792612,29,30,29,29
1680679559645472763,29,30,29,29
1680679559647194698,29,30,29,29
1680679559649041945,29,30,29,29
1680679559650714927,29,30,29,29
1680679559652441169,29,30,29,29
1680679559654112114,29,30,29,29
1680679559655773912,29,30,29,29
1680679559657437082,29,30,29,29
1680679559659147938,29,30,29,29
1680679559660835010,29,30,29,29
1680679559662520395,29,30,29,29
1680679559664210619,29,30,29,29
1680679559665908909,29,30,29,29
1680679559667676459,29,30,29,29
1680679559669515060,29,30,29,29
1680679559671217889,29,30,29,29
1680679559672925947,29,30,29,29
1680679559674757553,29,30,29,29
1680679559676471794,29,30,29,29
1680679559678186935,29,30,29,29
1680679559679862936,29,30,29,29
1680679559681528811,29,30,29,29
1680679559683188826,29,30,29,29
1680679559684846875,29,30,29,29
1680679559686511944,29,30,29,29
1680679559688210552,29,30,29,29
1680679559690026460,29,30,29,29
1680679559691734982,29,30,29,29
1680679559693449405,29,30,29,29
1680679559695182951,29,30,29,29
1680679559696936786,29,30,29,29
1680679559698643463,29,30,29,29
1680679559700344283,29,30,29,29
1680679559702038014,29,30,29,29
1680679559703735356,29,30,29,29
1680679559705412293,29,30,29,29
1680679559707109430,29,30,29,29
1680679559708798033,29,30,29,29
1680679559710557464,29,30,29,29
1680679559712265503,29,30,29,29
1680679559714025999,29,30,29,29
1680679559715732372,29,30,29,29
1680679559717418270,29,30,29,29
1680679559719098261,29,30,29,29
1680679559720779263,29,30,29,29
1680679559722454785,29,29,29,29
1680679559724134095,29,29,29,29
1680679559725823717,29,29,29,29
1680679559727582896,29,29,29,29
1680679559729369136,29,29,29,29
1680679559731060854,29,29,29,29
1680679559732729537,29,29,29,29
1680679559734414574,29,29,29,29
1680679559736078376,29,29,29,29
1680679559737749770,29,29,29,29
1680679559739414095,29,29,29,29
1680679559741078221,29,29,29,29
1680679559742780483,29,29,29,29
1680679559744501581,29,29,29,29
1680679559746200547,29,29,29,29
1680679559747929595,29,29,29,29
1680679559749677289,29,29,29,29
1680679559751381271,29,29,29,29
1680679559753080027,29,29,29,29
1680679559754778101,29,29,29,29
1680679559756473760,29,29,29,29
1680679559758161780,29,29,29,29
1680679559759861286,29,29,29,29
1680679559761614197,29,29,29,29
1680679559763305260,29,29,29,29
1680679559764985757,29,29,29,29
1680679559766670128,29,29,29,29
1680679559768429154,29,29,29,29
1680679559770264288,29,29,29,29
1680679559771956036,29,29,29,29
1680679559773647474,29,29,29,29
1680679559775392084,29,29,29,29
1680679559777085433,29,29,29,29
1680679559778778856,29,29,29,29
1680679559780470490,29,29,29,29
1680679559782242545,29,29,29,29
1680679559783957429,29,29,29,29
1680679559785632384,29,29,29,29
1680679559787331458,29,29,29,29
1680679559789077478,29,29,29,29
1680679559790778974,29,29,29,29
1680679559792476038,29,29,29,29
1680679559794167472,29,29,29,29
1680679559795917273,29,29,29,29
1680679559797607303,29,29,29,29
1680679559799304027,29,29,29,29
1680679559801052562,29,29,29,29
1680679559802740908,29,29,30,29
1680679559804429776,29,29,30,29
1680679559806122071,29,29,30,29
1680679559807873477,29,29,30,29
1680679559809590903,29,29,30,29
1680679559811287780,29,29,30,29
1680679559813038062,29,29,30,29
1680679559814739619,29,29,30,29
1680679559816408882,29,29,30,29
1680679559818086199,29,29,30,29
1680679559819763360,29,29,30,29
1680679559821436915,29,29,30,29
1680679559823095176,29,29,30,29
1680679559824728061,29,29,30,29
1680679559826435863,29,29,30,29
1680679559828196181,29,29,30,29
1680679559829967794,29,29,30,29
1680679559831674715,29,29,30,29
1680679559833377075,29,29,30,29
1680679559835094256,29,29,30,29
1680679559836838523,29,29,30,29
1680679559838522771,29,29,30,29
1680679559840205863,29,29,30,29
1680679559841888396,29,29,30,29
1680679559843575128,29,29,30,29
1680679559845263476,29,29,30,29
1680679559846957798,29,29,30,29
1680679559848662709,29,29,30,29
1680679559850430861,29,29,30,29
1680679559852178258,29,29,30,29
1680679559853855159,29,29,30,29
1680679559855617362,29,29,30,29
1680679559857305047,29,29,30,29
1680679559858989820,29,29,30,29
1680679559860673534,29,29,30,29
1680679559862372295,29,29,30,29
1680679559864051837,29,29,30,29
1680679559865733143,29,29,30,29
1680679559867438432,29,29,30,29
1680679559869124749,29,29,30,29
1680679559870877902,29,29,30,29
1680679559872565176,29,29,30,29
1680679559874257436,29,29,30,29
1680679559875968747,29,29,30,29
1680679559877651381,29,29,30,29
1680679559879346167,29,29,30,29
1680679559881033279,29,29,30,29
1680679559882720485,29,29,30,29
1680679559884412384,29,29,30,29
1680679559886167847,29,29,30,29
1680679559887913536,29,29,30,29
1680679559889674244,29,29,30,29
1680679559891356390,29,29,30,29
1680679559893460919,29,29,30,29
1680679559895453800,29,29,30,29
1680679559897142914,29,29,30,29
1680679559898822920,29,29,30,29
1680679559900502906,29,29,30,29
1680679559902393216,29,29,30,29
1680679559904080576,29,29,30,29
1680679559905763663,29,29,30,29
1680679559907452154,29,29,30,29
1680679559909296711,29,29,30,29
1680679559911050542,29,29,30,29
1680679559912729843,29,29,30,29
1680679559914443393,29,29,30,29
1680679559916318118,29,29,30,29
1680679559918028900,29,29,30,29
1680679559919729088,29,29,30,29
1680679559921411763,29,29,30,29
1680679559923106747,29,29,30,29
1680679559924811415,29,29,30,29
1680679559926515802,29,29,30,29
1680679559928262111,29,29,30,29
1680679559930017927,29,29,30,29
1680679559931794104,29,29,30,29
1680679559933483310,29,29,30,29
1680679559935195556,29,29,30,29
1680679559936883752,29,29,30,29
1680679559938569644,29,29,30,29
1680679559940267116,29,29,30,29
1680679559941963232,29,29,30,29
1680679559943654578,29,29,30,29
1680679559945335591,29,29,30,29
1680679559947021315,29,29,30,29
1680679559948728474,29,29,30,29
1680679559950502532,29,29,30,29
1680679559952345240,29,29,30,29
1680679559954038220,29,29,30,29
1680679559955790032,29,29,30,29
1680679559957476572,29,29,30,29
1680679559959163216,29,29,30,29
1680679559960841117,29,29,30,29
1680679559962533174,29,29,30,29
1680679559964224361,29,29,30,29
1680679559965916448,29,29,30,29
1680679559967639959,29,29,30,29
1680679559969330856,29,29,30,29
1680679559971094534,29,29,30,29
1680679559972725652,29,29,30,29
1680679559974537966,29,29,30,29
1680679559976469964,29,29,30,29
1680679559978356797,29,29,30,29
1680679559980230801,29,29,30,29
1680679559982146139,29,29,30,29
1680679559984056775,29,29,30,29
1680679559985976916,29,29,30,29
1680679559987887113,29,29,30,29
1680679559990750832,29,29,30,29
1680679559992660752,29,29,30,29
1680679559994556484,29,29,30,29
1680679559996501943,29,29,30,29
1680679559998422368,29,29,30,29
1680679560000345604,29,29,30,29
1680679560002268757,29,29,30,29
1680679560004116781,29,29,30,29
1680679560006689306,29,29,30,29
1680679560008545026,29,29,30,29
1680679560010451782,29,29,30,29
1680679560012318425,29,29,30,29
1680679560014228939,29,29,30,29
1680679560016178085,29,29,30,29
1680679560018098941,29,29,30,29
1680679560020085803,29,29,30,29
1680679560022666289,29,29,30,29
1680679560024599298,29,29,30,29
1680679560026509192,29,29,30,29
1680679560028484933,29,29,30,29
1680679560030490120,29,29,30,30
1680679560032415785,29,29,30,30
1680679560034332123,29,29,30,30
1680679560036205943,29,29,30,30
1680679560038766541,29,29,30,30
1680679560041336113,29,29,30,30
1680679560043510721,29,29,30,30
1680679560045573861,29,30,30,30
1680679560111521815,29,30,29,30
1680679560180998147,29,30,29,30
1680679560183313889,29,30,29,30
1680679560185220289,29,30,29,30
1680679560187117477,29,30,29,30
1680679560189043232,29,30,29,30
1680679560190957095,29,30,29,30
1680679560192709526,29,30,29,30
1680679560194361581,29,30,29,30
1680679560196104415,29,30,29,30
1680679560197751067,29,30,29,30
1680679560199391896,29,30,29,30
1680679560201033247,29,30,29,30
1680679560202727690,29,30,29,30
1680679560204418402,29,30,29,30
1680679560206134424,29,30,29,30
1680679560207975154,29,30,29,30
1680679560209665527,29,30,29,30
1680679560211415208,29,30,29,30
1680679560213163793,29,30,29,30
1680679560214848219,29,30,29,30
1680679560216553599,29,30,29,30
1680679560218259527,29,30,29,30
1680679560219947781,29,30,29,30
1680679560221649494,29,30,29,30
1680679560223345589,29,30,29,30
1680679560225033978,29,30,29,30
1680679560226719988,29,30,29,30
1680679560228440831,29,30,29,30
1680679560230149075,29,30,29,30
1680679560231908335,29,30,29,30
1680679560233679572,29,30,29,30
1680679560235372988,29,30,29,30
1680679560237133934,29,30,29,30
1680679560238843574,29,30,29,30
1680679560240534500,29,30,29,30
1680679560242229257,29,30,29,30
1680679560243920784,29,30,29,30
1680679560245612701,29,30,29,30
1680679560247309480,29,30,29,30
1680679560249054093,29,30,29,30
1680679560250764627,29,30,29,30
1680679560252483901,29,30,29,30
1680679560254184205,29,30,29,30
1680679560255999051,29,30,29,30
1680679560257701095,29,30,29,30
1680679560259387262,29,30,29,30
1680679560261077190,29,30,29,30
1680679560262776032,29,30,29,30
1680679560264466339,29,30,29,30
1680679560266231598,29,30,29,30
1680679560267918677,29,30,29,30
1680679560269614863,29,30,29,30
1680679560271414264,29,30,29,30
1680679560273172204,29,30,29,30
1680679560274866438,29,30,29,30
1680679560276577418,29,30,29,30
1680679560278249947,29,30,29,30
1680679560279907003,29,30,29,30
1680679560281558596,29,30,29,30
1680679560283208439,29,30,29,30
1680679560284869943,29,30,29,30
1680679560286582096,29,30,29,30
1680679560288337917,29,30,29,30
1680679560290309945,29,30,29,30
1680679560292044187,29,30,29,30
1680679560293809620,29,30,29,30
1680679560295524006,29,30,29,30
1680679560297222712,29,30,29,30
1680679560298891036,29,30,29,30
1680679560300564740,29,30,29,30
1680679560302240642,29,30,29,30
1680679560303915322,29,30,30,30
1680679560305593550,29,30,30,30
1680679560307281637,29,30,30,30
1680679560309036515,29,30,30,30
1680679560310793503,29,30,30,30
1680679560312505503,29,30,30,30
1680679560314204957,29,30,30,30
1680679560315927226,29,30,30,30
1680679560317611128,29,30,30,30
1680679560319303571,29,30,30,30
1680679560320991239,29,30,30,30
1680679560322681502,29,30,30,30
1680679560324374360,29,30,30,30
1680679560326070908,29,30,30,30
1680679560327767047,29,30,30,30
1680679560329513671,29,30,30,30
1680679560331290691,29,30,30,30
1680679560333083067,29,30,30,30
1680679560334776259,29,30,30,30
1680679560336525180,29,30,30,30
1680679560338349488,29,30,30,30
1680679560340049330,29,30,30,30
1680679560341743831,29,30,30,30
1680679560343430498,29,30,30,30
1680679560345127955,29,30,30,30
1680679560346828045,29,30,30,30
1680679560348600590,29,30,30,30
1680679560350369893,29,30,30,30
1680679560352063501,29,30,30,30
1680679560353819830,29,30,30,30
1680679560355526249,29,30,30,30
1680679560357331287,29,30,30,30
1680679560359030529,29,30,30,30
1680679560360684543,29,30,30,30
1680679560362353951,29,30,30,30
1680679560364016142,29,30,30,30
1680679560365668659,29,30,30,30
1680679560367320683,29,30,30,30
1680679560369012320,29,30,30,30
1680679560370784024,29,30,30,30
1680679560372513759,29,30,30,30
1680679560374285611,29,30,30,30
1680679560376026607,29,30,30,30
1680679560377745300,29,30,30,30
1680679560379464021,29,30,30,30
1680679560381166847,29,30,30,30
1680679560382853634,29,30,30,30
1680679560384545377,29,30,30,30
1680679560386254556,29,30,30,30
1680679560387952707,29,30,30,30
1680679560389681625,29,30,30,30
1680679560391404729,29,30,30,30
1680679560393149307,29,30,30,30
1680679560394844076,29,30,30,30
1680679560396584602,29,30,30,30
1680679560398285292,29,30,30,30
1680679560399977776,29,30,30,30
1680679560401668130,29,30,30,30
1680679560403350631,29,30,30,30
1680679560405048246,29,30,30,30
1680679560406732052,29,30,30,30
1680679560408425315,29,30,30,30
1680679560410149740,29,30,30,30
1680679560411871357,29,30,30,30
1680679560413621017,29,30,30,30
1680679560415322317,29,30,30,30
1680679560417051142,29,30,30,30
1680679560418734796,29,30,30,30
1680679560420442685,29,30,30,30
1680679560422153462,29,30,30,30
1680679560423852239,29,30,30,30
1680679560425546516,29,30,30,30
1680679560427241847,29,30,30,30
1680679560428985832,29,30,30,30
1680679560430732862,29,30,30,30
1680679560432427439,29,30,30,30
1680679560434117446,29,30,30,30
1680679560435815584,29,30,30,30
1680679560437507244,29,30,30,30
1680679560439202969,29,30,30,30
1680679560440893211,29,30,30,30
1680679560442584066,29,30,30,30
1680679560444273606,29,30,30,30
1680679560445971371,29,30,30,30
1680679560447682083,29,30,30,30
1680679560449452519,29,30,30,30
1680679560451157662,29,30,30,30
1680679560452879133,29,30,30,30
1680679560454559485,29,30,30,30
1680679560456286397,29,30,30,30
1680679560458000396,29,30,30,30
1680679560459696539,29,30,30,30
1680679560461388635,29,30,30,30
1680679560463080911,29,30,30,30
1680679560464730190,29,30,30,30
1680679560466422063,29,30,30,30
1680679560468131707,29,30,30,30
1680679560469878570,29,30,30,30
1680679560471645318,29,30,30,30
1680679560473379838,29,30,30,30
1680679560475061210,29,30,30,30
1680679560476783721,29,30,30,30
1680679560478473727,29,30,30,30
1680679560480164777,29,30,30,30
1680679560481855672,29,30,30,30
1680679560483542977,29,30,30,30
1680679560485234174,29,30,30,30
1680679560486922559,29,30,30,30
1680679560488654319,29,30,30,30
1680679560490469201,29,30,30,30
1680679560492256506,29,30,30,30
1680679560493975792,29,30,30,30
1680679560495672720,29,30,30,30
1680679560497384393,29,30,30,30
1680679560499074893,29,30,30,30
1680679560500726547,29,30,30,30
1680679560502418430,29,30,30,30
1680679560504106130,29,30,30,30
1680679560505797569,29,30,30,30
1680679560507561462,29,30,30,30
1680679560509292878,29,30,30,30
1680679560511023472,29,30,30,30
1680679560512723701,29,30,30,30
1680679560514421903,29,30,30,30
1680679560516111298,29,30,30,30
1680679560517803555,29,30,30,30
1680679560519498112,29,30,30,30
1680679560521189678,29,30,30,30
1680679560522875700,29,30,30,30
1680679560524572616,29,30,30,30
1680679560526275036,29,30,30,30
1680679560527972443,29,30,30,30
1680679560529689293,29,30,30,30
1680679560531420527,29,30,30,30
1680679560533124788,29,30,30,30
1680679560534837716,29,30,30,30
1680679560536633398,29,30,30,30
1680679560538465122,29,30,30,30
1680679560540164437,29,30,30,30
1680679560541859301,29,30,30,30
1680679560543552028,29,30,30,30
1680679560545241273,29,30,30,30
1680679560546931293,29,30,30,30
1680679560548589718,29,30,30,30
1680679560550269413,29,30,30,30
1680679560551939417,29,30,30,30
1680679560553715814,29,30,30,30
1680679560555369805,29,30,30,30
1680679560557032903,29,30,30,30
1680679560558731406,29,30,30,30
1680679560560486958,29,30,30,30
1680679560562189872,29,30,30,30
1680679560563881881,29,30,30,30
1680679560565667282,29,30,30,30
1680679560567372673,29,30,30,30
1680679560569092007,29,30,30,30
1680679560570804291,29,30,30,30
1680679560572524685,29,30,30,30
1680679560574307500,29,30,30,30
1680679560576030962,29,30,30,30
1680679560577862276,29,30,30,30
1680679560579581348,29,30,30,30
1680679560581274557,29,30,30,30
1680679560582991302,29,30,30,30
1680679560584680302,29,30,30,30
1680679560586398273,29,30,30,30
1680679560588103030,29,30,30,30
1680679560589818191,29,30,30,30
1680679560591611584,29,30,30,30
1680679560593326852,29,30,30,30
1680679560594977951,29,30,30,30
1680679560596672683,29,30,30,30
1680679560598331668,29,30,30,30
1680679560599989838,29,30,30,30
1680679560601685724,29,30,30,30
1680679560603391318,29,30,30,30
1680679560605088172,29,30,30,30
1680679560606772859,29,30,30,30
1680679560608469040,29,30,30,30
1680679560610240780,29,30,30,30
1680679560611976589,29,30,30,30
1680679560613749701,29,30,30,30
1680679560615472560,29,30,30,30
1680679560617247552,29,30,30,30
1680679560618951536,29,30,30,30
1680679560620665810,29,30,30,30
1680679560622377340,29,30,30,30
1680679560624079586,29,30,30,30
1680679560625786233,29,30,30,30
1680679560627504137,29,30,30,30
1680679560629288216,29,30,30,30
1680679560630994081,29,30,30,30
1680679560632686071,29,30,30,30
1680679560634443276,29,30,30,30
1680679560636134259,29,30,30,30
1680679560637860075,29,30,30,30
1680679560639591552,29,30,30,30
1680679560641293193,29,30,30,30
1680679560643084690,29,30,30,30
1680679560644783350,29,30,30,30
1680679560646473286,29,30,30,30
1680679560648174846,29,30,30,30
1680679560649944896,29,30,30,30
1680679560651725124,29,30,30,30
1680679560653455578,29,30,30,30
1680679560655152098,29,30,30,30
1680679560656876873,29,30,30,30
1680679560658583560,29,30,30,30
1680679560660354587,29,30,30,30
1680679560662056757,29,30,30,30
1680679560663741670,29,30,30,30
1680679560665448758,29,30,30,30
1680679560667137914,29,30,30,30
1680679560668834089,29,30,30,30
1680679560670575777,29,30,30,30
1680679560672291317,29,30,30,30
1680679560674077757,29,30,30,30
1680679560675768839,29,30,30,30
1680679560677517268,29,30,30,30
1680679560679201743,29,30,30,30
1680679560680888213,29,30,30,30
1680679560682583224,29,30,30,30
1680679560684273390,29,30,30,30
1680679560685975930,29,30,30,30
1680679560687682664,29,30,30,30
1680679560689388715,29,30,30,30
1680679560691162398,29,30,30,30
1680679560692857175,29,30,30,30
1680679560694604789,29,30,30,30
1680679560696297136,29,30,30,30
1680679560698157099,29,30,30,30
1680679560699854099,29,30,30,30
1680679560701569339,29,30,30,30
1680679560703390016,29,30,30,30
1680679560705082444,29,30,30,30
1680679560706788658,29,30,30,30
1680679560708488643,29,30,30,30
1680679560710201481,29,30,30,30
1680679560711927967,29,30,30,30
1680679560713639981,29,30,30,30
1680679560715328451,29,30,30,30
1680679560717060458,29,30,30,30
1680679560718753957,29,30,30,30
1680679560720448006,29,30,30,30
1680679560722155386,29,30,30,30
1680679560723853968,29,30,30,30
1680679560725543213,29,30,30,30
1680679560727242285,29,30,30,30
1680679560728926462,29,30,30,30
1680679560730668705,29,30,30,30
1680679560732419759,29,30,30,30
1680679560734180565,29,30,30,30
1680679560735876402,29,30,30,30
1680679560737589568,29,30,30,30
1680679560739297242,29,30,30,30
1680679560740992148,29,30,30,30
1680679560742680244,29,30,30,30
1680679560744378319,29,30,30,30
1680679560746089186,29,30,30,30
1680679560747786730,29,30,30,30
1680679560749508193,29,30,30,30
1680679560751200084,29,30,30,30
1680679560752955443,29,30,30,30
1680679560754673816,29,30,30,30
1680679560756484093,29,30,30,30
1680679560758237610,29,30,30,30
1680679560759929409,29,30,30,30
1680679560761630277,29,30,30,30
1680679560763325089,29,30,30,30
1680679560765013110,29,30,30,30
1680679560766694852,29,30,30,30
1680679560768369460,29,30,30,30
1680679560770064395,29,30,30,30
1680679560771767901,29,30,30,30
1680679560773498905,29,30,30,30
1680679560775170781,29,30,30,30
1680679560776909019,29,30,30,30
1680679560778628353,29,30,30,30
1680679560780348764,29,30,30,30
1680679560782063097,29,30,30,30
1680679560783787067,29,30,30,30
1680679560785535000,29,30,30,30
1680679560787246662,29,30,30,30
1680679560788941069,29,30,30,30
1680679560790657384,29,30,30,30
1680679560792418392,29,30,30,30
1680679560794154116,29,30,30,30
1680679560795858338,29,30,30,30
1680679560797662169,29,30,30,30
1680679560799356643,29,30,30,30
1680679560801053758,29,30,30,30
1680679560802753364,29,30,30,30
1680679560804445171,29,30,30,30
1680679560806151821,29,30,30,30
1680679560807850460,29,30,30,30
1680679560809549129,29,30,30,30
1680679560811272769,29,30,30,30
1680679560812962163,29,30,30,30
1680679560814676611,29,30,30,30
1680679560816371497,29,30,30,30
1680679560818093822,29,30,30,30
1680679560819785310,29,30,30,30
1680679560821485962,29,30,30,30
1680679560823188353,29,30,30,30
1680679560824880045,29,30,30,30
1680679560826573342,29,30,30,30
1680679560828278253,29,30,30,30
1680679560829996549,29,30,30,30
1680679560831713364,29,30,30,30
1680679560833499535,29,30,30,30
1680679560835196519,29,30,30,30
1680679560836894557,29,30,30,30
1680679560838577639,29,30,30,30
1680679560840246168,29,30,30,30
1680679560841928734,29,30,30,30
1680679560843612636,29,30,30,30
1680679560845271911,29,30,30,30
1680679560846956214,29,30,30,30
1680679560848728220,29,30,30,30
1680679560850530838,29,30,30,30
1680679560852272979,29,30,30,30
1680679560854135384,29,30,30,30
1680679560855858830,29,30,30,30
1680679560857606232,29,30,30,30
1680679560859295511,29,30,30,30
1680679560860974967,29,30,30,30
1680679560862658961,29,30,30,30
1680679560864332497,29,30,30,30
1680679560866019773,29,30,30,30
1680679560867694459,29,30,30,30
1680679560869380536,29,30,30,30
1680679560871125399,29,30,30,30
1680679560872839588,29,30,30,30
1680679560874553255,29,30,30,30
1680679560876246770,29,30,30,30
1680679560877977660,29,30,30,30
1680679560879673812,29,30,30,30
1680679560881382147,29,30,30,30
1680679560883079838,29,30,30,30
1680679560884774394,29,30,30,30
1680679560886472897,29,30,30,30
1680679560888185611,29,30,30,30
1680679560889948443,29,30,30,30
1680679560891734958,29,30,30,30
1680679560893425405,29,30,30,30
1680679560895154046,29,30,30,30
1680679560896849913,29,30,30,30
1680679560898590231,29,30,30,30
1680679560900270046,29,30,30,30
1680679560902041505,29,30,30,30
1680679560903738947,29,30,30,30
1680679560905429401,29,30,30,30
1680679560907114688,29,30,30,30
1680679560908817441,29,30,30,30
1680679560910535347,29,30,30,30
1680679560912354184,29,30,30,30
1680679560914070552,29,30,30,30
1680679560915832805,29,30,30,30
1680679560917535493,29,30,30,30
1680679560919223919,29,30,30,30
1680679560920928015,29,30,30,30
1680679560922613581,29,30,30,30
1680679560924310611,29,30,30,30
1680679560926068635,29,30,30,30
1680679560927756610,29,30,30,30
1680679560929446795,29,30,30,30
1680679560931194280,29,30,30,30
1680679560932951898,29,30,30,30
1680679560934694121,29,30,30,30
1680679560936390651,29,30,30,30
1680679560938146561,29,30,30,30
1680679560939852277,29,30,30,30
1680679560941534812,29,30,30,30
1680679560943251197,29,30,30,30
1680679560944937817,29,30,30,30
1680679560946619840,29,30,30,30
1680679560948307476,29,30,30,30
1680679560950017171,29,30,30,30
1680679560951775502,29,30,30,30
1680679560953476458,29,30,30,30
1680679560955166201,29,30,30,30
1680679560956878516,29,30,30,30
1680679560958634865,29,30,30,30
1680679560960389219,29,30,30,30
1680679560962088168,29,30,30,30
1680679560963781899,29,30,30,30
1680679560965489803,29,30,30,30
1680679560967183686,29,30,30,30
1680679560968956984,29,30,30,30
1680679560970666427,29,30,30,30
1680679560972390135,29,30,30,30
1680679560976736437,29,30,30,30
1680679560980820241,29,30,30,30
1680679560983315704,29,30,30,30
1680679560985131502,29,30,30,30
1680679560986943292,29,30,30,30
1680679560988732758,29,30,30,30
1680679560990555384,29,30,30,30
1680679560992374207,29,30,30,30
1680679560994047529,29,30,30,30
1680679560995716915,29,30,30,30
1680679560997384331,29,30,30,30
1680679560999038946,29,30,30,30
1680679561000703057,29,30,30,30
1680679561002372733,29,30,30,30
1680679561004076360,29,30,30,30
1680679561005809261,29,30,30,30
1680679561007536079,29,30,30,30
1680679561009244814,29,30,30,30
1680679561010961829,29,30,30,30
1680679561012734541,29,30,30,30
1680679561014478552,29,30,30,30
1680679561016167615,29,30,30,30
1680679561017883993,29,30,30,30
1680679561019658567,29,30,30,30
1680679561021355362,29,30,30,30
1680679561023043487,29,30,30,30
1680679561024727609,29,30,30,30
1680679561026419412,29,30,30,30
1680679561028108106,29,30,30,30
1680679561029817063,29,30,30,30
1680679561031564892,29,30,30,30
1680679561033317271,29,30,30,30
1680679561035021755,29,30,30,30
1680679561036728799,29,30,30,32
1680679561038474554,29,30,30,32
1680679561040170439,29,30,30,32
1680679561041870512,29,30,30,32
1680679561043571423,29,30,30,32
1680679561045263347,29,30,30,32
1680679561046958782,29,30,30,32
1680679561048658307,29,30,30,32
1680679561050407845,29,30,30,32
1680679561052129239,29,30,30,32
1680679561053977362,29,30,30,32
1680679561055684564,29,30,30,32
1680679561057380084,29,30,30,32
1680679561059140492,29,30,30,32
1680679561060924833,29,30,30,32
1680679561062617744,29,30,30,32
1680679561064312072,29,30,30,32
1680679561066005350,29,30,30,32
1680679561067700524,29,30,30,32
1680679561069384998,29,30,30,32
1680679561071095237,29,30,30,32
1680679561072814921,29,30,30,32
1680679561074524140,29,30,30,32
1680679561076214531,29,30,30,32
1680679561077975374,29,30,30,32
1680679561079675431,29,30,30,32
1680679561081370380,29,30,30,32
1680679561083059465,29,30,30,32
1680679561084728270,29,30,30,32
1680679561086420328,29,30,30,32
1680679561088110706,29,30,30,32
1680679561089833230,29,30,30,32
1680679561091563746,29,30,30,32
1680679561093282011,29,30,30,32
1680679561095055730,29,30,30,32
1680679561096727654,29,30,30,32
1680679561098516102,29,30,30,32
1680679561100203304,29,30,30,32
1680679561101906145,29,30,30,32
1680679561103600178,29,30,30,32
1680679561105289421,29,30,30,32
1680679561106975204,29,30,30,32
1680679561108658605,29,30,30,32
1680679561110331086,29,30,30,32
1680679561112024457,29,30,30,32
1680679561113716084,29,30,30,32
1680679561115436372,29,30,30,32
1680679561117106862,29,30,30,32
1680679561118844500,29,30,30,32
1680679561120542882,29,30,30,32
1680679561122239994,29,30,30,32
1680679561123932480,29,30,30,32
1680679561125713220,29,30,30,32
1680679561127402450,29,30,30,32
1680679561129090681,29,30,30,32
1680679561130796424,29,30,30,32
1680679561132507098,29,30,30,32
1680679561134306757,29,30,30,32
1680679561136008001,29,30,30,32
1680679561137844162,29,30,30,32
1680679561139604388,29,30,30,32
1680679561141296741,29,30,30,32
1680679561142979913,29,30,30,32
1680679561144682849,29,30,30,32
1680679561146376849,29,30,30,32
1680679561148074039,29,30,30,32
1680679561149808659,29,30,30,32
1680679561151540489,29,30,30,32
1680679561153288930,29,30,30,32
1680679561155098284,29,30,30,32
1680679561156826742,29,30,30,32
1680679561158570341,29,30,30,32
1680679561160277052,29,30,30,32
1680679561161963240,29,30,30,32
1680679561163650115,29,30,30,32
1680679561165318822,29,30,30,32
1680679561167005210,29,30,30,32
1680679561168725945,29,30,30,32
1680679561170412828,29,30,30,32
1680679561172134266,29,30,30,32
1680679561173889279,29,30,30,32
1680679561175610045,29,30,30,32
1680679561177293834,29,30,30,32
1680679561179007736,29,30,30,32
1680679561180708667,29,30,30,32
1680679561182402591,29,30,30,32
1680679561184088704,29,30,30,32
1680679561185789379,29,30,30,32
1680679561187487129,29,30,30,32
1680679561189182087,29,30,30,32
1680679561190995441,29,30,30,32
1680679561192848294,29,30,30,32
1680679561194574724,29,30,30,32
1680679561196273230,29,30,30,32
1680679561198017358,29,30,30,32
1680679561199715018,29,30,30,32
1680679561201404848,29,30,30,32
1680679561203069922,29,30,30,32
1680679561204727561,29,30,30,32
1680679561206400067,29,30,30,32
1680679561208311948,29,30,30,32
1680679561210167588,29,30,30,32
1680679561211898290,29,30,30,32
1680679561213609470,29,30,30,32
1680679561215325313,29,30,30,32
1680679561217031192,29,30,30,32
1680679561218737624,29,30,30,32
1680679561220429900,29,30,30,32
1680679561222351436,29,30,30,32
1680679561224068583,29,30,30,32
1680679561225758163,29,30,30,32
1680679561227453073,29,30,30,32
1680679561229337886,29,30,30,32
1680679561231035718,29,30,30,32
1680679561232872468,29,30,30,32
1680679561234594052,29,30,30,32
1680679561236296719,29,30,30,32
1680679561238209216,29,30,30,32
1680679561240024167,29,30,30,32
1680679561241713518,29,30,30,32
1680679561243392200,29,30,30,32
1680679561245059419,29,30,30,32
1680679561246730181,29,30,30,32
1680679561248406633,29,30,30,32
1680679561250087929,29,30,30,32
1680679561251769290,29,30,30,32
1680679561253516344,29,30,30,32
1680679561255310959,29,30,30,32
1680679561257025262,29,30,30,32
1680679561258777464,29,30,30,32
1680679561263032235,29,30,30,32
1680679561267190825,29,30,30,32
1680679561271305515,29,30,30,32
1680679561273740610,29,30,30,32
1680679561275576822,29,30,30,32
1680679561277427217,29,30,30,32
1680679561279326915,29,30,30,32
1680679561281182734,29,30,30,32
1680679561283025915,29,30,30,32
1680679561284965795,29,30,30,32
1680679561286882621,29,30,30,32
1680679561288706554,29,30,30,32
1680679561290564351,29,30,30,32
1680679561292461585,29,30,30,32
1680679561294437655,29,30,30,32
1680679561296275846,29,30,30,32
1680679561298123867,29,30,30,32
1680679561300156056,29,30,30,32
1680679561302019757,29,30,30,32
1680679561303889928,29,30,30,32
1680679561305754593,29,30,30,32
1680679561307632873,29,30,32,32
1680679561309499798,29,30,32,32
1680679561311387022,29,30,32,32
1680679561313358731,29,30,32,32
1680679561316127960,29,30,32,32
1680679561318054522,29,30,32,32
1680679561319939516,29,30,32,32
1680679561321857830,29,30,32,32
1680679561323782295,29,30,32,32
1680679561325690623,29,30,32,32
1680679561327591666,29,30,32,32
1680679561329469031,29,30,32,32
1680679561331352568,29,30,32,32
1680679561333234266,29,30,32,32
1680679561335144267,29,30,32,32
1680679561336981895,29,30,32,32
1680679561338930883,29,30,32,32
1680679561340860292,29,30,32,32
1680679561342741848,29,30,32,32
1680679561344659553,29,30,32,32
1680679561346591755,29,30,32,32
1680679561349241368,29,30,32,32
1680679561351905378,29,30,32,32
1680679561354232705,29,30,32,32
1680679561356340866,29,30,32,29
1680679561421621713,29,30,35,29
1680679561491587793,29,30,35,29
1680679561493721842,29,30,35,29
1680679561495797220,29,30,35,29
1680679561497937631,29,30,35,29
1680679561500396741,29,30,35,29
1680679561502443642,29,30,35,29
1680679561504202900,29,30,35,29
1680679561506081779,29,30,35,29
1680679561507855931,29,30,35,29
1680679561509828550,29,30,35,29
1680679561511625718,29,30,35,29
1680679561513518759,29,30,35,29
1680679561515526393,29,30,35,29
1680679561517437168,29,30,35,29
1680679561519635065,29,30,35,29
1680679561521511067,29,30,35,29
1680679561523319362,29,30,35,29
1680679561525205157,29,30,35,29
1680679561527040074,29,30,35,29
1680679561528880666,29,30,35,29
1680679561530721836,29,30,35,29
1680679561532582748,29,30,35,29
1680679561534671426,29,30,35,29
1680679561536542451,29,30,35,29
1680679561547565427,29,30,35,29
1680679561549826673,29,30,35,29
1680679561571156755,29,30,35,29
1680679561574043014,29,30,35,29
1680679561576157505,29,30,35,29
1680679561578749634,29,30,35,29
1680679561580788053,29,30,35,29
1680679561582733637,29,30,35,29
1680679561587149950,29,30,35,29
1680679561591645837,29,30,35,29
1680679561596570506,29,30,35,29
1680679561598667329,29,30,35,29
1680679561600731773,29,30,35,29
1680679561603059129,29,30,35,29
1680679561605072695,29,30,35,29
1680679561607348314,29,30,35,29
1680679561609496611,29,30,35,29
1680679561611963705,29,30,35,29
1680679561613954222,29,30,35,29
1680679561615846906,29,30,35,29
1680679561617920341,29,30,35,29
1680679561620014556,29,30,35,29
1680679561621839080,29,30,35,29
1680679561623721871,29,30,35,29
1680679561625960959,29,30,35,29
1680679561628043688,29,30,35,29
1680679561630114455,29,30,30,29
1680679561650613422,29,30,30,29
1680679561653293625,29,30,30,29
1680679561655918752,29,30,30,29
1680679561659225760,29,30,30,29
1680679561661515861,29,30,30,29
1680679561663346573,29,30,30,29
1680679561665294972,29,30,30,29
1680679561667253094,29,30,30,29
1680679561668980754,29,30,30,29
1680679561670688424,29,30,30,29
1680679561672611831,29,30,30,29
1680679561674338684,29,30,30,29
1680679561675997427,29,30,30,29
1680679561677690121,29,30,30,29
1680679561679360651,29,30,30,29
1680679561681031806,29,30,30,29
1680679561682725624,29,30,30,29
1680679561684725602,29,30,30,29
1680679561686413071,29,30,30,29
1680679561688111679,29,30,30,29
1680679561689802333,29,30,30,29
1680679561691489415,29,30,30,29
1680679561693177310,29,30,30,29
1680679561694970041,29,30,30,29
1680679561696722792,29,30,30,29
1680679561698444170,29,30,30,29
1680679561700191083,29,30,30,29
1680679561701882390,29,30,30,29
1680679561703668238,29,30,30,29
1680679561705362878,29,30,30,29
1680679561707123035,29,30,30,29
1680679561708816341,29,30,30,29
1680679561710508846,29,30,30,29
1680679561712209046,29,30,30,29
1680679561714029399,29,30,30,29
1680679561715810865,29,30,30,29
1680679561717607336,29,30,30,29
1680679561719327438,29,30,30,29
1680679561721033272,29,30,30,29
1680679561722902425,29,30,30,29
1680679561725227923,29,30,30,29
1680679561726981719,29,30,30,29
1680679561728675049,29,30,30,29
1680679561730375142,29,35,30,29
1680679561732070100,29,35,30,29
1680679561733766965,29,35,30,29
1680679561735543905,29,35,30,29
1680679561737260249,29,35,30,29
1680679561739036354,29,35,30,29
1680679561741022185,29,35,30,29
1680679561742747375,29,35,30,29
1680679561744458041,29,35,30,29
1680679561746150604,29,35,30,29
1680679561747827473,29,35,30,29
1680679561749502689,29,35,30,29
1680679561751175040,29,35,30,29
1680679561752844453,29,35,30,29
1680679561754561982,29,35,30,29
1680679561756319851,29,35,30,29
1680679561758048574,29,35,30,29
1680679561759846801,29,35,30,29
1680679561761536753,29,35,30,29
1680679561763224176,29,35,30,29
1680679561764910889,29,35,30,29
1680679561766592703,29,35,30,29
1680679561768278929,29,35,30,29
1680679561769974332,29,35,30,29
1680679561771685087,29,35,30,29
1680679561773375815,29,35,30,29
1680679561775195900,29,35,30,29
1680679561776885137,29,35,30,29
1680679561778626629,29,35,30,29
1680679561780335094,29,35,30,29
1680679561782029682,29,35,30,29
1680679561783726671,29,35,30,29
1680679561785418894,29,35,30,29
1680679561787102762,29,35,30,29
1680679561788780879,29,35,30,29
1680679561790461780,29,35,30,29
1680679561792230077,29,35,30,29
1680679561793924254,29,35,30,29
1680679561795675922,29,35,30,29
1680679561797413776,29,35,30,29
1680679561799101373,29,35,30,29
1680679561800810838,29,35,30,29
1680679561802491345,29,35,30,29
1680679561804176759,29,35,30,29
1680679561805861975,29,35,30,29
1680679561807546664,29,35,30,29
1680679561809232927,29,35,30,29
1680679561810919075,29,35,30,29
1680679561812605920,29,35,30,29
1680679561814332023,29,35,30,29
1680679561816039542,29,35,30,29
1680679561817803292,29,35,30,29
1680679561819555037,29,35,30,29
1680679561821244146,29,35,30,29
1680679561822932229,29,35,30,29
1680679561824612120,29,35,30,29
1680679561826308614,29,35,30,29
1680679561827997954,29,35,30,29
1680679561829681827,29,35,30,29
1680679561831362002,29,35,30,29
1680679561833046301,29,35,30,29
1680679561834808787,29,35,30,29
1680679561836509695,29,35,30,29
1680679561838219906,29,35,30,29
1680679561840031129,29,35,30,29
1680679561841785303,29,35,30,29
1680679561843469703,29,35,30,29
1680679561845154563,29,35,30,29
1680679561846839381,29,35,30,29
1680679561848538415,29,35,30,29
1680679561850236169,29,35,30,29
1680679561851942583,29,35,30,29
1680679561853642471,29,35,30,29
1680679561855412080,29,35,30,29
1680679561857113140,29,35,30,29
1680679561858826249,29,35,30,29
1680679561860619364,29,35,30,29
1680679561862301077,29,35,30,29
1680679561863977863,29,35,30,29
1680679561865645618,29,35,30,29
1680679561867318430,29,35,30,29
1680679561868983634,29,35,30,29
1680679561870670081,29,35,30,29
1680679561872352095,29,35,30,29
1680679561874065901,29,35,30,29
1680679561875773036,29,35,30,29
1680679561877468900,29,35,30,29
1680679561879208407,29,35,30,29
1680679561880913349,29,35,30,29
1680679561882601812,29,35,30,29
1680679561884291635,29,35,30,29
1680679561886053027,29,35,30,29
1680679561887747360,29,35,30,29
1680679561889433683,29,35,30,29
1680679561891143076,29,35,30,29
1680679561892855217,29,35,30,29
1680679561894582247,29,35,30,29
1680679561896777120,29,35,30,29
1680679561898596346,29,29,30,29
1680679561900309006,29,29,30,29
1680679561901958902,29,29,30,29
1680679561903608030,29,29,30,29
1680679561905256685,29,29,30,29
1680679561906905155,29,29,30,29
1680679561908560773,29,29,30,29
1680679561910215322,29,29,30,29
1680679561911937199,29,29,30,29
1680679561913657194,29,29,30,29
1680679561915414008,29,29,30,29
1680679561917133473,29,29,30,29
1680679561918860471,29,29,30,29
1680679561920590884,29,29,30,29
1680679561922295428,29,29,30,29
1680679561923990768,29,29,30,29
1680679561925675915,29,29,30,29
1680679561927363798,29,29,30,29
1680679561929051369,29,29,30,29
1680679561930733689,29,29,30,29
1680679561932417728,29,29,30,29
1680679561934116766,29,29,30,29
1680679561935848178,29,29,30,29
1680679561937541088,29,29,30,29
1680679561939255059,29,29,30,29
1680679561940994169,29,29,30,29
1680679561942694819,29,29,30,29
1680679561944363567,29,29,30,29
1680679561946046007,29,29,30,29
1680679561947720129,29,29,30,29
1680679561949389301,29,29,30,29
1680679561951055355,29,29,30,29
1680679561952730140,29,29,30,29
1680679561954472668,29,29,30,29
1680679561956321204,29,29,30,29
1680679561958084068,29,29,30,29
1680679561959802576,29,29,30,29
1680679561961520206,29,29,30,29
1680679561963230750,29,29,30,29
1680679561964899890,29,29,30,29
1680679561966565275,29,29,30,29
1680679561968236007,29,29,30,29
1680679561969914790,29,29,30,29
1680679561971579851,29,29,30,29
1680679561973254212,29,29,30,29
1680679561975093035,29,29,30,29
1680679561976858191,29,29,29,29
1680679561978692205,29,29,29,29
1680679561980420192,29,29,29,29
1680679561982137121,29,29,29,29
1680679561983850137,29,29,29,29
1680679561985564594,29,29,29,29
1680679561987248199,29,29,29,29
1680679561988935063,29,29,29,29
1680679561990621886,29,29,29,29
1680679561992314245,29,29,29,29
1680679561994012053,29,29,29,29
1680679561995740739,29,29,29,29
1680679561997521545,29,29,29,29
1680679561999266776,29,29,29,29
1680679562000980871,29,29,29,29
1680679562002670493,29,29,29,29
1680679562004355922,29,29,29,29
1680679562006055862,29,29,29,29
1680679562007756490,29,29,29,29
1680679562009531156,29,29,29,29
1680679562011220819,29,29,29,29
1680679562012912066,29,29,29,29
1680679562014607613,29,29,29,29
1680679562016338698,29,29,29,29
1680679562018022684,29,29,29,29
1680679562019796710,29,29,29,29
1680679562021552807,29,29,29,29
1680679562023258110,29,29,29,29
1680679562024962095,29,29,29,29
1680679562026650015,29,29,29,29
1680679562028338691,29,29,29,29
1680679562030023752,29,29,29,29
1680679562031709468,29,29,29,29
1680679562033389942,29,29,29,29
1680679562035099240,29,29,29,29
1680679562036841497,29,29,29,29
1680679562038560443,29,29,29,29
1680679562040290840,29,29,29,29
1680679562042026945,29,29,29,29
1680679562043730282,29,29,29,29
1680679562045444685,29,29,29,29
1680679562047146250,29,29,29,29
1680679562048832432,29,29,29,29
1680679562050511680,29,29,29,29
1680679562052196723,29,29,29,29
1680679562053891512,29,29,29,29
1680679562055640021,29,29,29,29
1680679562057381724,29,29,29,29
1680679562059121703,29,29,29,29
1680679562060949330,29,29,29,29
1680679562062635669,29,29,29,29
1680679562064321263,29,29,29,29
1680679562066007805,29,29,29,29
1680679562067689957,29,29,29,29
1680679562069375726,29,29,29,29
1680679562071066791,29,29,29,29
1680679562072731667,29,29,29,29
1680679562074425488,29,29,29,29
1680679562076134414,29,29,29,29
1680679562077837296,29,29,29,29
1680679562079540585,29,29,29,29
1680679562081245688,29,29,29,29
1680679562082918556,29,29,29,29
1680679562084608430,29,29,29,29
1680679562086304690,29,29,29,29
1680679562087987818,29,29,29,29
1680679562089669283,29,29,29,29
1680679562091354847,29,29,29,29
1680679562093037964,29,29,29,29
1680679562094764055,29,29,29,29
1680679562096505598,29,29,29,29
1680679562098351258,29,29,29,29
1680679562100053258,29,29,29,29
1680679562101833678,29,29,29,29
1680679562103523234,29,29,29,29
1680679562105213396,29,29,29,29
1680679562106903206,29,29,29,29
1680679562108596845,29,29,29,29
1680679562110289122,29,29,29,29
1680679562111974782,29,29,29,29
1680679562113667828,29,29,29,29
1680679562115373694,29,29,29,29
1680679562117073105,29,29,29,29
1680679562118778673,29,29,29,29
1680679562120511102,29,29,29,29
1680679562122183047,29,29,29,29
1680679562123853302,29,29,29,29
1680679562125517988,29,29,29,29
1680679562151572096,29,29,29,29
1680679562155702994,29,29,29,29
1680679562158951110,29,29,29,29
1680679562162390518,29,29,29,29
1680679562165311842,29,29,29,29
1680679562168517822,29,29,29,29
1680679562170911473,29,29,29,29
1680679562173296254,29,29,29,29
1680679562175638368,29,29,29,29
1680679562178048244,29,29,29,29
1680679562180370723,29,29,29,29
1680679562182703305,29,29,29,29
1680679562184656086,29,29,29,29
1680679562186354815,29,29,29,29
1680679562188058032,29,29,29,29
1680679562189774020,29,29,29,29
1680679562191480218,29,29,29,29
1680679562193193306,29,29,29,29
1680679562194908939,29,29,29,29
1680679562196599611,29,29,29,29
1680679562198407328,29,29,29,29
1680679562200240957,29,29,29,29
1680679562201991633,29,29,29,29
1680679562203679205,29,29,29,29
1680679562205357304,29,29,29,29
1680679562207038288,29,29,29,29
1680679562208726636,29,29,29,29
1680679562210414610,29,29,29,29
1680679562212103293,29,29,29,29
1680679562213797252,29,29,29,29
1680679562215519821,29,29,29,29
1680679562217235712,29,29,29,29
1680679562218983172,29,29,29,29
1680679562220798345,29,29,29,29
1680679562222543093,29,29,29,29
1680679562224283625,29,29,29,29
1680679562226031306,29,29,29,29
1680679562227739478,29,29,29,29
1680679562229413499,29,29,29,29
1680679562231078746,29,29,29,29
1680679562232728189,29,29,29,29
1680679562234392592,29,29,29,29
1680679562236080221,29,29,29,29
1680679562237791828,29,29,29,29
1680679562239541140,29,29,29,29
1680679562241245507,29,29,29,29
1680679562242959704,29,29,29,29
1680679562244661156,29,29,29,29
1680679562246355685,29,29,29,29
1680679562248047539,29,29,29,29
1680679562249743176,29,29,29,29
1680679562251435387,29,29,29,29
1680679562253122741,29,29,29,29
1680679562254811116,29,29,29,29
1680679562256513566,29,29,29,29
1680679562258312690,29,29,29,29
1680679562259999952,29,29,29,29
1680679562261745440,29,29,29,29
1680679562263429351,29,29,29,29
1680679562265109434,29,29,29,29
1680679562266790259,29,29,29,29
1680679562268476917,29,29,29,29
1680679562270160823,29,29,29,29
1680679562271848531,29,29,29,29
1680679562273530176,29,29,29,29
1680679562275216270,29,29,29,29
1680679562276901653,29,29,29,29
1680679562278615498,29,29,29,29
1680679562280301475,29,29,29,29
1680679562282026239,29,29,29,29
1680679562283718741,29,29,29,29
1680679562285395807,29,29,29,29
1680679562287077107,29,29,29,29
1680679562288728509,29,29,29,29
1680679562290412609,29,29,29,29
1680679562292103312,29,29,29,29
1680679562293796812,29,29,29,29
1680679562295496420,29,29,29,29
1680679562297183826,29,29,29,29
1680679562299050656,29,29,29,29
1680679562300783085,29,29,29,29
1680679562302473709,29,29,29,29
1680679562304170296,29,29,29,29
1680679562305867591,29,29,29,29
1680679562307553431,29,29,29,29
1680679562309244062,29,29,29,29
1680679562310930082,29,29,29,29
1680679562312608246,29,29,29,29
1680679562314306413,29,29,29,29
1680679562316057955,29,29,29,29
1680679562317741520,29,29,29,29
1680679562319571570,29,29,29,29
1680679562321375822,29,29,29,29
1680679562323065106,29,29,29,29
1680679562324726759,29,29,29,29
1680679562326427070,29,29,29,29
1680679562328121927,29,29,29,29
1680679562329821210,29,29,29,29
1680679562331510818,29,29,29,29
1680679562333200065,29,29,29,29
1680679562334882820,29,29,29,29
1680679562336591476,29,29,29,29
1680679562338349697,29,29,29,29
1680679562340056689,29,29,29,29
1680679562341789910,29,29,29,29
1680679562343547478,29,29,29,29
1680679562345303326,29,29,29,29
1680679562346983628,29,29,29,29
1680679562348671646,29,29,29,29
1680679562350363961,29,29,29,29
1680679562352050967,29,29,29,29
1680679562353744544,29,29,29,29
1680679562355463518,29,29,29,29
1680679562357248934,29,29,29,29
1680679562358996076,29,29,29,29
1680679562360685724,29,29,29,29
1680679562362426787,29,29,29,29
1680679562364119853,29,29,29,29
1680679562365815884,29,29,29,29
1680679562367503007,29,29,29,29
1680679562369183653,29,29,29,29
1680679562370868414,29,29,29,29
1680679562372567709,29,29,29,29
1680679562374332005,29,29,29,29
1680679562376082907,29,29,29,29
1680679562377767846,29,29,29,29
1680679562379509788,29,29,29,29
1680679562381206274,29,29,29,29
1680679562382904191,29,29,29,29
1680679562384567760,29,29,29,29
1680679562386241938,29,29,29,29
1680679562387903603,29,29,29,29
1680679562389572009,29,29,29,29
1680679562391233208,29,29,29,29
1680679562392905045,29,29,29,29
1680679562394608240,29,29,29,29
1680679562396370201,29,29,29,29
1680679562398094740,29,29,29,29
1680679562399968703,29,29,29,29
1680679562401696670,29,29,29,29
1680679562403403586,29,29,29,29
1680679562405098081,29,29,29,29
1680679562406785987,29,29,29,29
1680679562408544421,29,29,29,29
1680679562410305132,29,29,29,29
1680679562411993330,29,29,29,29
1680679562413682937,29,29,29,29
1680679562415403320,29,29,29,29
1680679562417083025,29,29,29,29
1680679562418904874,29,29,29,29
1680679562420592386,29,29,29,29
1680679562422289123,29,29,29,29
1680679562423969137,29,29,29,29
1680679562425649497,29,29,29,29
1680679562427330742,29,29,29,29
1680679562429015227,29,29,29,29
1680679562430698507,29,29,29,29
1680679562432388804,29,29,29,29
1680679562434084470,29,29,29,29
1680679562435829924,29,29,29,29
1680679562437525529,29,29,29,29
1680679562439268852,29,29,29,29
1680679562440968421,29,29,29,29
1680679562442707964,29,29,29,29
1680679562444471135,29,29,29,29
1680679562446164529,29,29,29,29
1680679562447865684,29,29,29,29
1680679562449555561,29,29,29,29
1680679562451236335,29,29,29,29
1680679562452918292,29,29,29,29
1680679562454601068,29,29,29,29
1680679562456340249,29,29,29,29
1680679562458040229,29,29,29,29
1680679562459824098,29,29,29,29
1680679562461509426,29,29,29,29
1680679562463216750,29,29,29,29
1680679562464988691,29,29,29,29
1680679562466663790,29,29,29,29
1680679562468332097,29,29,29,29
1680679562470003720,29,29,29,29
1680679562471670452,29,29,29,29
1680679562473340497,29,29,29,29
1680679562475006828,29,29,29,29
1680679562476727547,29,29,29,29
1680679562478439750,29,29,29,29
1680679562480189847,29,29,29,29
1680679562481914509,29,29,29,29
1680679562483619413,29,29,29,29
1680679562485333374,29,29,29,29
1680679562487041851,29,29,29,29
1680679562488726655,29,29,29,29
1680679562490410491,29,29,29,29
1680679562492099358,29,29,29,29
1680679562493797289,29,29,29,29
1680679562495504834,29,29,29,29
1680679562497193313,29,29,29,29
1680679562498882153,29,29,29,29
1680679562500707494,29,29,29,29
1680679562502431640,29,29,29,29
1680679562504114833,29,29,29,29
1680679562505813099,29,29,29,29
1680679562507504565,29,29,29,29
1680679562509187055,29,29,29,29
1680679562510870138,29,29,29,29
1680679562512557667,29,29,29,29
1680679562514253376,29,29,29,29
1680679562515959678,29,29,29,29
1680679562517643854,29,29,29,29
1680679562519559293,29,29,29,29
1680679562521575313,29,29,29,29
1680679562523318913,29,29,29,29
1680679562525006318,29,29,29,29
1680679562526694627,29,29,29,29
1680679562528561796,29,29,29,29
1680679562530255233,29,29,29,29
1680679562531937324,29,29,29,29
1680679562533620296,29,29,29,29
1680679562535549794,29,29,29,29
1680679562537247528,29,29,29,29
1680679562538915074,29,29,29,29
1680679562540708857,29,29,29,29
1680679562542611435,29,29,29,29
1680679562544452030,29,29,29,29
1680679562546143668,29,29,29,29
1680679562547815170,29,29,29,29
1680679562549521694,29,29,29,29
1680679562551376475,29,29,29,29
1680679562553089502,29,29,29,29
1680679562554787234,29,29,29,29
1680679562556543718,29,29,29,29
1680679562558271305,29,29,29,29
1680679562560091027,29,29,29,29
1680679562561849502,29,29,29,29
1680679562563563909,29,29,29,29
1680679562565247873,29,29,29,29
1680679562566927264,29,29,29,29
1680679562568610728,29,30,29,29
1680679562570306578,29,30,29,29
1680679562571991139,29,30,29,29
1680679562573673883,29,30,29,29
1680679562575360014,29,30,29,29
1680679562577071998,29,30,29,29
1680679562578757009,29,30,29,29
1680679562580523864,29,30,29,29
1680679562582224449,29,30,29,29
1680679562583924231,29,30,29,29
1680679562585613626,29,30,29,29
1680679562587321159,29,30,29,29
1680679562589120880,29,30,29,29
1680679562590845642,29,30,29,29
1680679562592528762,29,30,29,29
1680679562594218214,29,30,29,29
1680679562595917776,29,30,29,29
1680679562597874539,29,30,29,29
1680679562599829264,29,30,29,29
1680679562601770059,29,30,29,29
1680679562603673020,29,30,29,29
1680679562605531228,29,30,29,29
1680679562607391134,29,30,29,29
1680679562610019016,29,30,29,29
1680679562611886976,29,30,29,29
1680679562613749800,29,30,29,29
1680679562615620591,29,30,29,29
1680679562617516632,29,30,29,29
1680679562619528651,29,30,29,29
1680679562621458330,29,30,29,29
1680679562623331084,29,30,29,29
1680679562625403283,29,30,29,29
1680679562627241960,29,30,29,29
1680679562629092799,29,30,29,29
1680679562630976066,29,30,29,29
1680679562632873315,29,30,29,29
1680679562634756691,29,30,29,29
1680679562636674950,29,30,29,29
1680679562638573403,29,30,29,29
1680679562640726275,29,30,29,29
1680679562642606444,29,30,29,29
1680679562644586647,29,30,29,29
1680679562646445982,29,30,29,29
1680679562648289683,29,30,29,29
1680679562650273008,29,30,29,29
1680679562652108068,29,30,29,29
1680679562653999549,29,30,29,29
1680679562656070191,29,30,29,29
1680679562658860828,29,30,29,29
1680679562661110870,29,30,29,29
1680679562663149296,29,30,29,29
1680679562727728479,29,30,29,29
1680679562795316570,29,30,29,29
1680679562797652423,29,30,29,29
1680679562799565437,29,30,29,29
1680679562801506651,29,30,29,29
1680679562803488146,29,30,29,29
1680679562805444521,29,30,29,29
1680679562807076858,29,30,29,29
1680679562808722484,29,30,29,29
1680679562810360483,29,30,29,29
1680679562811999667,29,30,29,29
1680679562813636539,29,30,29,29
1680679562815267435,29,30,29,29
1680679562816931473,29,30,29,29
1680679562818700383,29,30,29,29
1680679562820418908,29,30,29,29
1680679562822177503,29,30,29,29
1680679562823869240,29,30,29,29
1680679562825559491,29,30,29,29
1680679562827244268,29,30,29,29
1680679562828938484,29,30,29,29
1680679562830649855,29,30,29,29
1680679562832347941,29,30,29,29
1680679562834056455,29,30,29,29
1680679562835791199,29,30,29,29
1680679562837475017,29,30,29,29
1680679562839167227,29,30,29,29
1680679562840895006,29,30,29,29
1680679562842628824,29,30,29,29
1680679562844318823,29,30,29,29
1680679562846070874,29,30,29,29
1680679562847846138,29,30,29,29
1680679562849537326,29,30,29,29
1680679562851223098,29,30,29,29
1680679562852913187,29,30,29,29
1680679562854603728,29,30,29,29
1680679562856293220,29,30,29,29
1680679562858003426,29,30,29,29
1680679562859749142,29,30,29,29
1680679562861446928,29,30,29,29
1680679562863140882,29,30,29,29
1680679562864859684,29,30,29,29
1680679562866543284,29,30,29,29
1680679562868230575,29,30,29,29
1680679562869924108,29,30,29,29
1680679562871615518,29,30,29,29
1680679562873295062,29,30,29,29
1680679562874977678,29,30,29,29
1680679562876667257,29,30,29,29
1680679562878479096,29,30,29,29
1680679562880181815,29,30,29,29
1680679562881890250,29,30,29,29
1680679562883581826,29,30,29,29
1680679562885276666,29,30,29,29
1680679562886963740,29,30,29,29
1680679562888651025,29,30,29,29
1680679562890343605,29,30,29,29
1680679562892028491,29,30,29,29
1680679562893709233,29,30,29,29
1680679562895391731,29,30,29,29
1680679562897076810,29,30,29,29
1680679562898787321,29,30,29,29
1680679562900603014,29,30,29,29
1680679562902300682,29,30,29,29
1680679562904042249,29,30,29,29
1680679562905767816,29,29,29,29
1680679562907434003,29,29,29,29
1680679562909110083,29,29,29,29
1680679562910793955,29,29,29,29
1680679562912484892,29,29,29,29
1680679562914166092,29,29,29,29
1680679562915849241,29,29,29,29
1680679562917527726,29,29,29,29
1680679562919258775,29,29,29,29
1680679562921006429,29,29,29,29
1680679562922738788,29,29,29,29
1680679562924450401,29,29,29,29
1680679562926175744,29,29,29,29
1680679562927879800,29,29,29,29
1680679562929593893,29,29,29,29
1680679562931294862,29,29,29,29
1680679562932999130,29,29,29,29
1680679562934686891,29,29,29,29
1680679562936380215,29,29,29,29
1680679562938155674,29,29,29,29
1680679562939847422,29,29,29,29
1680679562941560511,29,29,29,29
1680679562943260581,29,29,29,29
1680679562944957013,29,29,29,29
1680679562946690384,29,29,29,29
1680679562948386141,29,29,29,29
1680679562950081923,29,29,29,29
1680679562951776444,29,29,29,29
1680679562953456732,29,29,29,29
1680679562955137631,29,29,29,29
1680679562956827580,29,29,29,29
1680679562958526406,29,29,29,29
1680679562960256052,29,29,29,29
1680679562961949968,29,29,29,29
1680679562963667342,29,29,29,29
1680679562965444789,29,29,29,29
1680679562967133609,29,29,29,29
1680679562968826527,29,29,29,29
1680679562970506002,29,29,29,29
1680679562972187728,29,29,29,29
1680679562973874450,29,29,29,29
1680679562975568680,29,29,29,29
1680679562977333732,29,29,29,29
1680679562979036270,29,29,29,29
1680679562980824827,29,29,29,29
1680679562982595973,29,29,30,29
1680679562984292219,29,29,30,29
1680679562986094238,29,29,30,29
1680679562987781336,29,29,30,29
1680679562989465301,29,29,30,29
1680679562991146289,29,29,30,29
1680679562992835256,29,29,30,29
1680679562994523641,29,29,30,29
1680679562996205823,29,29,30,29
1680679562997899491,29,29,30,29
1680679562999642618,29,29,30,29
1680679563001350649,29,29,30,29
1680679563003104931,29,29,30,29
1680679563004854591,29,29,30,29
1680679563006566171,29,29,30,29
1680679563008254039,29,29,30,29
1680679563009951866,29,29,30,29
1680679563011641685,29,29,30,29
1680679563013330842,29,29,30,29
1680679563015013754,29,29,30,29
1680679563016727187,29,29,30,29
1680679563018511573,29,29,30,29
1680679563020314724,29,29,30,29
1680679563022007137,29,29,30,29
1680679563023725722,29,29,30,29
1680679563025495853,29,29,30,29
1680679563027176738,29,29,30,29
1680679563028865973,29,29,30,29
1680679563030554632,29,29,30,29
1680679563032242756,29,29,30,29
1680679563033940916,29,29,30,29
1680679563035628990,29,29,30,29
1680679563037317032,29,29,30,29
1680679563039060092,29,29,30,29
1680679563040727692,29,29,30,29
1680679563042426805,29,29,30,29
1680679563044244907,29,29,30,29
1680679563045970597,29,29,30,29
1680679563047776061,29,29,30,29
1680679563049463537,29,29,30,29
1680679563051145909,29,29,30,29
1680679563052840855,29,29,30,29
1680679563054524743,29,29,30,29
1680679563056210006,29,29,30,29
1680679563057901191,29,29,30,29
1680679563059588711,29,29,30,29
1680679563061333927,29,29,30,29
1680679563063127291,29,29,30,29
1680679563064818930,29,29,30,29
1680679563066507614,29,29,30,29
1680679563068192078,29,29,30,29
1680679563069882473,29,29,30,29
1680679563071573724,29,29,30,29
1680679563073257358,29,29,30,29
1680679563074950108,29,29,30,29
1680679563076617429,29,29,30,29
1680679563078332952,29,29,30,29
1680679563080009021,29,29,30,29
1680679563081727492,29,29,30,29
1680679563083401652,29,29,30,29
1680679563085072854,29,29,30,29
1680679563086834863,29,29,30,29
1680679563088517105,29,29,30,29
1680679563090205319,29,29,30,29
1680679563091893059,29,29,30,29
1680679563093582759,29,29,30,29
1680679563095265424,29,29,30,29
1680679563096967908,29,29,30,29
1680679563098700559,29,29,30,29
1680679563100498805,29,29,30,29
1680679563102216433,29,29,30,29
1680679563104114240,29,29,30,29
1680679563105902788,29,29,30,29
1680679563107660748,29,29,30,29
1680679563109345611,29,29,30,29
1680679563111020855,29,29,30,29
1680679563112694555,29,29,30,29
1680679563114365467,29,29,30,29
1680679563116028144,29,29,30,29
1680679563117699593,29,29,30,29
1680679563119411126,29,29,30,29
1680679563121113807,29,29,30,29
1680679563122806040,29,29,30,29
1680679563124519849,29,29,30,29
1680679563126311929,29,29,30,29
1680679563128003372,29,29,30,29
1680679563129692615,29,29,30,29
1680679563131387009,29,29,30,29
1680679563133088339,29,29,30,29
1680679563134774917,29,29,30,29
1680679563136459750,29,29,30,29
1680679563138174082,29,29,30,29
1680679563139858671,29,29,30,29
1680679563141617659,29,29,30,29
1680679563143300096,29,29,30,29
1680679563145007670,29,29,30,29
1680679563146741787,29,29,30,29
1680679563148712310,29,29,30,29
1680679563150420128,29,29,30,29
1680679563152197980,29,29,30,29
1680679563153969274,29,29,30,29
1680679563155697365,29,29,30,29
1680679563157392893,29,29,30,29
1680679563159132392,29,29,30,29
1680679563160824665,29,29,30,29
1680679563162496384,29,29,30,29
1680679563164263253,29,29,30,29
1680679563165940419,29,29,30,29
1680679563167628294,29,29,30,29
1680679563169316724,29,29,30,29
1680679563170998450,29,29,30,29
1680679563172685797,29,29,30,29
1680679563174377346,29,29,30,29
1680679563176070383,29,29,30,29
1680679563177763506,29,29,30,29
1680679563179513945,29,29,30,29
1680679563181292444,29,29,30,29
1680679563182981038,29,29,30,29
1680679563184781704,29,29,30,29
1680679563186477828,29,29,30,29
1680679563188162886,29,29,30,29
1680679563189852911,29,29,30,29
1680679563191552059,29,29,30,29
1680679563193244070,29,29,30,29
1680679563194927579,29,29,30,29
1680679563196606104,29,29,30,29
1680679563198296639,29,29,30,29
1680679563199997622,29,29,30,29
1680679563201735510,29,29,30,29
1680679563203427278,29,29,30,29
1680679563205394719,29,29,30,29
1680679563207117561,29,29,30,29
1680679563208811801,29,29,30,29
1680679563210495898,29,29,30,29
1680679563212163093,29,29,30,29
1680679563213837980,29,29,30,29
1680679563215508628,29,29,30,29
1680679563217173223,29,29,30,29
1680679563218884352,29,29,30,29
1680679563220588737,29,29,30,29
1680679563222308603,29,29,30,29
1680679563224022249,29,29,30,29
1680679563225736375,29,29,30,29
1680679563227525720,29,29,30,29
1680679563229234194,29,29,30,29
1680679563230941885,29,29,30,29
1680679563232611053,29,29,30,29
1680679563234291383,29,29,30,29
1680679563235961410,29,29,30,29
1680679563237633694,29,29,30,29
1680679563239390406,29,29,30,29
1680679563241078097,29,30,30,29
1680679563242796428,29,30,30,29
1680679563244517359,29,30,30,29
1680679563246237142,29,30,30,29
1680679563248076594,29,30,30,29
1680679563249857728,29,30,30,29
1680679563251572981,29,30,30,29
1680679563253286907,29,30,30,29
1680679563254974992,29,30,30,29
1680679563256672381,29,30,30,29
1680679563258368798,29,30,30,29
1680679563260057624,29,30,30,29
1680679563261807267,29,30,30,29
1680679563263575861,29,30,30,29
1680679563265335443,29,30,30,29
1680679563267029057,29,30,30,29
1680679563268728789,29,30,30,29
1680679563270408683,29,30,30,29
1680679563272090563,29,30,30,29
1680679563273782826,29,30,30,29
1680679563275479054,29,30,30,29
1680679563277162586,29,30,30,29
1680679563278862777,29,30,30,29
1680679563280547440,29,30,30,29
1680679563282290377,29,30,30,29
1680679563283979891,29,30,30,29
1680679563285720793,29,30,30,29
1680679563287471737,29,30,30,29
1680679563289161508,29,30,30,29
1680679563290851025,29,30,30,29
1680679563292546218,29,30,30,29
1680679563294239218,29,30,30,29
1680679563295936190,29,30,30,29
1680679563297629459,29,30,30,29
1680679563299396781,29,30,30,29
1680679563301180595,29,30,30,29
1680679563302901187,29,30,30,29
1680679563304620060,29,30,30,29
1680679563306390961,29,30,30,29
1680679563308244251,29,30,30,29
1680679563309935046,29,30,30,29
1680679563311636989,29,30,30,29
1680679563313387056,29,30,30,29
1680679563315070497,29,30,30,29
1680679563316727190,29,30,29,29
1680679563318380123,29,30,29,29
1680679563320081956,29,30,29,29
1680679563321799056,29,30,29,29
1680679563323458244,29,30,29,29
1680679563325246934,29,30,29,29
1680679563326934676,29,30,29,29
1680679563328642856,29,30,29,29
1680679563330332662,29,30,29,29
1680679563332024019,29,30,29,29
1680679563333721656,29,30,29,29
1680679563335406293,29,30,29,29
1680679563337120556,29,30,29,29
1680679563338902645,29,30,29,29
1680679563340621858,29,30,29,29
1680679563342338751,29,30,29,29
1680679563344045548,29,30,29,29
1680679563345770670,29,30,29,29
1680679563347492038,29,30,29,29
1680679563349348613,29,30,29,29
1680679563351046745,29,30,29,29
1680679563352727470,29,30,29,29
1680679563354416723,29,30,29,29
1680679563356095033,29,30,29,29
1680679563357787430,29,30,29,29
1680679563359528026,29,30,29,29
1680679563361281995,29,30,29,29
1680679563362967286,29,30,29,29
1680679563364655922,29,30,29,29
1680679563366396934,29,30,29,29
1680679563368101234,29,30,29,29
1680679563369796762,29,30,29,29
1680679563371488417,29,30,29,29
1680679563373177665,29,30,29,29
1680679563374859990,29,30,29,29
1680679563376557245,29,30,29,29
1680679563378256979,29,30,29,29
1680679563379955219,29,30,29,29
1680679563381721864,29,30,29,29
1680679563383405322,29,30,29,29
1680679563385097206,29,30,29,29
1680679563386776289,29,30,29,29
1680679563388517642,29,30,29,29
1680679563390208407,29,30,29,29
1680679563391896230,29,30,29,29
1680679563393584915,29,30,29,29
1680679563395267494,29,30,29,29
1680679563396954721,29,30,29,29
1680679563398641334,29,30,29,29
1680679563400307923,29,30,29,29
1680679563402042688,29,30,29,29
1680679563403785929,29,30,29,29
1680679563405552152,29,30,29,29
1680679563407399719,29,30,29,29
1680679563409104862,29,29,29,29
1680679563410793122,29,29,29,29
1680679563412486397,29,29,29,29
1680679563414176197,29,29,29,29
1680679563415856911,29,29,29,29
1680679563417532830,29,29,29,29
1680679563419264936,29,29,29,29
1680679563420976861,29,29,29,29
1680679563422673864,29,29,29,29
1680679563424383272,29,29,29,29
1680679563426183554,29,29,29,29
1680679563428003288,29,29,29,29
1680679563429710342,29,29,29,29
1680679563431419838,29,29,29,29
1680679563433107352,29,29,29,29
1680679563434791270,29,29,29,29
1680679563436471469,29,29,29,29
1680679563438168640,29,29,29,29
1680679563439911741,29,29,29,29
1680679563441625035,29,29,29,29
1680679563443314411,29,29,29,29
1680679563445013704,29,29,29,29
1680679563446706062,29,29,29,29
1680679563448372348,29,29,29,29
1680679563450154114,29,29,29,29
1680679563451794862,29,29,29,29
1680679563453426684,29,29,29,29
1680679563455061211,29,29,29,29
1680679563456695731,29,29,29,29
1680679563458338081,29,29,29,29
1680679563460023706,29,29,29,29
1680679563461785571,29,29,29,29
1680679563463625353,29,29,29,29
1680679563465259756,29,29,29,29
1680679563466938045,29,29,29,29
1680679563468592922,29,29,29,29
1680679563470231906,29,29,29,29
1680679563471859135,29,29,29,29
1680679563473491403,29,29,29,29
1680679563475124880,29,29,29,29
1680679563476726084,29,29,29,29
1680679563478363588,29,29,29,29
1680679563480018155,29,29,29,29
1680679563481672386,29,29,29,29
1680679563483308974,29,29,29,29
1680679563484943777,29,29,29,29
1680679563486635915,29,29,29,29
1680679563488265728,29,29,29,29
1680679563489897987,29,29,29,29
1680679563491530499,29,29,29,29
1680679563493161997,29,29,29,29
1680679563494795747,29,29,29,29
1680679563496424585,29,29,29,29
1680679563498066250,29,29,29,29
1680679563499723276,29,29,29,29
1680679563501401048,29,29,29,29
1680679563503073762,29,29,29,29
1680679563504700184,29,29,29,29
1680679563506346587,29,29,29,29
1680679563508172485,29,29,29,29
1680679563509818698,29,29,29,29
1680679563511451125,29,29,29,29
1680679563513087388,29,29,29,29
1680679563514716160,29,29,29,29
1680679563516346999,29,29,29,29
1680679563517989679,29,29,29,29
1680679563519645574,29,29,29,29
1680679563521268961,29,29,29,29
1680679563522899141,29,29,29,29
1680679563524530092,29,29,29,29
1680679563526167112,29,29,29,29
1680679563527817006,29,29,29,29
1680679563529464580,29,29,29,29
1680679563531095664,29,29,29,29
1680679563532727358,29,29,29,29
1680679563534349192,29,29,29,29
1680679563535979403,29,29,29,29
1680679563537609845,29,29,29,29
1680679563539262874,29,29,29,29
1680679563540886990,29,29,29,29
1680679563542534523,29,29,29,29
1680679563544167422,29,29,29,29
1680679563545801131,29,29,29,29
1680679563547439817,29,29,29,29
1680679563549081113,29,29,29,29
1680679563550769852,29,29,29,29
1680679563552409018,29,29,29,29
1680679563554046113,29,29,29,29
1680679563555673638,29,29,29,29
1680679563557301689,29,29,29,29
1680679563558926965,29,29,29,29
1680679563560619233,29,29,29,29
1680679563562323631,29,29,29,29
1680679563564016764,29,29,29,29
1680679563565648291,29,29,29,29
1680679563567313847,29,29,29,29
1680679563569028293,29,29,29,29
1680679563570661259,29,29,29,29
1680679563572286480,29,29,29,29
1680679563573917045,29,29,29,29
1680679563575555976,29,29,29,29
1680679563577184405,29,29,29,29
1680679563578810958,29,29,29,29
1680679563580499970,29,29,29,29
1680679563582146558,29,29,29,29
1680679563583778361,29,29,29,29
1680679563585410056,29,29,29,29
1680679563587050090,29,29,29,29
1680679563588689986,29,29,29,29
1680679563590331059,29,29,29,29
1680679563591964920,29,29,29,29
1680679563593594036,29,29,29,29
1680679563595217641,29,29,29,29
1680679563596869196,29,29,29,29
1680679563598497388,29,29,29,29
1680679563600214798,29,29,29,29
1680679563601887681,29,29,29,29
1680679563603521759,29,29,29,29
1680679563605154336,29,29,29,29
1680679563606789123,29,29,29,29
1680679563608496154,29,29,29,29
1680679563610240044,29,29,29,29
1680679563611886115,29,29,29,29
1680679563613515908,29,29,29,29
1680679563615156616,29,29,29,29
1680679563616795301,29,29,29,29
1680679563618430951,29,29,29,29
1680679563620162715,29,29,29,29
1680679563621808584,29,29,29,29
1680679563623439612,29,29,29,29
1680679563625071970,29,29,29,29
1680679563626702913,29,29,29,29
1680679563628358573,29,29,29,29
1680679563630069493,29,29,29,29
1680679563631700679,29,29,29,29
1680679563633329237,29,29,29,29
1680679563634963178,29,29,29,29
1680679563636591432,29,29,29,29
1680679563638228327,29,29,29,29
1680679563639884557,29,29,29,29
1680679563641506650,29,29,29,29
1680679563643141023,29,29,29,29
1680679563644727045,29,29,29,29
1680679563646357383,29,29,29,29
1680679563648006657,29,29,29,29
1680679563649653720,29,29,29,29
1680679563651361339,29,29,30,29
1680679563652998869,29,29,30,29
1680679563654636738,29,29,30,29
1680679563656268401,29,29,30,29
1680679563657902986,29,29,30,29
1680679563659537642,29,29,30,29
1680679563661189664,29,29,30,29
1680679563662834327,29,29,30,29
1680679563664473794,29,29,30,29
1680679563666117273,29,29,30,29
1680679563667784364,29,29,30,29
1680679563669415850,29,29,30,29
1680679563671049743,29,29,30,29
1680679563672686070,29,29,30,29
1680679563674328071,29,29,30,29
1680679563675957659,29,29,30,29
1680679563677586664,29,29,30,29
1680679563679208310,29,29,30,29
1680679563680867695,29,29,30,29
1680679563682572320,29,29,30,29
1680679563684200293,29,29,30,29
1680679563685838491,29,29,30,29
1680679563687473489,29,29,30,29
1680679563689106857,29,29,30,29
1680679563690787906,29,29,30,29
1680679563692424566,29,29,30,29
1680679563694056787,29,29,30,29
1680679563695692590,29,29,30,29
1680679563697323901,29,29,30,29
1680679563698952488,29,29,30,29
1680679563700600646,29,29,30,29
1680679563702269589,29,29,30,29
1680679563703902815,29,29,30,29
1680679563705528034,29,29,30,29
1680679563707166355,29,29,30,29
1680679563709059366,29,29,30,29
1680679563710835973,29,29,30,29
1680679563712478092,29,29,30,29
1680679563714121001,29,29,30,29
1680679563715745878,29,29,30,29
1680679563717376982,29,29,30,29
1680679563719011333,29,29,30,29
1680679563720693656,29,29,30,29
1680679563722367367,29,29,30,29
1680679563724000750,29,29,30,29
1680679563725636289,29,29,30,29
1680679563727268631,29,29,30,29
1680679563728920493,29,29,30,29
1680679563730601600,29,29,30,29
1680679563732228357,29,29,30,29
1680679563733855002,29,29,30,29
1680679563735488650,29,29,30,29
1680679563737116749,29,29,30,29
1680679563738744535,29,29,30,29
1680679563740437894,29,29,30,29
1680679563742074422,29,29,30,29
1680679563743706509,29,30,30,29
1680679563745340941,29,30,30,29
1680679563746976795,29,30,30,29
1680679563748603055,29,30,30,29
1680679563750294709,29,30,30,29
1680679563751975835,29,30,30,29
1680679563753613277,29,30,30,29
1680679563755240648,29,30,30,29
1680679563756880797,29,30,30,29
1680679563758507208,29,30,30,29
1680679563760156310,29,30,30,29
1680679563761798844,29,30,30,29
1680679563763433899,29,30,30,29
1680679563765069012,29,30,30,29
1680679563766697748,29,30,30,29
1680679563768319256,29,30,30,29
1680679563770058644,29,30,30,29
1680679563771684699,29,30,30,29
1680679563773316815,29,30,30,29
1680679563774948030,29,30,30,29
1680679563776580155,29,30,30,29
1680679563778216500,29,30,30,29
1680679563779870363,29,30,30,29
1680679563781503293,29,30,30,29
1680679563783180485,29,30,30,29
1680679563784809753,29,30,30,29
1680679563786441438,29,30,30,29
1680679563788070311,29,30,30,29
1680679563789716976,29,30,30,29
1680679563791401534,29,30,30,29
1680679563793033944,29,30,30,29
1680679563794668409,29,30,30,29
1680679563796294980,29,30,30,29
1680679563797930520,29,30,30,29
1680679563799567271,29,30,30,29
1680679563801198042,29,30,30,29
1680679563802921749,29,30,30,29
1680679563804551894,29,30,30,29
1680679563806179647,29,30,30,29
1680679563807806291,29,30,30,29
1680679563809516160,29,30,30,29
1680679563811283282,29,30,30,29
1680679563812921593,29,30,30,29
1680679563814552537,29,30,30,29
1680679563816183194,29,30,30,29
1680679563817951112,29,30,29,29
1680679563820043359,29,30,29,29
1680679563821852809,29,30,29,29
1680679563823481230,29,30,29,29
1680679563825110888,29,30,29,29
1680679563826747221,29,30,29,29
1680679563828387489,29,30,29,29
1680679563830056381,29,30,29,29
1680679563831707396,29,30,29,29
1680679563833602547,29,30,29,29
1680679563835240289,29,30,29,29
1680679563836872774,29,30,29,29
1680679563838508082,29,30,29,29
1680679563840499226,29,30,29,29
1680679563842274998,29,30,29,29
1680679563843906892,29,30,29,29
1680679563845539479,29,30,29,29
1680679563847315912,29,30,29,29
1680679563848950378,29,30,29,29
1680679563850814004,29,30,29,29
1680679563852508574,29,30,29,29
1680679563854140789,29,30,29,29
1680679563855769437,29,30,29,29
1680679563857502917,29,30,29,29
1680679563859134599,29,30,29,29
1680679563860825357,29,30,29,29
1680679563862486127,29,30,29,29
1680679563864172401,29,30,29,29
1680679563865813473,29,30,29,29
1680679563867452588,29,30,29,29
1680679563869076824,29,30,29,29
1680679563870729957,29,30,29,29
1680679563872408066,29,30,29,29
1680679563874041816,29,30,29,29
1680679563875664631,29,30,29,29
1680679563877289576,29,30,29,29
1680679563878922790,29,30,29,29
1680679563880607960,29,30,29,29
1680679563882267994,29,30,29,29
1680679563883899266,29,30,29,29
1680679563885537322,29,30,29,29
1680679563887174265,29,30,29,29
1680679563888796947,29,30,29,29
1680679563890494076,29,30,29,29
1680679563892203616,29,30,29,29
1680679563893835866,29,30,29,29
1680679563895470853,29,30,29,29
1680679563897098821,29,30,29,29
1680679563898728027,29,30,29,29
1680679563900502591,29,30,29,29
1680679563902396480,29,30,29,29
1680679563904200569,29,30,29,29
1680679563906050075,29,30,29,29
1680679563907884678,29,30,29,29
1680679563910014229,29,30,29,29
1680679563912115202,29,30,29,29
1680679563914149493,29,30,29,29
1680679563917041563,29,30,29,29
1680679563918952549,29,30,29,29
1680679563920920426,29,30,29,29
1680679563922737699,29,30,29,29
1680679563924538600,29,30,29,29
1680679563926378452,29,30,29,29
1680679563928212507,29,30,29,29
1680679563930047912,29,30,29,29
1680679563931951974,29,30,29,29
1680679563934274335,29,30,29,29
1680679563936124359,29,30,29,29
1680679563937956812,29,30,29,29
1680679563939801056,29,30,29,29
1680679563941661552,29,30,29,29
1680679563943496550,29,30,29,29
1680679563945333103,29,30,29,29
1680679563947172715,29,30,29,29
1680679563949575803,29,30,29,29
1680679563951500275,29,30,29,29
1680679563953383649,29,30,29,29
1680679563955247318,29,30,29,29
1680679563957087554,29,30,29,29
1680679563958933709,29,30,29,29
1680679563960883702,29,30,29,29
1680679563962993437,29,30,29,29
1680679563966231623,29,30,29,29
1680679563968861594,29,30,29,29
1680679563971110297,29,30,29,29
1680679563973131749,29,30,30,29
1680679564039123425,29,30,30,29
1680679564109312296,29,29,30,29
1680679564111698903,29,29,30,29
1680679564113484515,29,29,30,29
1680679564115209137,29,29,30,29
1680679564116838270,29,29,30,29
1680679564118468781,29,29,30,29
1680679564120098261,29,29,30,29
1680679564121726726,29,29,30,29
1680679564123490063,29,29,30,29
1680679564125130966,29,29,30,29
1680679564126768443,29,29,30,29
1680679564128399161,29,29,30,29
1680679564130033525,29,29,30,29
1680679564131664170,29,29,30,29
1680679564133340816,29,29,30,29
1680679564134969070,29,29,30,29
1680679564136593053,29,29,30,29
1680679564138234057,29,29,30,29
1680679564139860917,29,29,30,29
1680679564141488401,29,29,30,29
1680679564143175621,29,29,30,29
1680679564144808632,29,29,30,29
1680679564146440868,29,29,30,29
1680679564148073370,29,29,30,29
1680679564149706642,29,29,30,29
1680679564151328998,29,29,30,29
1680679564153101007,29,29,30,29
1680679564154782039,29,29,30,29
1680679564156420173,29,29,29,29
1680679564158059481,29,29,29,29
1680679564159687662,29,29,29,29
1680679564161321564,29,29,29,29
1680679564162952943,29,29,29,29
1680679564164652097,29,29,29,29
1680679564166296133,29,29,29,29
1680679564167923204,29,29,29,29
1680679564169554372,29,29,29,29
1680679564171184540,29,29,29,29
1680679564172828210,29,29,29,29
1680679564174458336,29,29,29,29
1680679564176089474,29,29,29,29
1680679564177718396,29,29,29,29
1680679564179346211,29,29,29,29
1680679564180973044,29,29,29,29
1680679564182605358,29,29,29,29
1680679564184311307,29,29,29,29
1680679564185957775,29,29,29,29
1680679564187587069,29,29,29,29
1680679564189218327,29,29,29,29
1680679564190839611,29,29,29,29
1680679564192477079,29,29,29,29
1680679564194160435,29,29,29,29
1680679564195787205,29,29,29,29
1680679564197415224,29,29,29,29
1680679564199049123,29,29,29,29
1680679564200673591,29,29,29,29
1680679564202304334,29,29,29,29
1680679564204024555,29,29,29,29
1680679564205653751,29,29,29,29
1680679564207287556,29,29,29,29
1680679564208916153,29,29,29,29
1680679564210551072,29,29,29,29
1680679564212184062,29,29,29,29
1680679564214007994,29,29,29,29
1680679564215697300,29,29,29,29
1680679564217329208,29,29,29,29
1680679564218965250,29,29,29,29
1680679564220597825,29,29,29,29
1680679564222239112,29,29,29,29
1680679564223973274,29,29,29,29
1680679564225613082,29,29,29,29
1680679564227247265,29,29,29,29
1680679564228872327,29,29,29,29
1680679564230498515,29,29,29,29
1680679564232126046,29,29,29,29
1680679564233810417,29,29,29,29
1680679564235438904,29,29,29,29
1680679564237067149,29,29,29,29
1680679564238703589,29,29,29,29
1680679564240332751,29,29,29,29
1680679564241959927,29,29,29,29
1680679564243641218,29,29,29,29
1680679564245276726,29,29,29,29
1680679564246901831,29,29,29,29
1680679564248533596,29,29,29,29
1680679564250161312,29,29,29,29
1680679564251788675,29,29,29,29
1680679564253539591,29,29,29,29
1680679564255308259,29,29,29,29
1680679564256948306,29,29,29,29
1680679564258575308,29,29,29,29
1680679564260197117,29,29,29,29
1680679564261829085,29,29,29,29
1680679564263626326,29,29,29,29
1680679564265408472,29,29,29,29
1680679564267096122,29,29,29,29
1680679564268725792,29,29,29,29
1680679564270353227,29,29,29,29
1680679564271986643,29,29,29,29
1680679564273625594,29,29,29,29
1680679564275307776,29,29,29,29
1680679564276938646,29,29,29,29
1680679564278568398,29,29,29,29
1680679564280197529,29,29,29,29
1680679564281835742,29,29,29,29
1680679564283642488,29,29,29,29
1680679564285325671,29,29,29,29
1680679564286955605,29,29,29,29
1680679564288578837,29,29,29,29
1680679564290218701,29,29,29,29
1680679564291849510,29,29,29,29
1680679564293608201,29,29,29,29
1680679564295263002,29,29,29,29
1680679564296885499,29,29,29,29
1680679564298507009,29,29,29,29
1680679564300130688,29,29,29,29
1680679564301757788,29,29,29,29
1680679564303496641,29,29,29,29
1680679564305176482,29,29,29,29
1680679564306808362,29,29,29,29
1680679564308435009,29,29,29,29
1680679564310067441,29,29,29,29
1680679564311712473,29,29,29,29
1680679564313345489,29,29,29,29
1680679564315271958,29,29,29,29
1680679564316944261,29,29,29,29
1680679564318574836,29,29,29,29
1680679564320219794,29,29,29,29
1680679564321849973,29,29,29,29
1680679564323497254,29,29,29,29
1680679564325209864,29,29,29,29
1680679564326837121,29,29,29,29
1680679564328472125,29,29,29,29
1680679564330100150,29,29,29,29
1680679564331733286,29,29,29,29
1680679564333360540,29,29,29,29
1680679564335026389,29,29,29,29
1680679564336659713,29,29,29,29
1680679564338289920,29,29,29,29
1680679564339919549,29,29,29,29
1680679564341543703,29,29,29,29
1680679564343168602,29,29,29,29
1680679564344903275,29,29,29,29
1680679564346527994,29,29,29,29
1680679564348151955,29,29,29,29
1680679564349780969,29,29,29,29
1680679564351415061,29,29,29,29
1680679564353041372,29,29,29,29
1680679564355021274,29,29,29,29
1680679564356725280,29,29,29,29
1680679564358372689,29,29,29,29
1680679564359999625,29,29,29,29
1680679564361629103,29,29,29,29
1680679564363272541,29,29,29,29
1680679564364966183,29,29,29,29
1680679564366669048,29,29,29,29
1680679564368304798,29,29,29,29
1680679564369948804,29,29,29,29
1680679564371576450,29,29,29,29
1680679564373209923,29,29,29,29
1680679564374956531,29,29,29,29
1680679564376592363,29,29,29,29
1680679564378329946,29,29,29,29
1680679564380340953,29,29,29,29
1680679564382827231,29,29,29,29
1680679564384819592,29,29,29,29
1680679564386729008,29,29,29,29
1680679564389410868,29,30,29,29
1680679564425024519,29,30,29,29
1680679564426662543,29,30,29,29
1680679564428292125,29,30,29,29
1680679564429973919,29,30,29,29
1680679564431610429,29,30,29,29
1680679564433241606,29,30,29,29
1680679564434936201,29,30,29,29
1680679564436589723,29,30,29,29
1680679564438233927,29,30,29,29
1680679564439860679,29,30,29,29
1680679564441483808,29,30,29,29
1680679564443110172,29,30,29,29
1680679564444867720,29,30,29,29
1680679564446495198,29,30,29,29
1680679564448121462,29,30,29,29
1680679564449752065,29,30,29,29
1680679564451379172,29,30,29,29
1680679564453012256,29,30,29,29
1680679564454646639,29,30,29,29
1680679564456440989,29,30,29,29
1680679564458129259,29,30,29,29
1680679564459758089,29,30,29,29
1680679564461391570,29,30,29,29
1680679564463026330,29,30,29,29
1680679564464681680,29,30,29,29
1680679564466393938,29,30,29,29
1680679564468090996,29,30,29,29
1680679564469734010,29,30,29,29
1680679564471365869,29,30,29,29
1680679564473001410,29,30,29,29
1680679564474629225,29,30,29,29
1680679564476337925,29,30,29,29
1680679564477975775,29,30,29,29
1680679564479609603,29,30,29,29
1680679564481237862,29,30,29,29
1680679564482868265,29,30,29,29
1680679564484511480,29,30,29,29
1680679564486178972,29,30,29,29
1680679564487806496,29,30,29,29
1680679564489439616,29,30,29,29
1680679564491069738,29,30,29,29
1680679564492691772,29,30,29,29
1680679564494330844,29,30,29,29
1680679564495997650,29,30,29,29
1680679564497630868,29,30,29,29
1680679564499263696,29,30,29,29
1680679564500895788,29,30,29,29
1680679564502523585,29,30,29,29
1680679564504158466,29,30,29,29
1680679564505894713,29,30,29,29
1680679564507517524,29,30,29,29
1680679564509144314,29,30,29,29
1680679564510781895,29,30,29,29
1680679564512410207,30,30,29,29
1680679564514045482,30,30,29,29
1680679564515802954,30,30,29,29
1680679564517500186,30,30,29,29
1680679564519194575,30,30,29,29
1680679564520821349,30,30,29,29
1680679564522448015,30,30,29,29
1680679564524107502,30,30,29,29
1680679564525855550,30,30,29,29
1680679564527484613,30,30,29,29
1680679564529113627,30,30,29,29
1680679564530740543,30,30,29,29
1680679564532368773,30,30,29,29
1680679564534000554,30,30,29,29
1680679564535728525,30,30,29,29
1680679564537392776,30,30,29,29
1680679564539009886,30,30,29,29
1680679564540643116,30,30,29,29
1680679564542277168,30,30,29,29
1680679564543903456,30,30,29,29
1680679564545592643,30,30,29,29
1680679564547226788,30,30,29,29
1680679564548850939,30,30,29,29
1680679564550477267,30,30,29,29
1680679564552104503,30,30,29,29
1680679564553731530,30,30,29,29
1680679564555361230,30,30,29,29
1680679564557130130,30,30,29,29
1680679564558821222,30,30,29,29
1680679564560461099,30,30,29,29
1680679564562099366,30,30,29,29
1680679564563727265,30,30,29,29
1680679564565410437,30,30,29,29
1680679564567104423,30,30,29,29
1680679564568806592,30,30,29,29
1680679564570446107,30,30,29,29
1680679564572080154,30,30,29,29
1680679564573716706,30,30,29,29
1680679564575356162,30,30,29,29
1680679564577045263,30,30,29,29
1680679564578679133,30,30,29,29
1680679564580312146,30,30,29,29
1680679564581948560,30,30,29,29
1680679564583579070,30,30,29,29
1680679564585260617,30,29,29,29
1680679564586922542,30,29,29,29
1680679564588562818,30,29,29,29
1680679564590548937,30,29,29,29
1680679564592442740,30,29,29,29
1680679564594364234,30,29,29,29
1680679564596261078,30,29,29,29
1680679564598178998,30,29,29,29
1680679564600073857,30,29,29,29
1680679564601780853,30,29,29,29
1680679564603418649,30,29,29,29
1680679564605077708,30,29,29,29
1680679564606793294,30,29,29,29
1680679564608428505,30,29,29,29
1680679564610077009,30,29,29,29
1680679564611742839,30,29,29,29
1680679564613431426,30,29,29,29
1680679564615116821,30,29,29,29
1680679564616936422,30,29,29,29
1680679564618731087,30,29,29,29
1680679564620476672,30,29,29,29
1680679564622174732,30,29,29,29
1680679564623863852,30,29,29,29
1680679564625582003,30,29,29,29
1680679564627292078,30,29,29,29
1680679564628971001,30,29,29,29
1680679564630676701,30,29,29,29
1680679564632360912,30,29,29,29
1680679564634059568,30,29,29,29
1680679564635742142,30,29,29,29
1680679564637700069,30,29,29,29
1680679564639388726,30,29,29,29
1680679564641070737,30,29,29,29
1680679564642755049,30,29,29,29
1680679564644446594,30,29,29,29
1680679564646173139,30,29,29,29
1680679564647855062,30,29,29,29
1680679564649548362,30,29,29,29
1680679564651242531,30,29,29,29
1680679564652966755,30,29,29,29
1680679564654678460,30,29,29,29
1680679564656391683,30,29,29,29
1680679564658254935,30,29,29,29
1680679564660019171,30,29,29,29
1680679564661726461,30,29,29,29
1680679564663438273,30,29,29,29
1680679564665152224,30,29,29,29
1680679564666865645,30,29,29,29
1680679564668865277,30,29,29,29
1680679564670561888,30,29,29,29
1680679564672244600,30,29,29,29
1680679564673940453,30,29,29,29
1680679564675628201,30,29,29,29
1680679564677317841,30,29,29,29
1680679564679037304,30,29,29,29
1680679564680730608,30,29,29,29
1680679564682420653,29,29,29,29
1680679564684111083,29,29,29,29
1680679564685823741,29,29,29,29
1680679564687527912,29,29,29,29
1680679564689215010,29,29,29,29
1680679564690895854,29,29,29,29
1680679564692577901,29,29,29,29
1680679564694285498,29,29,29,29
1680679564695971362,29,29,29,29
1680679564697815898,29,29,29,29
1680679564699501588,29,29,29,29
1680679564701202255,29,29,29,29
1680679564702878045,29,29,29,29
1680679564704569883,29,29,29,29
1680679564706270164,29,29,29,29
1680679564708022529,29,29,29,29
1680679564709841102,29,29,29,29
1680679564711526970,29,29,29,29
1680679564713208154,29,29,29,29
1680679564714887057,29,29,29,29
1680679564716554860,29,29,29,29
1680679564718631791,29,29,29,29
1680679564720559670,29,29,29,29
1680679564722242427,29,29,29,29
1680679564723912014,29,29,29,29
1680679564725678305,29,29,29,29
1680679564727414396,29,29,29,29
1680679564729122970,29,29,29,29
1680679564730834668,29,29,29,29
1680679564732542986,29,29,29,29
1680679564734268688,29,29,29,29
1680679564736096937,29,29,29,29
1680679564737817846,29,29,29,29
1680679564739511085,29,29,29,29
1680679564741229854,29,29,29,29
1680679564742909062,29,29,29,29
1680679564744622210,29,29,29,29
1680679564746314074,29,29,29,29
1680679564748059381,29,29,29,29
1680679564749742581,29,29,29,29
1680679564751437452,29,29,29,29
1680679564753128002,29,30,29,29
1680679564754813026,29,30,29,29
1680679564756504269,29,30,29,29
1680679564758227240,29,30,29,29
1680679564760008610,29,30,29,29
1680679564761708452,29,30,29,29
1680679564763388478,29,30,29,29
1680679564765109791,29,30,29,29
1680679564766831663,29,30,29,29
1680679564768564201,29,30,29,29
1680679564770258062,29,30,29,29
1680679564771941137,29,30,29,29
1680679564773625403,29,30,29,29
1680679564775317554,29,30,29,29
1680679564776998345,29,30,29,29
1680679564778706141,29,30,29,29
1680679564780455681,29,30,29,29
1680679564782150799,29,30,29,29
1680679564783836021,29,30,29,29
1680679564785582407,29,30,29,29
1680679564787316162,29,30,29,29
1680679564789004234,29,30,29,29
1680679564790691816,29,30,29,29
1680679564792387513,29,30,29,29
1680679564794077399,29,30,29,29
1680679564795759023,29,30,29,29
1680679564797443289,29,30,29,29
1680679564799206784,29,30,29,29
1680679564800887089,29,30,29,29
1680679564802566985,29,30,29,29
1680679564804249425,29,30,29,29
1680679564805969637,29,30,29,29
1680679564807677334,29,30,29,29
1680679564809367322,29,30,29,29
1680679564811048765,29,30,29,29
1680679564812745662,29,30,29,29
1680679564814493799,29,30,29,29
1680679564816187336,29,30,29,29
1680679564817876101,29,30,29,29
1680679564819646874,29,30,29,29
1680679564821536851,29,30,29,29
1680679564823224167,29,30,29,29
1680679564824998903,29,30,29,29
1680679564826676254,29,30,29,29
1680679564828379999,29,30,30,29
1680679564830087915,29,30,30,29
1680679564831802210,29,30,30,29
1680679564833461803,29,30,30,29
1680679564835084565,29,30,30,29
1680679564836704023,29,30,30,29
1680679564838349682,29,30,30,29
1680679564840084486,29,30,30,29
1680679564841713720,29,30,30,29
1680679564843341008,29,30,30,29
1680679564844991632,29,30,30,29
1680679564846619290,29,30,30,29
1680679564848386494,29,30,30,29
1680679564850010746,29,30,30,29
1680679564851627384,29,30,30,29
1680679564853250066,29,30,30,29
1680679564854871497,29,30,30,29
1680679564856508540,29,30,30,29
1680679564858135082,29,30,30,29
1680679564859889007,29,30,30,29
1680679564861716746,29,30,30,29
1680679564863348606,29,30,30,29
1680679564865003235,29,30,30,29
1680679564866654415,29,30,30,29
1680679564868326806,29,30,30,29
1680679564870102296,29,30,30,29
1680679564871739436,29,30,30,29
1680679564873361956,29,30,30,29
1680679564874980007,29,30,30,29
1680679564876601102,29,30,30,29
1680679564878231065,29,30,30,29
1680679564879877338,29,30,30,29
1680679564881550745,29,30,30,29
1680679564883169600,29,30,30,29
1680679564884894392,29,30,30,29
1680679564886576208,29,30,30,29
1680679564888218217,29,30,30,29
1680679564889846025,29,30,30,29
1680679564891471404,29,30,30,29
1680679564893097411,29,30,30,29
1680679564894726928,29,30,30,29
1680679564896385836,29,30,30,29
1680679564898014239,29,30,30,29
1680679564899682901,29,30,30,29
1680679564901333766,29,30,30,29
1680679564902960953,29,30,30,29
1680679564904587035,29,30,30,29
1680679564906236931,29,30,30,29
1680679564907920040,29,30,30,29
1680679564909541590,29,30,30,29
1680679564911164874,29,30,30,29
1680679564912786336,29,30,30,29
1680679564914412931,29,30,30,29
1680679564916032891,29,30,30,29
1680679564917654173,29,30,30,29
1680679564919282806,29,30,30,29
1680679564921211643,29,30,30,29
1680679564922906545,29,29,30,29
1680679564924538232,29,29,30,29
1680679564926215122,29,29,30,29
1680679564927839468,29,29,30,29
1680679564929462196,29,29,30,29
1680679564931087837,29,29,30,29
1680679564932708443,29,29,30,29
1680679564934343149,29,29,30,29
1680679564935968035,29,29,30,29
1680679564937589283,29,29,30,29
1680679564939218851,29,29,30,29
1680679564940841968,29,29,30,29
1680679564942491442,29,29,30,29
1680679564944112359,29,29,30,29
1680679564945811364,29,29,30,29
1680679564947436123,29,29,30,29
1680679564949079015,29,29,30,29
1680679564950706024,29,29,30,29
1680679564952335323,29,29,30,29
1680679564953974775,29,29,30,29
1680679564955589936,29,29,30,29
1680679564957208249,29,29,30,29
1680679564958828674,29,29,30,29
1680679564960936099,29,29,30,29
1680679564962679201,29,29,30,29
1680679564964312050,29,29,30,29
1680679564965998311,29,29,30,29
1680679564967632475,29,29,30,29
1680679564969299475,29,29,30,29
1680679564971065133,29,29,30,29
1680679564972702555,29,29,30,29
1680679564974334287,29,29,30,29
1680679564975960674,29,29,30,29
1680679564977582039,29,29,30,29
1680679564979200851,29,29,30,29
1680679564980852606,29,29,30,29
1680679564982530525,29,29,30,29
1680679564984148989,29,29,30,29
1680679564985787959,29,29,30,29
1680679564987425371,29,29,30,29
1680679564989076257,29,29,30,29
1680679564990699535,29,29,30,29
1680679564992323109,29,29,30,29
1680679564993955141,29,29,30,29
1680679564995582500,29,29,29,29
1680679564997205048,29,29,29,29
1680679564998835775,29,29,29,29
1680679565000465330,29,29,29,29
1680679565002115748,29,29,29,29
1680679565003739965,29,29,29,29
1680679565005373888,29,29,29,29
1680679565006992876,29,29,29,29
1680679565008682431,29,29,29,29
1680679565010309880,29,29,29,29
1680679565011926898,29,29,29,29
1680679565013551352,29,29,29,29
1680679565015173497,29,29,29,29
1680679565016794453,29,29,29,29
1680679565018417487,29,29,29,29
1680679565020038049,29,29,29,29
1680679565021803797,29,29,29,29
1680679565023524341,29,29,29,29
1680679565025258935,29,29,29,29
1680679565026882167,29,29,29,29
1680679565028515999,29,29,29,29
1680679565030139887,29,29,29,29
1680679565031759859,29,29,29,29
1680679565033382058,29,29,29,29
1680679565035006042,29,29,29,29
1680679565036635568,29,29,29,29
1680679565038267515,29,29,29,29
1680679565039896914,29,29,29,29
1680679565041622822,29,29,29,29
1680679565043271939,29,29,29,29
1680679565044898170,29,29,29,29
1680679565046634967,29,29,29,29
1680679565048259457,29,29,29,29
1680679565049912282,29,29,29,29
1680679565051533246,29,29,29,29
1680679565053157095,29,29,29,29
1680679565054781928,29,29,29,29
1680679565056406792,29,29,29,29
1680679565058038784,29,29,29,29
1680679565059666998,29,29,29,29
1680679565061697823,29,29,29,29
1680679565063446605,29,29,29,29
1680679565065081225,29,29,29,29
1680679565066709192,29,29,29,29
1680679565068329537,29,29,29,29
1680679565070046337,29,29,29,29
1680679565071797868,29,29,29,29
1680679565073427069,29,29,29,29
1680679565075049025,29,29,29,29
1680679565076680452,29,29,29,29
1680679565078310372,29,29,29,29
1680679565079939096,29,29,29,29
1680679565081564433,29,29,29,29
1680679565083240431,29,29,29,29
1680679565084856908,29,29,29,29
1680679565086542221,29,29,29,29
1680679565088161747,29,29,29,29
1680679565089814563,29,29,29,29
1680679565091429435,29,29,29,29
1680679565093049816,29,29,29,29
1680679565094676420,29,29,29,29
1680679565096300794,29,29,29,29
1680679565097941508,29,29,29,29
1680679565099564742,29,29,29,29
1680679565101218732,29,29,29,29
1680679565102941736,29,29,29,29
1680679565104565929,29,29,29,29
1680679565106228697,29,29,29,29
1680679565107857497,29,29,29,29
1680679565109498255,29,29,29,29
1680679565111123331,29,29,29,29
1680679565112726332,29,29,29,29
1680679565114346217,29,29,29,29
1680679565115978292,29,29,29,29
1680679565117619206,29,29,29,29
1680679565119239498,29,29,29,29
1680679565120859207,29,29,29,29
1680679565122679074,29,29,29,29
1680679565124723241,29,29,29,29
1680679565126502038,29,29,29,29
1680679565128128502,29,29,29,29
1680679565129841007,29,29,29,29
1680679565131469427,29,29,29,29
1680679565133097633,29,29,29,29
1680679565134718260,29,29,29,29
1680679565136516136,29,29,29,29
1680679565138216079,29,29,29,29
1680679565140091227,29,29,29,29
1680679565141749936,29,29,29,29
1680679565143371933,29,29,29,29
1680679565145026177,29,29,29,29
1680679565146793854,29,29,29,29
1680679565148425018,29,29,29,29
1680679565150162978,29,29,29,29
1680679565151789355,29,29,29,29
1680679565153561465,29,29,29,29
1680679565155187534,29,29,29,29
1680679565156810274,29,29,29,29
1680679565158437526,29,29,29,29
1680679565160320602,29,29,29,29
1680679565161966777,29,29,29,29
1680679565163680588,29,29,29,29
1680679565165369197,29,29,29,29
1680679565167343647,29,29,29,29
1680679565168964912,29,29,29,29
1680679565170689191,29,29,29,29
1680679565172341539,29,29,29,29
1680679565173969279,29,29,29,29
1680679565175595861,29,29,29,29
1680679565177222617,29,29,29,29
1680679565178852832,29,29,29,29
1680679565180481841,29,29,29,29
1680679565182109548,29,29,29,29
1680679565183784025,29,29,29,29
1680679565185402714,29,29,29,29
1680679565187026246,29,29,29,29
1680679565188650887,29,29,29,29
1680679565190308782,29,29,29,29
1680679565191930852,29,29,29,29
1680679565193549401,29,29,29,29
1680679565195171722,29,29,29,29
1680679565196788770,29,29,29,29
1680679565198409416,29,29,29,29
1680679565200030009,29,29,29,29
1680679565201648766,29,29,29,29
1680679565203321087,29,29,29,29
1680679565205002618,29,29,29,29
1680679565206682907,29,29,29,29
1680679565208309489,29,29,29,29
1680679565209939732,29,29,29,29
1680679565211570297,29,29,29,29
1680679565213199759,29,29,29,29
1680679565214832867,29,29,29,29
1680679565216451526,29,29,29,29
1680679565218073026,29,29,29,29
1680679565219911372,29,29,29,29
1680679565221748952,29,29,29,29
1680679565223577546,29,29,29,29
1680679565225750882,29,29,29,29
1680679565227672745,29,29,29,29
1680679565229508910,29,29,29,29
1680679565231341369,29,29,29,29
1680679565233984498,29,29,29,29
1680679565235776616,29,29,29,29
1680679565237586375,29,29,29,29
1680679565239390097,29,29,29,29
1680679565241217243,29,29,29,29
1680679565243076386,29,29,29,29
1680679565244918152,29,29,29,29
1680679565246780040,29,29,29,29
1680679565249308334,29,29,29,29
1680679565251200528,29,29,29,29
1680679565253020110,29,29,29,29
1680679565254860162,29,29,29,29
1680679565256694691,29,29,29,29
1680679565258544592,29,29,29,29
1680679565260366102,29,29,29,29
1680679565262199423,29,29,29,29
1680679565264771704,29,29,29,29
1680679565266742256,29,29,29,29
1680679565268569685,29,29,29,29
1680679565270440685,29,29,29,29
1680679565272299778,29,29,29,29
1680679565274143857,29,29,29,29
1680679565275972513,29,29,29,29
1680679565277808022,29,29,29,29
1680679565280330266,29,29,29,29
1680679565282816229,29,29,29,29
1680679565284927843,29,29,29,29
1680679565286997821,29,29,30,29
1680679565353164957,29,29,30,29
1680679565420233070,29,29,30,29
1680679565422357284,29,29,30,29
1680679565423978716,29,29,30,29
1680679565425628679,29,29,30,29
1680679565427547364,29,29,30,29
1680679565429338471,29,30,30,29
1680679565430971392,29,30,30,29
1680679565432592796,29,30,30,29
1680679565434243744,29,30,30,29
1680679565435866628,29,30,30,29
1680679565437492395,29,30,30,29
1680679565439119180,29,30,30,29
1680679565440730224,29,30,30,29
1680679565442356643,29,30,30,29
1680679565443975360,29,30,30,29
1680679565445681062,29,30,30,29
1680679565447329602,29,30,30,29
1680679565449056154,29,30,30,29
1680679565450680190,29,30,30,29
1680679565452307480,29,30,30,29
1680679565453954761,29,30,30,29
1680679565455583620,29,30,30,29
1680679565457212010,29,30,30,29
1680679565458841867,29,30,30,29
1680679565460460395,29,30,30,29
1680679565462088466,29,30,30,29
1680679565463712494,29,30,30,29
1680679565465413590,29,30,30,29
1680679565467207959,29,30,30,29
1680679565468906041,29,30,30,29
1680679565470536569,29,30,30,29
1680679565472153778,29,30,30,29
1680679565473815624,29,30,30,29
1680679565475517926,29,30,30,29
1680679565477172963,29,30,30,29
1680679565478798695,29,30,30,29
1680679565480424708,29,30,30,29
1680679565482058221,29,30,30,29
1680679565483683059,29,30,30,29
1680679565485306539,29,30,30,29
1680679565487008282,29,30,30,29
1680679565488644565,29,30,30,29
1680679565490272061,29,30,30,29
1680679565491897033,29,30,30,29
1680679565493520073,29,30,30,29
1680679565495169125,29,30,30,29
1680679565496791578,29,30,30,29
1680679565498408144,29,30,30,29
1680679565500029608,29,30,30,29
1680679565501648268,29,30,30,29
1680679565503269970,29,30,30,29
1680679565504892114,29,30,30,29
1680679565506548847,29,30,30,29
1680679565508309709,29,30,30,29
1680679565509949099,29,30,30,29
1680679565511575826,29,30,30,29
1680679565513198067,29,30,30,29
1680679565514846922,29,30,30,29
1680679565516469237,29,30,30,29
1680679565518103408,29,30,30,29
1680679565519724294,29,30,30,29
1680679565521347640,29,30,30,29
1680679565522972021,29,30,30,29
1680679565524595486,29,30,30,29
1680679565526382489,29,30,30,29
1680679565527999407,29,30,30,29
1680679565529844288,29,30,30,29
1680679565531757238,29,30,30,29
1680679565533390859,29,30,30,29
1680679565535087024,29,30,30,29
1680679565536707572,29,30,30,29
1680679565538341495,29,30,30,29
1680679565539965445,29,30,30,29
1680679565541590330,29,30,30,29
1680679565543218637,29,30,30,29
1680679565544838450,29,30,30,29
1680679565546542755,29,30,30,29
1680679565548165994,29,30,30,29
1680679565549790926,29,30,30,29
1680679565551421082,29,30,30,29
1680679565553041581,29,30,30,29
1680679565554693032,29,30,30,29
1680679565556315992,29,30,30,29
1680679565557950879,29,30,30,29
1680679565559575991,29,30,30,29
1680679565561201416,29,30,30,29
1680679565562815929,29,30,30,29
1680679565564439533,29,30,30,29
1680679565566121256,29,30,30,29
1680679565567798600,29,30,30,29
1680679565569448216,29,30,30,29
1680679565571127611,29,30,30,29
1680679565572722433,29,30,30,29
1680679565574473899,29,30,30,29
1680679565576169609,29,30,30,29
1680679565577851100,29,30,30,29
1680679565579471200,29,30,30,29
1680679565581088490,29,30,30,29
1680679565582708788,29,30,30,29
1680679565584330203,29,30,30,29
1680679565585961078,29,30,30,29
1680679565587668215,29,30,30,29
1680679565589293895,29,30,30,29
1680679565590945900,29,30,30,29
1680679565592573069,29,30,30,29
1680679565594206826,29,30,30,29
1680679565595887730,29,30,30,29
1680679565597512868,29,29,30,29
1680679565599134774,29,29,30,29
1680679565600722972,29,29,30,29
1680679565602344852,29,29,30,29
1680679565603967049,29,29,30,29
1680679565605585909,29,29,30,29
1680679565607257981,29,29,30,29
1680679565608887242,29,29,30,29
1680679565610536778,29,29,30,29
1680679565612160090,29,29,30,29
1680679565613792158,29,29,30,29
1680679565615529654,29,29,30,29
1680679565617145669,29,29,30,29
1680679565618767775,29,29,30,29
1680679565620389973,29,29,30,29
1680679565622008899,29,29,30,29
1680679565623628524,29,29,30,29
1680679565625250236,29,29,30,29
1680679565627039212,29,29,30,29
1680679565628662764,29,29,30,29
1680679565630364330,29,29,30,29
1680679565632239854,29,29,30,29
1680679565633924417,29,29,30,29
1680679565635567740,29,29,30,29
1680679565637387166,29,29,30,29
1680679565639019945,29,29,30,29
1680679565640638454,29,29,30,29
1680679565642268463,29,29,30,29
1680679565643889760,29,29,30,29
1680679565645518844,29,29,30,29
1680679565647211476,29,29,30,29
1680679565648837442,29,29,30,29
1680679565650497319,29,29,30,29
1680679565652138162,29,29,30,29
1680679565653766763,29,29,30,29
1680679565655445335,29,29,30,29
1680679565657065777,29,29,30,29
1680679565658687963,29,29,30,29
1680679565660308617,29,29,30,29
1680679565661947516,29,29,30,29
1680679565663575939,29,29,30,29
1680679565665195626,29,29,30,29
1680679565667053694,29,29,30,29
1680679565669297859,29,29,30,29
1680679565670992026,29,29,29,29
1680679565672621901,29,29,29,29
1680679565674253029,29,29,29,29
1680679565675950361,29,29,29,29
1680679565677626867,29,29,29,29
1680679565679254678,29,29,29,29
1680679565680875940,29,29,29,29
1680679565682504579,29,29,29,29
1680679565684130089,29,29,29,29
1680679565685755746,29,29,29,29
1680679565687439366,29,29,29,29
1680679565689088582,29,29,29,29
1680679565690709562,29,29,29,29
1680679565692387579,29,29,29,29
1680679565694014555,29,29,29,29
1680679565695684664,29,29,29,29
1680679565697311694,29,29,29,29
1680679565698937216,29,29,29,29
1680679565700625240,29,29,29,29
1680679565702257331,29,29,29,29
1680679565703887754,29,29,29,29
1680679565705518951,29,29,29,29
1680679565707166416,29,29,29,29
1680679565708798794,29,29,29,29
1680679565710423524,29,29,29,29
1680679565712096847,29,29,29,29
1680679565713717518,29,29,29,29
1680679565715342334,29,29,29,29
1680679565716976377,29,29,29,29
1680679565718602719,29,29,29,29
1680679565720223957,29,29,29,29
1680679565721851659,29,29,29,29
1680679565723469575,29,29,29,29
1680679565725087446,29,29,29,29
1680679565726796446,29,29,29,29
1680679565728539865,29,29,29,29
1680679565730176794,29,29,29,29
1680679565732153523,29,29,29,29
1680679565734112215,29,29,29,29
1680679565735825383,29,29,29,29
1680679565737451178,29,29,29,29
1680679565739071461,29,29,29,29
1680679565740689517,29,29,29,29
1680679565742320056,29,29,29,29
1680679565743941447,29,29,29,29
1680679565745564547,29,29,29,29
1680679565747219337,29,29,29,29
1680679565748906255,29,29,29,29
1680679565750530015,29,29,29,29
1680679565752153730,29,29,29,29
1680679565753838413,29,29,29,29
1680679565755464670,29,29,29,29
1680679565757141068,29,29,29,29
1680679565758764310,29,29,29,29
1680679565760386992,29,29,29,29
1680679565762009144,29,29,29,29
1680679565763636471,29,29,29,29
1680679565765258483,29,29,29,29
1680679565766891830,29,29,29,29
1680679565768652849,29,29,29,29
1680679565770576355,29,29,29,29
1680679565772216248,29,29,29,29
1680679565773898464,29,29,29,29
1680679565775531371,29,29,29,29
1680679565777231742,29,29,29,29
1680679565778908905,29,29,29,29
1680679565780527275,29,29,29,29
1680679565782151553,29,29,29,29
1680679565783767607,29,29,29,29
1680679565785392485,29,29,29,29
1680679565787024635,29,29,29,29
1680679565788644090,29,29,29,29
1680679565790320807,29,29,29,29
1680679565791943891,29,29,29,29
1680679565793641211,29,29,29,29
1680679565795266470,29,29,29,29
1680679565796902767,29,29,29,29
1680679565798529845,29,29,29,29
1680679565800214334,29,29,29,29
1680679565801846277,29,29,29,29
1680679565803473190,29,29,29,29
1680679565805099862,29,29,29,29
1680679565806729847,29,29,29,29
1680679565808357864,29,29,29,29
1680679565809992833,29,29,29,29
1680679565811612071,29,29,29,29
1680679565813283261,29,29,29,29
1680679565814909897,29,29,29,29
1680679565816584520,29,29,29,29
1680679565818226187,29,29,29,29
1680679565819845909,29,29,29,29
1680679565821467323,29,29,29,29
1680679565823090656,29,29,29,29
1680679565824719708,29,29,29,29
1680679565826338039,29,29,29,29
1680679565828009420,29,29,29,29
1680679565829647115,29,29,29,29
1680679565831271992,29,29,29,29
1680679565832889642,29,29,29,29
1680679565834849339,29,29,29,29
1680679565836536582,29,29,29,29
1680679565838174937,29,29,29,29
1680679565839797785,29,29,29,29
1680679565841420873,29,29,29,29
1680679565843046604,29,29,29,29
1680679565844669812,29,29,29,29
1680679565846295177,29,29,29,29
1680679565848007036,29,29,29,29
1680679565849656476,29,29,29,29
1680679565851285722,29,29,29,29
1680679565852916657,29,29,29,29
1680679565854596198,29,29,29,29
1680679565856224706,29,29,29,29
1680679565857851820,29,29,29,29
1680679565859481371,29,29,29,29
1680679565861107369,29,29,29,29
1680679565862728277,29,29,29,29
1680679565864356478,29,29,29,29
1680679565865986540,29,29,29,29
1680679565867635293,29,29,29,29
1680679565869264472,29,29,29,29
1680679565871071204,29,29,29,29
1680679565872825658,29,29,29,29
1680679565874467255,29,29,29,29
1680679565876093041,29,29,29,29
1680679565877876738,29,29,29,29
1680679565879558474,29,29,29,29
1680679565881192506,29,29,29,29
1680679565882816169,29,29,29,29
1680679565884445586,29,29,29,29
1680679565886085877,29,29,29,29
1680679565887728842,29,29,29,29
1680679565889350393,29,29,29,29
1680679565890988019,29,29,29,29
1680679565892608743,29,29,29,29
1680679565894245497,29,29,29,29
1680679565895894497,29,29,29,29
1680679565897533304,29,29,29,29
1680679565899158468,29,29,29,29
1680679565900781656,29,29,29,29
1680679565902406481,29,29,29,29
1680679565904028013,29,29,29,29
1680679565905650638,29,29,29,29
1680679565907294713,29,29,29,29
1680679565908927455,29,29,29,29
1680679565910691223,29,29,29,29
1680679565912319218,29,29,29,29
1680679565913949417,29,29,29,29
1680679565915622737,29,29,29,29
1680679565917270849,29,29,29,29
1680679565918893627,29,29,29,29
1680679565920514239,29,29,29,29
1680679565922139225,29,29,29,29
1680679565923765995,29,29,29,29
1680679565925386038,29,29,29,29
1680679565927008398,29,29,29,29
1680679565928649668,29,29,29,29
1680679565930275650,29,29,29,29
1680679565931963245,29,29,29,29
1680679565933588322,29,29,29,29
1680679565935624916,29,29,29,29
1680679565937460321,29,29,29,29
1680679565939147149,29,29,29,29
1680679565940774602,29,29,29,29
1680679565942394843,29,29,29,29
1680679565944015883,29,29,29,29
1680679565945642234,29,29,29,29
1680679565947284174,29,29,29,29
1680679565948904716,29,29,29,29
1680679565950530364,29,29,29,29
1680679565952159847,29,29,29,29
1680679565953784774,29,29,29,29
1680679565955409802,29,29,29,29
1680679565957110365,29,29,29,29
1680679565958730530,29,29,29,29
1680679565960351316,29,29,29,29
1680679565961979542,29,29,29,29
1680679565963607107,29,29,29,29
1680679565965231814,29,29,29,29
1680679565966858264,29,29,29,29
1680679565968529481,29,29,29,29
1680679565970169481,29,29,29,29
1680679565972107426,29,29,29,29
1680679565973907899,29,29,29,29
1680679565975543183,29,29,29,29
1680679565977280053,29,29,29,29
1680679565978976631,29,29,29,29
1680679565980659709,29,29,29,29
1680679565982295414,29,29,29,29
1680679565983919067,29,29,29,29
1680679565985546030,29,29,29,29
1680679565987167640,29,29,29,29
1680679565988833743,29,29,29,29
1680679565990457242,29,29,29,29
1680679565992134600,29,29,29,29
1680679565993755331,29,29,29,29
1680679565995372120,29,29,29,29
1680679565997024685,29,29,29,29
1680679565998703446,29,29,29,29
1680679566000323507,29,29,29,29
1680679566001951949,29,29,29,29
1680679566003572725,29,29,29,29
1680679566005194230,29,29,29,29
1680679566006822659,29,29,29,29
1680679566008506411,29,29,29,29
1680679566010168336,29,29,29,29
1680679566011792873,29,29,29,29
1680679566013421242,29,29,29,29
1680679566015053729,29,29,29,29
1680679566016711108,29,29,29,29
1680679566018366232,29,29,29,29
1680679566019994648,29,29,29,29
1680679566021619853,29,29,29,29
1680679566023248037,29,29,29,29
1680679566024879394,29,29,29,29
1680679566026502835,29,29,29,29
1680679566028207140,29,29,29,29
1680679566029836300,29,29,29,29
1680679566031462243,29,29,29,29
1680679566033137642,29,29,29,29
1680679566034767882,29,29,29,29
1680679566036446603,29,29,29,29
1680679566038885863,29,29,29,29
1680679566040589775,29,29,29,29
1680679566042228205,29,29,29,29
1680679566043851150,29,29,29,29
1680679566045470281,29,29,29,29
1680679566047091846,29,29,29,29
1680679566048732602,29,29,29,29
1680679566050360284,29,29,29,29
1680679566051983745,29,29,29,29
1680679566053603321,29,29,29,29
1680679566055226119,29,29,29,29
1680679566056854118,29,29,29,29
1680679566058539184,29,29,29,29
1680679566060157632,29,29,29,29
1680679566061784146,29,29,29,29
1680679566063406473,29,29,29,29
1680679566065030333,29,29,29,29
1680679566066656957,29,29,29,29
1680679566068297613,29,29,29,29
1680679566069936250,29,29,29,29
1680679566071560115,29,29,29,29
1680679566073596194,29,29,29,29
1680679566075357027,29,29,29,29
1680679566077019440,29,29,29,29
1680679566078666416,29,29,29,29
1680679566080348823,29,29,29,29
1680679566081984648,29,29,29,29
1680679566083605773,29,29,29,29
1680679566085227446,29,29,29,29
1680679566086852731,29,29,29,29
1680679566088541358,29,29,29,29
1680679566090166538,29,29,29,29
1680679566091791614,29,29,29,29
1680679566093409855,29,29,29,29
1680679566095051131,29,29,29,29
1680679566096669872,29,29,29,29
1680679566098363687,29,29,29,29
1680679566100034548,29,29,29,29
1680679566101656998,29,29,29,29
1680679566103281458,29,29,29,29
1680679566104906876,29,29,29,29
1680679566106529576,29,29,29,29
1680679566108266557,29,29,29,29
1680679566109899842,29,29,29,29
1680679566111518866,29,29,29,29
1680679566113137097,29,29,29,29
1680679566114781539,29,29,29,29
1680679566116408016,29,29,29,29
1680679566118073184,29,29,29,29
1680679566119779488,29,29,29,29
1680679566121406295,29,29,29,29
1680679566123034108,29,29,29,29
1680679566124663584,29,29,29,29
1680679566126292620,29,29,29,29
1680679566127936587,29,29,29,29
1680679566129560115,29,29,29,29
1680679566131188207,29,29,29,29
1680679566132803880,29,29,29,29
1680679566134439780,29,29,29,29
1680679566136060469,29,29,29,29
1680679566137679987,29,29,29,29
1680679566139383496,29,29,29,29
1680679566141085037,29,29,29,29
1680679566142730861,29,29,29,29
1680679566144351142,29,29,29,29
1680679566145982400,29,29,29,29
1680679566147607080,29,29,29,29
1680679566149272834,29,29,29,29
1680679566150892027,29,29,29,29
1680679566152518440,29,29,29,29
1680679566154238931,29,29,29,29
1680679566155860397,29,29,29,29
1680679566157483181,29,29,29,29
1680679566159127665,29,29,29,29
1680679566160801153,29,29,29,29
1680679566162424564,29,29,29,29
1680679566164051698,29,29,29,29
1680679566165668992,29,29,29,29
1680679566167291256,29,29,29,29
1680679566168964202,29,29,29,29
1680679566170599288,29,29,29,29
1680679566172219772,29,29,29,29
1680679566173847929,29,29,30,29
1680679566175764958,29,29,30,29
1680679566177492501,29,29,30,29
1680679566179222649,29,29,30,29
1680679566180940755,29,29,30,29
1680679566182572584,29,29,30,29
1680679566184190343,29,29,30,29
1680679566185827414,29,29,30,29
1680679566187446245,29,29,30,29
1680679566189152572,29,29,30,29
1680679566190775303,29,29,30,29
1680679566192400073,29,29,30,29
1680679566194028925,29,29,30,29
1680679566195652708,29,29,30,29
1680679566197332386,29,29,30,29
1680679566198960962,29,29,30,29
1680679566200700782,29,29,30,29
1680679566202332475,29,29,30,29
1680679566203962949,29,29,30,29
1680679566205584085,29,29,30,29
1680679566207210315,29,29,30,29
1680679566208910547,29,29,30,29
1680679566210532202,29,29,30,29
1680679566212148470,29,29,30,29
1680679566213777986,29,29,30,29
1680679566215408545,29,29,30,29
1680679566217051811,29,29,30,29
1680679566218682303,29,29,30,29
1680679566220391935,29,29,30,29
1680679566222014825,29,29,30,29
1680679566223638943,29,29,30,29
1680679566225262610,29,29,30,29
1680679566226889456,29,29,30,29
1680679566228562509,29,29,30,29
1680679566230206035,29,29,30,29
1680679566231837851,29,29,30,29
1680679566233464731,29,29,30,29
1680679566235088630,29,29,30,29
1680679566236723018,29,29,30,29
1680679566238340829,29,29,30,29
1680679566240252820,29,29,30,29
1680679566241946451,29,29,30,29
1680679566243578027,29,29,30,29
1680679566245200250,29,29,30,29
1680679566246822619,29,29,30,29
1680679566248450860,29,29,30,29
1680679566250086262,29,29,30,29
1680679566251710097,29,29,30,29
1680679566253331163,29,29,30,29
1680679566254948203,29,29,30,29
1680679566256688576,29,29,30,29
1680679566258322545,29,29,30,29
1680679566260045275,29,29,30,29
1680679566261728513,29,29,30,29
1680679566263353602,29,29,30,29
1680679566264979634,29,29,30,29
1680679566266605791,29,29,30,29
1680679566268239108,29,29,30,29
1680679566269936981,29,29,30,29
1680679566271571837,29,29,30,29
1680679566273192262,29,29,30,29
1680679566274815098,29,30,30,29
1680679566276550465,29,30,30,29
1680679566278468552,29,30,30,29
1680679566280500892,29,30,30,29
1680679566282251718,29,30,30,29
1680679566283882826,29,30,30,29
1680679566285503820,29,30,30,29
1680679566287133874,29,30,30,29
1680679566288774099,29,30,30,29
1680679566290393703,29,30,30,29
1680679566292010396,29,30,30,29
1680679566293633806,29,30,30,29
1680679566295257747,29,30,30,29
1680679566296879792,29,30,30,29
1680679566298537696,29,30,30,29
1680679566300180995,29,30,30,29
1680679566301831544,29,30,30,29
1680679566303458933,29,30,30,29
1680679566305080644,29,30,30,29
1680679566306708955,29,30,30,29
1680679566308330580,29,30,30,29
1680679566309963226,29,30,30,29
1680679566311590178,29,30,30,29
1680679566313211935,29,30,30,29
1680679566314829224,29,30,30,29
1680679566316448711,29,30,30,29
1680679566318082973,29,30,30,29
1680679566319982087,29,30,30,29
1680679566321651546,29,30,30,29
1680679566323279952,29,30,30,29
1680679566324910077,29,30,30,29
1680679566326531839,29,30,30,29
1680679566328159097,29,30,30,29
1680679566329842877,29,30,30,29
1680679566331467793,29,30,30,29
1680679566333095131,29,30,30,29
1680679566334717662,29,30,30,29
1680679566336341785,29,30,30,29
1680679566338063522,29,30,30,29
1680679566339684279,29,30,30,29
1680679566341431265,29,30,30,29
1680679566343164656,29,30,30,29
1680679566344803089,29,30,30,29
1680679566346427463,29,30,30,29
1680679566348052195,29,30,30,29
1680679566349699458,29,30,30,29
1680679566351322868,29,30,30,29
1680679566352945927,29,30,30,29
1680679566354571628,29,30,30,29
1680679566356199317,29,30,30,29
1680679566357836628,29,30,30,29
1680679566359510030,29,30,30,29
1680679566361213445,29,30,30,29
1680679566362893999,29,30,30,29
1680679566364521950,29,30,30,29
1680679566366140384,29,30,30,29
1680679566367762365,29,30,30,29
1680679566369411042,29,30,30,29
1680679566371155687,29,30,30,29
1680679566372790543,29,30,30,29
1680679566374407630,29,30,30,29
1680679566376029781,29,30,30,29
1680679566377649959,29,30,30,29
1680679566379551246,29,30,30,29
1680679566381895293,29,30,30,29
1680679566383648796,29,30,30,29
1680679566385281146,29,30,30,29
1680679566386902803,29,30,30,29
1680679566388525106,29,30,30,29
1680679566390171277,29,30,30,29
1680679566391791303,29,30,30,29
1680679566393412463,29,30,30,30
1680679566395036404,29,30,30,30
1680679566396660369,29,30,30,30
1680679566398297507,29,30,30,30
1680679566399922838,29,30,30,30
1680679566401559671,29,30,30,30
1680679566403237159,29,30,30,30
1680679566404862742,29,30,30,30
1680679566406489860,29,30,30,30
1680679566408114074,29,30,30,30
1680679566409803031,29,30,30,30
1680679566411426980,29,30,30,30
1680679566413059062,29,30,30,30
1680679566414678979,29,30,30,30
1680679566416298785,29,30,30,30
1680679566417924240,29,30,30,30
1680679566419539479,29,30,30,30
1680679566421306700,29,30,30,30
1680679566422977033,29,30,30,30
1680679566424599998,29,30,30,30
1680679566426242489,29,30,30,30
1680679566427868364,29,30,30,30
1680679566429506486,29,30,30,30
1680679566431128836,29,30,30,30
1680679566432723575,29,30,30,30
1680679566434350815,29,30,30,30
1680679566435978826,29,30,30,30
1680679566437604330,29,30,30,30
1680679566439232247,29,30,30,30
1680679566440934201,29,30,30,30
1680679566442850649,29,30,30,30
1680679566444682676,29,30,30,30
1680679566446330055,29,29,30,30
1680679566448132959,29,29,30,30
1680679566449876905,29,29,30,30
1680679566451513105,29,29,30,30
1680679566453136806,29,29,30,30
1680679566454763384,29,29,30,30
1680679566456537506,29,29,30,30
1680679566458164739,29,29,30,30
1680679566459789265,29,29,30,30
1680679566461462451,29,29,30,30
1680679566463303838,29,29,30,30
1680679566464933665,29,29,30,30
1680679566466548242,29,29,30,30
1680679566468170078,29,29,30,30
1680679566470035114,29,29,30,30
1680679566471792921,29,29,30,30
1680679566473430487,29,29,30,30
1680679566475051832,29,29,30,30
1680679566476785801,29,29,30,30
1680679566478411846,29,29,30,30
1680679566480037778,29,29,30,30
1680679566482260800,29,29,30,30
1680679566484150323,29,29,30,30
1680679566485787196,29,29,30,30
1680679566487417136,29,29,30,30
1680679566489040022,29,29,30,30
1680679566490717116,29,29,30,30
1680679566492337613,29,29,30,30
1680679566493964557,29,29,30,30
1680679566495590420,29,29,30,30
1680679566497210534,29,29,30,30
1680679566498836604,29,29,30,30
1680679566500463061,29,29,30,30
1680679566502145657,29,29,30,30
1680679566503842865,29,29,30,30
1680679566505460456,29,29,30,30
1680679566507079087,29,29,30,30
1680679566508700173,29,29,30,30
1680679566510346264,29,29,30,30
1680679566511972085,29,29,30,30
1680679566513599002,29,29,30,30
1680679566515228787,29,29,30,30
1680679566516845035,29,29,30,30
1680679566518479477,29,29,30,30
1680679566520101959,29,29,30,30
1680679566521724596,29,29,30,30
1680679566523422180,29,29,30,30
1680679566525047727,29,29,30,30
1680679566526877287,29,29,30,30
1680679566528703338,29,29,30,30
1680679566530573669,29,29,30,30
1680679566532396250,29,29,30,30
1680679566534227914,29,29,30,30
1680679566536056560,29,29,30,30
1680679566537896096,29,29,30,30
1680679566540415721,29,29,30,30
1680679566542331659,29,29,30,30
1680679566544415628,29,29,30,30
1680679566546444769,29,29,30,30
1680679566548276561,29,29,30,30
1680679566550134778,29,29,30,30
1680679566551929969,29,29,30,30
1680679566553767560,29,29,30,30
1680679566556364713,29,29,30,30
1680679566558207526,29,29,30,30
1680679566560030776,29,29,30,30
1680679566561867649,29,29,30,29
1680679566563694262,29,29,30,29
1680679566565545184,29,29,30,29
1680679566567380111,29,29,30,29
1680679566569210690,29,29,30,29
1680679566571826599,29,29,30,29
1680679566573681812,29,29,30,29
1680679566575502942,29,29,30,29
1680679566577335792,29,29,30,29
1680679566579164651,29,29,30,29
1680679566580997292,29,29,30,29
1680679566584098104,29,29,30,29
1680679566586240642,29,29,30,29
1680679566588774495,29,29,30,29
1680679566591324149,29,29,30,29
1680679566593423490,29,29,30,29
1680679566595378632,29,29,30,29
1680679566660878840,29,29,30,29
1680679566733427998,29,29,30,29
1680679566735436946,29,29,30,29
1680679566737064113,29,29,30,29
1680679566738688514,29,29,30,29
1680679566740311188,29,29,30,29
1680679566741939765,29,29,30,29
1680679566743567832,29,29,30,29
1680679566745188512,29,29,30,29
1680679566746929437,29,29,30,29
1680679566748573275,29,29,30,29
1680679566750200004,29,29,30,29
1680679566751850011,29,29,30,29
1680679566753469543,29,29,30,29
1680679566755092526,29,29,30,29
1680679566756720798,29,29,30,29
1680679566758347005,29,29,30,29
1680679566759968144,29,29,30,29
1680679566761586980,29,29,30,29
1680679566763219338,29,29,30,29
1680679566764837565,29,29,30,29
1680679566766565536,29,29,30,29
1680679566768270369,29,29,30,29
1680679566769899601,29,29,30,29
1680679566771537880,29,29,30,29
1680679566773246312,29,29,30,29
1680679566774879000,29,29,30,29
1680679566776503041,29,29,30,29
1680679566778133691,29,29,30,29
1680679566779760393,29,29,30,29
1680679566781390639,29,29,30,29
1680679566783019377,29,29,30,29
1680679566784636108,29,29,30,29
1680679566786336181,29,29,30,29
1680679566788283864,29,29,30,29
1680679566790297375,29,29,30,29
1680679566792018957,29,29,30,29
1680679566793644440,29,29,30,29
1680679566795273508,29,29,30,29
1680679566796894523,29,29,30,29
1680679566798528088,29,29,30,29
1680679566800149675,29,29,30,29
1680679566801779199,29,29,30,29
1680679566803403893,29,29,30,29
1680679566805034427,29,29,30,29
1680679566806723599,29,29,30,29
1680679566808391492,29,29,30,29
1680679566810070837,29,29,30,29
1680679566811698188,29,29,30,29
1680679566813317730,29,29,30,29
1680679566814940253,29,29,30,29
1680679566816557740,29,29,30,29
1680679566818182364,29,29,30,29
1680679566819800609,29,29,30,29
1680679566821421326,29,29,30,29
1680679566823044190,29,29,30,29
1680679566824668813,29,29,30,29
1680679566826303332,29,29,30,29
1680679566827982918,29,29,30,29
1680679566829705110,29,29,30,29
1680679566831325503,29,29,30,29
1680679566832973478,29,29,30,29
1680679566834624666,29,29,30,29
1680679566836255777,29,29,30,29
1680679566837878268,29,29,30,29
1680679566839508780,29,29,30,29
1680679566841134199,29,29,30,29
1680679566842753700,29,29,30,29
1680679566844375062,29,29,30,29
1680679566845999507,29,29,30,29
1680679566847650505,29,29,30,29
1680679566849308841,29,29,30,29
1680679566850940006,29,29,30,29
1680679566852642690,29,29,30,29
1680679566854271314,29,29,30,29
1680679566855885783,29,29,30,29
1680679566857507321,29,29,30,29
1680679566859127447,29,29,30,29
1680679566860727212,29,29,30,29
1680679566862351317,29,29,30,29
1680679566863974289,29,29,30,29
1680679566865598800,29,29,30,29
1680679566867229640,29,29,30,29
1680679566868864276,29,29,30,29
1680679566870495671,29,29,30,29
1680679566872156464,29,29,30,29
1680679566873842275,29,29,30,29
1680679566875479726,29,29,30,29
1680679566877100972,29,29,30,29
1680679566878724185,29,29,30,29
1680679566880347949,29,29,30,29
1680679566881979490,29,29,30,29
1680679566883604953,29,29,30,29
1680679566885231728,29,29,30,29
1680679566886997619,29,29,30,29
1680679566888691419,29,29,30,29
1680679566891233223,29,29,30,29
1680679566893021047,29,29,30,29
1680679566894647992,29,29,30,29
1680679566896269841,29,29,30,29
1680679566897898677,29,29,30,29
1680679566899526126,29,29,30,29
1680679566901144915,29,29,30,29
1680679566902771160,29,29,30,29
1680679566904403099,29,29,30,29
1680679566906036840,29,29,30,29
1680679566907672369,29,29,30,29
1680679566909286769,29,29,30,29
1680679566910963575,29,29,30,29
1680679566912599609,29,29,30,29
1680679566914235490,29,29,30,29
1680679566915861965,29,29,30,29
1680679566917479821,29,29,30,29
1680679566919101002,29,29,30,29
1680679566920723510,29,29,30,29
1680679566922347807,29,29,30,29
1680679566923969713,29,29,30,29
1680679566925594411,29,29,30,29
1680679566927233988,29,29,30,29
1680679566928856335,29,29,30,29
1680679566930551624,29,29,30,29
1680679566932179352,29,29,30,29
1680679566933838375,29,29,30,29
1680679566935467431,29,29,30,29
1680679566937092309,29,29,30,29
1680679566938722221,29,29,30,29
1680679566940339613,29,29,30,29
1680679566941974335,29,29,30,29
1680679566943604021,29,29,30,29
1680679566945227290,29,29,30,29
1680679566946881840,29,29,30,29
1680679566948638636,29,29,30,29
1680679566950276484,29,29,30,29
1680679566951953641,29,29,30,29
1680679566953597843,29,29,30,29
1680679566955222641,29,29,30,29
1680679566956851573,29,29,30,29
1680679566958478620,29,29,30,29
1680679566960101273,29,29,30,29
1680679566961721589,29,29,30,29
1680679566963347574,29,29,30,29
1680679566964967566,29,29,30,29
1680679566966589912,29,29,30,29
1680679566968244000,29,29,30,29
1680679566969864221,29,29,30,29
1680679566971544711,29,29,30,29
1680679566973267678,29,29,30,29
1680679566974937944,29,29,30,29
1680679566976571804,29,29,30,29
1680679566978197238,29,29,30,29
1680679566979819705,29,29,30,29
1680679566981438434,29,29,30,29
1680679566983060930,29,29,30,29
1680679566984682388,29,29,30,29
1680679566986320420,29,29,30,29
1680679566988048963,29,29,30,29
1680679566989706987,29,29,30,29
1680679566991803821,29,29,30,29
1680679566993757569,29,29,30,29
1680679566995408755,29,29,30,29
1680679566997035673,29,29,30,29
1680679566998660523,29,29,30,29
1680679567000282425,29,29,30,29
1680679567001918833,29,29,30,29
1680679567003544366,29,29,30,29
1680679567005173137,29,29,30,29
1680679567006803268,29,29,30,29
1680679567008483807,29,29,30,29
1680679567010123948,29,29,30,29
1680679567011752300,29,29,30,29
1680679567013545795,29,29,30,29
1680679567015179966,29,29,30,29
1680679567016804186,29,29,30,29
1680679567018427481,29,29,30,29
1680679567020050300,29,29,30,29
1680679567021666868,29,29,30,29
1680679567023288809,29,29,29,29
1680679567024908522,29,29,29,29
1680679567026531882,29,29,29,29
1680679567028270202,29,29,29,29
1680679567029895262,29,29,29,29
1680679567031515315,29,29,29,29
1680679567033309643,29,29,29,29
1680679567034946329,29,29,29,29
1680679567036570945,29,29,29,29
1680679567038204026,29,29,29,29
1680679567039835088,29,29,29,29
1680679567041465226,29,29,29,29
1680679567043090724,29,29,29,29
1680679567044712043,29,29,29,29
1680679567046350037,29,29,29,29
1680679567048215256,29,29,29,29
1680679567049856029,29,29,29,29
1680679567051481807,29,29,29,29
1680679567053212689,29,29,29,29
1680679567054838401,29,29,29,29
1680679567056466184,29,29,29,29
1680679567058097183,29,29,29,29
1680679567059721902,29,29,29,29
1680679567061348041,29,29,29,29
1680679567062980474,29,29,29,29
1680679567064599072,29,29,29,29
1680679567066225365,29,29,29,29
1680679567067850506,29,29,29,29
1680679567069471029,29,29,29,29
1680679567071099509,29,29,29,29
1680679567072778940,29,29,29,29
1680679567074505702,29,29,29,29
1680679567076182524,29,29,29,29
1680679567077823945,29,29,29,29
1680679567079451219,29,29,29,29
1680679567081071928,29,29,29,29
1680679567082695839,29,29,29,29
1680679567084325964,29,29,29,29
1680679567085953489,29,29,29,29
1680679567087580791,29,29,29,29
1680679567089232373,29,29,29,29
1680679567090857394,29,29,29,29
1680679567092648326,29,29,29,29
1680679567094600204,29,29,29,29
1680679567097128922,29,29,29,29
1680679567098759618,29,29,29,29
1680679567100390068,29,29,29,29
1680679567102013530,29,29,29,29
1680679567103637799,29,29,29,29
1680679567105260067,29,29,29,29
1680679567106886323,29,29,29,29
1680679567108527335,29,29,29,29
1680679567110159147,29,29,29,29
1680679567111787391,29,29,29,29
1680679567113410775,29,29,29,29
1680679567115109811,29,29,29,29
1680679567116724894,29,29,29,29
1680679567118344657,29,29,29,29
1680679567119964567,29,29,29,29
1680679567121586488,29,29,29,29
1680679567123215467,29,29,29,29
1680679567124838368,29,29,29,29
1680679567126458421,29,29,29,29
1680679567128084819,29,30,29,29
1680679567129708502,29,30,29,29
1680679567131340931,29,30,29,29
1680679567132968485,29,30,29,29
1680679567134762942,29,30,29,29
1680679567136389208,29,30,29,29
1680679567138012037,29,30,29,29
1680679567139636143,29,30,29,29
1680679567141258737,29,30,29,29
1680679567142889202,29,30,29,29
1680679567144520547,29,30,29,29
1680679567146148453,29,30,29,29
1680679567147776555,29,30,29,29
1680679567149414275,29,30,29,29
1680679567151051089,29,30,29,29
1680679567152679108,29,30,29,29
1680679567154332071,29,30,29,29
1680679567156071723,29,30,29,29
1680679567157690331,29,30,29,29
1680679567159312701,29,30,29,29
1680679567160933273,29,30,29,29
1680679567162556022,29,30,29,29
1680679567164176960,29,30,29,29
1680679567165807663,29,30,29,29
1680679567167432279,29,30,29,29
1680679567169054288,29,30,29,29
1680679567170676153,29,30,29,29
1680679567172294675,29,30,29,29
1680679567173952301,29,30,29,29
1680679567175727351,29,30,29,29
1680679567177357738,29,30,29,29
1680679567178989175,29,30,29,29
1680679567180612399,29,30,29,29
1680679567182244435,29,30,29,29
1680679567183870906,29,30,29,29
1680679567185500853,29,30,29,29
1680679567187116054,29,30,29,29
1680679567188782488,29,30,29,29
1680679567190407933,29,30,29,29
1680679567192040142,29,30,29,29
1680679567193669855,29,30,29,29
1680679567195477779,29,30,29,29
1680679567197358092,29,30,29,29
1680679567199146660,29,30,29,29
1680679567200778900,29,30,29,29
1680679567202408843,29,30,29,29
1680679567204037608,29,30,29,29
1680679567205662537,29,30,29,29
1680679567207285198,29,30,29,29
1680679567209028905,29,30,29,29
1680679567210651313,29,30,29,29
1680679567212272771,29,30,29,29
1680679567213900735,29,30,29,29
1680679567215572801,29,30,29,29
1680679567217268921,29,30,29,29
1680679567218898834,29,30,29,29
1680679567220524975,29,30,29,29
1680679567222153760,29,30,29,29
1680679567223781895,29,30,29,29
1680679567225401558,29,30,29,29
1680679567227019164,29,30,29,29
1680679567228722089,29,30,29,29
1680679567230345386,29,30,29,29
1680679567231968204,29,30,29,29
1680679567233590231,29,30,29,29
1680679567235265322,29,30,29,29
1680679567237010392,29,30,29,29
1680679567238628466,29,30,29,29
1680679567240247460,29,30,29,29
1680679567241867383,29,30,29,29
1680679567243487320,29,30,29,29
1680679567245107853,29,30,29,29
1680679567246732639,29,30,29,29
1680679567248379496,29,30,29,29
1680679567250041024,29,30,29,29
1680679567251673533,29,30,29,29
1680679567253308011,29,30,29,29
1680679567254978788,29,30,29,29
1680679567256675529,29,30,29,29
1680679567258304567,29,30,29,29
1680679567259933234,29,30,29,29
1680679567261557271,29,30,29,29
1680679567263181213,29,30,29,29
1680679567264813332,29,30,29,29
1680679567266441227,29,30,29,29
1680679567268063229,29,30,29,29
1680679567269712476,29,30,29,29
1680679567271335965,29,30,29,29
1680679567272955731,29,30,29,29
1680679567274606663,29,30,29,29
1680679567276481659,29,30,29,29
1680679567278127769,29,30,29,29
1680679567279747936,29,30,29,29
1680679567281375008,29,30,29,29
1680679567282995849,29,30,29,29
1680679567284617823,29,30,29,29
1680679567286245776,29,30,29,29
1680679567287867604,29,30,29,29
1680679567289513376,29,30,29,29
1680679567291141983,29,30,29,29
1680679567292728685,29,30,29,29
1680679567294353729,29,30,29,29
1680679567295992985,29,30,29,29
1680679567298037486,29,29,29,29
1680679567299721241,29,29,29,29
1680679567301355144,29,29,29,29
1680679567302977045,29,29,29,29
1680679567304601185,29,29,29,29
1680679567306231715,29,29,29,29
1680679567307862891,29,29,29,29
1680679567309548460,29,29,29,29
1680679567311172494,29,29,29,29
1680679567312790951,29,29,29,29
1680679567314414296,29,29,29,29
1680679567316058473,29,29,29,29
1680679567317828788,29,29,29,29
1680679567319451275,29,29,29,29
1680679567321083642,29,29,29,29
1680679567322719227,29,29,29,29
1680679567324349367,29,29,29,29
1680679567325978115,29,29,29,29
1680679567327599701,29,29,29,29
1680679567329236260,29,29,29,29
1680679567330868320,29,29,29,29
1680679567332494529,29,29,29,29
1680679567334123204,29,29,29,29
1680679567335771081,29,29,29,29
1680679567337415591,29,29,29,29
1680679567339091809,29,29,29,29
1680679567340719804,29,29,29,29
1680679567342336464,29,29,29,29
1680679567343959788,29,29,29,29
1680679567345665044,29,29,29,29
1680679567347286262,29,29,29,29
1680679567348936677,29,29,29,29
1680679567350593599,29,29,29,29
1680679567352215547,29,29,29,29
1680679567353847065,29,29,29,29
1680679567355487601,29,29,29,29
1680679567357116094,29,29,29,29
1680679567358763987,29,29,29,29
1680679567360399202,29,29,29,29
1680679567362022582,29,29,30,29
1680679567363654635,29,29,30,29
1680679567365277152,29,29,30,29
1680679567366900664,29,29,30,29
1680679567368529328,29,29,30,29
1680679567370221142,29,29,30,29
1680679567371846371,29,29,30,29
1680679567373474959,29,29,30,29
1680679567375101036,29,29,30,29
1680679567376860798,29,29,30,29
1680679567378640436,29,29,30,29
1680679567380257781,29,29,30,29
1680679567381875440,29,29,30,29
1680679567383493951,29,29,30,29
1680679567385119339,29,29,30,29
1680679567386741308,29,29,30,29
1680679567388360890,29,29,30,29
1680679567390014099,29,29,30,29
1680679567391638444,29,29,30,29
1680679567393262122,29,29,30,29
1680679567394887339,29,29,30,29
1680679567396526239,29,29,30,29
1680679567398808085,29,29,30,29
1680679567401064048,29,29,30,29
1680679567402756081,29,29,30,29
1680679567404378859,29,29,30,29
1680679567405999576,29,29,30,29
1680679567407622246,29,29,30,29
1680679567409302597,29,29,30,29
1680679567411316910,29,29,30,29
1680679567413452256,29,29,30,29
1680679567415086234,29,29,30,29
1680679567416724585,29,29,30,29
1680679567418381783,29,29,30,29
1680679567420066430,29,29,30,29
1680679567421955282,29,29,30,29
1680679567456701725,29,29,30,29
1680679567458360703,29,29,30,29
1680679567460005757,29,29,30,29
1680679567461634251,29,29,30,29
1680679567463254028,29,29,30,29
1680679567464853926,29,29,30,29
1680679567466522596,29,29,30,29
1680679567468126365,29,29,30,29
1680679567469786281,29,29,30,29
1680679567471389397,29,29,30,29
1680679567472987353,29,29,30,29
1680679567474606779,29,29,30,29
1680679567476267472,29,29,30,29
1680679567477948034,29,29,30,29
1680679567479612278,29,29,30,29
1680679567481260098,29,29,30,29
1680679567482884044,29,29,30,29
1680679567484475210,29,29,30,29
1680679567486100915,29,29,30,29
1680679567487704963,29,29,30,29
1680679567489298058,29,29,30,29
1680679567490971293,29,29,30,29
1680679567492567094,29,29,30,29
1680679567494201197,29,29,30,29
1680679567495881284,29,29,30,29
1680679567497483627,29,29,30,29
1680679567499376073,29,29,30,29
1680679567501152206,29,29,30,29
1680679567503470290,29,29,30,29
1680679567505151572,29,29,30,29
1680679567506806299,29,29,30,29
1680679567508409568,29,29,30,29
1680679567510330310,29,29,30,29
1680679567512271698,29,29,30,29
1680679567514215078,29,29,30,29
1680679567516146764,29,29,30,29
1680679567518112915,29,29,30,29
1680679567520028709,29,29,30,29
1680679567521661609,29,29,30,29
1680679567523305731,29,29,30,29
1680679567524937746,29,29,30,29
1680679567526567061,29,29,30,29
1680679567528189178,29,29,30,29
1680679567529852098,29,29,30,29
1680679567531536391,29,29,30,29
1680679567533223145,29,29,30,29
1680679567534908202,29,29,30,29
1680679567536602085,29,29,30,29
1680679567538301453,29,29,30,29
1680679567540007066,29,29,30,29
1680679567541710557,29,29,30,29
1680679567543432041,29,29,30,29
1680679567545119757,29,29,30,29
1680679567546809361,29,29,30,29
1680679567548503866,29,29,30,29
1680679567550226588,29,29,30,29
1680679567551912339,29,29,30,29
1680679567553599549,29,29,30,29
1680679567555294808,29,29,30,29
1680679567557004420,29,29,30,29
1680679567558692865,29,29,30,29
1680679567560439122,29,29,30,29
1680679567562135008,29,29,30,29
1680679567563828541,29,29,30,29
1680679567565511859,29,29,30,29
1680679567567195235,29,29,30,29
1680679567568880487,29,29,30,30
1680679567570571890,29,29,30,30
1680679567572263293,29,29,30,30
1680679567573969192,29,29,30,30
1680679567575660786,29,29,30,30
1680679567577404778,29,29,30,30
1680679567579145575,29,29,30,30
1680679567580840986,29,29,30,30
1680679567582553671,29,29,30,30
1680679567584241168,29,29,30,30
1680679567585945160,29,29,30,30
1680679567587633505,29,29,30,30
1680679567589314679,29,29,30,30
1680679567591028242,29,29,30,30
1680679567592708806,29,29,30,30
1680679567594405157,29,29,30,30
1680679567596093173,29,29,30,30
1680679567597815544,29,29,30,30
1680679567599579858,29,29,30,30
1680679567601315331,29,29,30,30
1680679567603393134,29,29,30,30
1680679567605678194,29,29,30,30
1680679567607422865,29,29,30,30
1680679567609111350,29,29,30,30
1680679567610884013,29,29,30,30
1680679567612576125,29,29,30,30
1680679567614793970,29,29,30,30
1680679567616885271,29,29,30,30
1680679567618535676,29,29,30,30
1680679567620417719,29,29,30,30
1680679567622252465,29,29,30,30
1680679567659678575,29,29,30,30
1680679567661524137,29,29,30,30
1680679567663298817,29,29,30,30
1680679567665128780,29,29,30,30
1680679567666886852,29,29,30,30
1680679567669041401,29,29,30,30
1680679567671545478,29,29,30,30
1680679567673389016,29,29,30,30
1680679567675226200,29,29,30,30
1680679567717672089,29,29,30,30
1680679567719616185,29,29,30,30
1680679567721532513,29,29,30,30
1680679567723430030,29,29,30,30
1680679567725319324,29,29,30,30
1680679567727243062,29,29,30,30
1680679567728929050,29,29,30,30
1680679567730608009,29,29,30,30
1680679567732276938,29,29,30,30
1680679567733967437,29,29,30,30
1680679567735630422,29,29,30,30
1680679567737329491,29,29,30,29
1680679567738994187,29,29,30,29
1680679567740680040,29,29,30,29
1680679567742353634,29,29,30,29
1680679567744024437,29,29,30,29
1680679567745835859,29,29,30,29
1680679567747510168,29,29,30,29
1680679567749176827,29,29,30,29
1680679567750945370,29,29,30,29
1680679567752633131,29,29,30,29
1680679567754324226,29,29,30,29
1680679567756011123,29,29,30,29
1680679567757736668,29,29,30,29
1680679567759419757,29,29,30,29
1680679567761341290,29,29,30,29
1680679567763506483,29,29,30,29
1680679567765263696,29,29,30,29
1680679567766992701,29,29,30,29
1680679567768705062,29,29,30,29
1680679567770618066,29,29,30,29
1680679567772334591,29,29,30,29
1680679567774024988,29,29,30,29
1680679567775712728,29,29,30,29
1680679567777593911,29,29,30,29
1680679567779398165,29,29,30,29
1680679567781146428,29,29,30,29
1680679567782817270,29,29,30,29
1680679567784747060,29,29,30,29
1680679567786496826,29,29,30,29
1680679567788166858,29,29,30,29
1680679567789843741,29,29,30,29
1680679567791531566,29,29,30,29
1680679567793241496,29,29,30,29
1680679567794952536,29,29,30,29
1680679567796667644,29,29,30,29
1680679567798411200,29,29,30,29
1680679567800114772,29,29,30,29
1680679567801941904,29,30,30,29
1680679567803645005,29,30,30,29
1680679567805336578,29,30,30,29
1680679567807081273,29,30,30,29
1680679567808979636,29,30,30,29
1680679567810701236,29,30,30,29
1680679567812397494,29,30,30,29
1680679567814086381,29,30,30,29
1680679567815772562,29,30,30,29
1680679567817456915,29,30,30,29
1680679567819140258,29,30,30,29
1680679567820827489,29,30,30,29
1680679567822533912,29,30,30,29
1680679567824213271,29,30,30,29
1680679567825901475,29,30,30,29
1680679567827648568,29,30,30,29
1680679567829339001,29,30,30,29
1680679567831031642,29,30,30,29
1680679567832722503,29,30,30,29
1680679567834406669,29,30,30,29
1680679567836095126,29,30,30,29
1680679567837814754,29,30,30,29
1680679567839500951,29,30,30,29
1680679567841206887,29,30,30,29
1680679567843080373,29,30,30,29
1680679567844948132,29,30,30,29
1680679567846819383,29,30,30,29
1680679567848777769,29,30,30,29
1680679567850654359,29,30,30,29
1680679567852530679,29,30,30,29
1680679567854414479,29,30,30,29
1680679567856867384,29,30,30,29
1680679567858789616,29,30,30,29
1680679567860661285,29,30,30,29
1680679567862582060,29,30,30,29
1680679567864464021,29,30,30,29
1680679567866383715,29,30,30,29
1680679567868312366,29,30,30,29
1680679567870241405,29,30,30,29
1680679567872898749,29,30,30,29
1680679567874777567,29,30,30,29
1680679567876674614,29,30,30,29
1680679567878697600,29,30,30,29
1680679567880650257,29,30,30,29
1680679567882569913,29,30,30,29
1680679567884476387,29,30,30,29
1680679567886399585,29,30,30,29
1680679567889721792,29,30,30,29
1680679567891685351,29,30,30,29
1680679567893560707,29,30,30,29
1680679567895463242,29,30,30,29
1680679567897358316,29,30,30,29
1680679567899322608,29,30,30,29
1680679567901260245,29,30,30,29
1680679567903209003,29,30,30,29
1680679567905771724,29,30,30,30
1680679567908573226,29,30,30,30
1680679567910875741,29,30,30,30
1680679567943266370,29,29,30,30
1680679568005854363,29,29,30,30
1680679568037742297,29,29,30,30
1680679568039956096,29,29,30,30
1680679568041917721,29,29,29,30
1680679568043838334,29,29,29,30
1680679568045760813,29,29,29,30
1680679568047519744,29,29,29,30
1680679568049162032,29,29,29,30
1680679568050846831,29,29,29,30
1680679568052481068,29,29,29,30
1680679568054164103,29,29,29,30
1680679568055969596,29,29,29,30
1680679568057647003,29,29,29,30
1680679568059438262,29,29,29,30
1680679568061124885,29,29,29,30
1680679568062869510,29,29,29,30
1680679568064560807,29,29,29,30
1680679568066260037,29,29,29,30
1680679568067941699,29,29,29,30
1680679568069662548,29,29,29,30
1680679568071374085,29,29,29,30
1680679568073053698,29,29,29,30
1680679568074735967,29,29,29,30
1680679568076430216,29,29,29,30
1680679568078121464,29,29,29,30
1680679568079878013,29,29,29,30
1680679568081672455,29,29,29,30
1680679568083386124,29,29,29,30
1680679568085078706,29,29,29,30
1680679568086761794,29,29,29,30
1680679568088445855,29,29,29,30
1680679568090210166,29,29,29,30
1680679568091981840,29,29,29,30
1680679568093657557,29,29,29,30
1680679568095340754,29,29,29,30
1680679568097019776,29,29,29,30
1680679568098792284,29,29,29,30
1680679568100478538,29,29,29,30
1680679568102276444,29,29,29,30
1680679568103944675,29,29,29,30
1680679568105606264,29,29,29,30
1680679568107272250,29,29,29,30
1680679568108937115,29,29,29,30
1680679568110914153,29,29,29,30
1680679568112725379,29,29,29,30
1680679568114414605,29,29,29,30
1680679568116109796,29,29,29,30
1680679568117932879,29,29,29,30
1680679568119714718,29,29,29,30
1680679568121408952,29,29,29,30
1680679568123139055,29,29,29,30
1680679568124831357,29,29,29,30
1680679568126520276,29,29,29,30
1680679568128204140,29,29,29,30
1680679568129901997,29,29,29,30
1680679568131672179,29,29,29,30
1680679568133359265,29,29,29,30
1680679568135042796,29,29,29,30
1680679568136726867,29,29,29,30
1680679568138414879,29,29,29,30
1680679568140114900,29,29,29,30
1680679568141824121,29,29,29,30
1680679568143532652,29,29,29,30
1680679568145218847,29,29,29,30
1680679568146900635,29,29,29,30
1680679568148588906,29,29,29,30
1680679568150291525,29,29,29,30
1680679568152088854,29,29,29,30
1680679568153787189,29,29,29,30
1680679568155479119,29,29,29,30
1680679568157176069,29,29,29,30
1680679568158854274,29,29,29,30
1680679568160652728,29,29,29,30
1680679568162410625,29,29,29,30
1680679568164100199,29,29,29,30
1680679568165789117,29,29,29,30
1680679568167476537,29,29,29,30
1680679568169158096,29,29,29,30
1680679568170845475,29,29,29,30
1680679568172640164,29,29,29,30
1680679568174302339,29,29,29,30
1680679568175964291,29,29,29,30
1680679568177627909,29,29,29,30
1680679568179297156,29,29,29,30
1680679568181169272,29,29,29,30
1680679568182898253,29,29,29,30
1680679568184590646,29,29,29,30
1680679568186283420,29,29,29,30
1680679568187974390,29,29,29,30
1680679568189659598,29,29,29,30
1680679568191375009,29,29,29,30
1680679568193085175,29,29,29,30
1680679568194794036,29,29,29,30
1680679568196505171,29,29,29,30
1680679568198226284,29,29,29,30
1680679568199936463,29,29,29,30
1680679568201648463,29,29,29,30
1680679568203409715,29,29,29,30
1680679568205094862,29,29,29,30
1680679568206775905,29,29,29,30
1680679568208458814,29,29,29,30
1680679568210151651,29,29,29,30
1680679568212670382,29,29,29,30
1680679568214410717,29,29,29,30
1680679568216089422,29,29,29,30
1680679568217762868,29,29,29,30
1680679568219429408,29,29,29,30
1680679568221113042,29,29,29,30
1680679568222946792,29,29,29,30
1680679568224652244,29,29,29,30
1680679568226335680,29,29,29,30
1680679568228029043,29,29,29,30
1680679568229717054,29,29,29,30
1680679568231459488,29,29,29,30
1680679568233212525,29,29,29,30
1680679568234903252,29,29,29,30
1680679568236574030,29,29,29,30
1680679568238260392,29,29,29,30
1680679568239929094,29,29,29,30
1680679568241596152,29,29,29,29
1680679568243305473,29,29,29,29
1680679568244972388,29,29,29,29
1680679568246673145,29,29,29,29
1680679568248381474,29,29,29,29
1680679568250107010,29,29,29,29
1680679568251848071,29,29,29,29
1680679568253610564,29,29,29,29
1680679568255320897,29,29,29,29
1680679568257084476,29,29,29,29
1680679568258768139,29,29,29,29
1680679568260566415,29,29,29,29
1680679568262274222,29,29,29,29
1680679568263984307,29,29,29,29
1680679568265680676,29,29,29,29
1680679568267379401,29,29,29,29
1680679568269131843,29,29,29,29
1680679568270821953,29,29,29,29
1680679568272595930,29,29,29,29
1680679568274292129,29,29,29,29
1680679568275971977,29,29,29,29
1680679568277650054,29,29,29,29
1680679568279334877,29,29,29,29
1680679568281195986,29,29,29,29
1680679568283041220,29,29,29,29
1680679568284728435,29,29,29,29
1680679568286417526,29,29,29,29
1680679568288108049,29,29,29,29
1680679568289817549,29,29,29,29
1680679568291613603,29,29,29,29
1680679568293360115,29,29,29,29
1680679568295042308,29,29,29,29
1680679568296727146,29,29,29,29
1680679568298424185,29,29,29,29
1680679568300115639,29,29,29,29
1680679568301863216,29,29,29,29
1680679568303606251,29,29,29,29
1680679568305287962,29,29,29,29
1680679568306974548,29,29,29,29
1680679568308671199,29,29,29,29
1680679568310360656,29,29,29,29
1680679568312091308,29,29,29,29
1680679568314130183,29,29,29,29
1680679568315881745,29,29,29,29
1680679568317565822,29,29,29,29
1680679568319244847,29,29,29,29
1680679568320967372,29,29,29,29
1680679568322632672,29,29,29,29
1680679568324312417,29,29,29,29
1680679568325986562,29,29,29,29
1680679568327656259,29,29,29,29
1680679568329353255,29,29,29,29
1680679568331037050,29,29,29,29
1680679568332726449,29,29,29,29
1680679568334440610,29,29,29,29
1680679568336122826,29,29,29,29
1680679568337812432,29,29,29,29
1680679568339497326,29,29,29,29
1680679568341240508,29,29,29,29
1680679568342949120,29,29,29,29
1680679568344644168,29,29,29,29
1680679568346336017,29,29,29,29
1680679568348024516,29,29,29,29
1680679568349721677,29,29,29,29
1680679568351410745,29,29,29,29
1680679568353122539,29,29,29,29
1680679568354855168,29,29,29,29
1680679568356541034,29,29,29,29
1680679568358241598,29,29,29,29
1680679568359931032,29,29,29,29
1680679568361660796,29,29,29,29
1680679568363379687,29,29,29,29
1680679568365072806,29,29,29,29
1680679568366758838,29,29,29,29
1680679568368449280,29,29,29,29
1680679568370148151,29,29,29,29
1680679568371857784,29,29,29,29
1680679568373632189,29,29,29,29
1680679568375324795,29,29,29,29
1680679568377013869,29,29,29,29
1680679568378695208,29,29,29,29
1680679568380382689,29,29,29,29
1680679568382229095,29,29,29,29
1680679568384032126,29,29,29,29
1680679568385711315,29,29,29,29
1680679568387396012,29,29,29,29
1680679568389086795,29,29,29,29
1680679568390750539,29,29,29,29
1680679568392427798,29,29,29,29
1680679568394137860,29,29,29,29
1680679568395806913,29,29,29,29
1680679568397471078,29,29,29,29
1680679568399139325,29,29,29,29
1680679568400843113,29,29,29,29
1680679568402618909,29,29,29,29
1680679568404384415,29,29,29,29
1680679568406102499,29,29,29,29
1680679568407806694,29,29,29,29
1680679568409511834,29,29,29,30
1680679568411233877,29,29,29,30
1680679568413024417,29,29,29,30
1680679568414791063,29,29,29,30
1680679568416659229,29,29,29,30
1680679568418319599,29,29,29,30
1680679568419972703,29,29,29,30
1680679568421623140,29,29,29,30
1680679568423324480,29,29,29,30
1680679568425006894,29,29,29,30
1680679568426690159,29,29,29,30
1680679568428372656,29,29,29,30
1680679568430063946,29,29,29,30
1680679568431749830,29,29,29,30
1680679568433432405,29,29,29,30
1680679568435175023,29,29,29,30
1680679568436856262,29,29,29,30
1680679568438545168,29,29,29,30
1680679568440227679,29,29,29,30
1680679568441973759,29,29,29,30
1680679568443682265,29,29,29,30
1680679568445411647,29,29,29,30
1680679568447102582,29,29,29,30
1680679568448791264,29,29,29,30
1680679568450481230,29,29,29,30
1680679568452178938,29,29,29,30
1680679568453875788,29,29,29,30
1680679568455599812,29,29,29,30
1680679568457381878,29,29,29,30
1680679568459063895,29,29,29,30
1680679568460726924,29,29,29,30
1680679568462507166,29,29,29,30
1680679568464250755,29,29,29,30
1680679568466030764,29,29,29,30
1680679568467757420,29,29,29,30
1680679568469441008,29,29,29,30
1680679568471123118,29,29,29,30
1680679568472857649,29,29,29,30
1680679568474543832,29,29,29,30
1680679568476255008,29,29,29,30
1680679568477955768,29,29,29,30
1680679568479645965,29,29,29,30
1680679568481336416,29,29,29,30
1680679568483162322,29,29,29,30
1680679568484918893,29,29,29,30
1680679568486616864,29,29,29,30
1680679568488382864,29,29,29,30
1680679568490066000,29,29,29,30
1680679568491760396,29,29,29,30
1680679568493444859,29,29,29,30
1680679568495143185,29,29,29,30
1680679568496834041,29,29,29,30
1680679568498511309,29,29,29,30
1680679568500192953,29,29,29,30
1680679568501879450,29,29,29,30
1680679568503655357,29,29,29,30
1680679568505375773,29,29,29,30
1680679568507094649,29,29,29,30
1680679568508807855,29,29,29,30
1680679568510514928,29,29,29,30
1680679568512227445,29,29,29,30
1680679568513946601,29,29,29,30
1680679568515763295,29,29,29,30
1680679568517951996,29,29,29,30
1680679568519656035,29,29,29,30
1680679568521341216,29,29,29,30
1680679568523039067,29,29,29,30
1680679568524727381,29,29,29,30
1680679568526400883,29,29,29,30
1680679568528075272,29,29,29,30
1680679568529845098,29,29,29,30
1680679568531515579,29,29,29,30
1680679568533237496,29,29,29,30
1680679568534899758,29,29,29,30
1680679568536610048,29,29,29,30
1680679568538300958,29,29,29,30
1680679568539986977,29,29,29,30
1680679568541673528,29,29,29,30
1680679568543442911,29,29,29,30
1680679568545127797,29,29,29,30
1680679568546814416,29,29,29,30
1680679568548505902,29,29,29,30
1680679568550200045,29,29,30,30
1680679568551886350,29,29,30,30
1680679568553617061,29,29,30,30
1680679568555304387,29,29,30,30
1680679568557008073,29,29,30,30
1680679568558696050,29,29,30,30
1680679568560386043,29,29,30,30
1680679568562088075,29,29,30,30
1680679568563881373,29,29,30,30
1680679568565570961,29,29,30,30
1680679568567256721,29,29,30,30
1680679568568947338,29,29,30,30
1680679568570641557,29,29,30,30
1680679568572361384,29,29,30,30
1680679568574054238,29,29,30,30
1680679568575744520,29,29,30,30
1680679568577490669,29,29,30,29
1680679568579183299,29,29,30,29
1680679568580939736,29,29,30,29
1680679568582686682,29,29,30,29
1680679568584594998,29,29,30,29
1680679568586337854,29,29,30,29
1680679568588028525,29,29,30,29
1680679568589693917,29,29,30,29
1680679568591365911,29,29,30,29
1680679568593088524,29,29,30,29
1680679568594757533,29,29,30,29
1680679568596428915,29,29,30,29
1680679568598119567,29,29,30,29
1680679568599806594,29,29,30,29
1680679568601516754,29,29,30,29
1680679568603223984,29,29,30,29
1680679568604924182,29,29,30,29
1680679568606600993,29,29,30,29
1680679568608283933,29,29,30,29
1680679568609971575,29,29,30,29
1680679568611654788,29,29,30,29
1680679568613365312,29,29,30,29
1680679568615046635,29,29,30,29
1680679568616845977,29,29,30,29
1680679568618632007,29,29,30,29
1680679568620385368,29,29,30,29
1680679568622153150,29,29,30,29
1680679568623981418,29,29,30,29
1680679568625671961,29,29,30,29
1680679568627359361,29,29,30,29
1680679568629042428,29,29,30,29
1680679568630723611,29,29,30,29
1680679568632443145,29,29,30,29
1680679568634140857,29,29,30,29
1680679568635822070,29,29,30,29
1680679568637504487,29,29,30,29
1680679568639204437,29,29,30,29
1680679568640888767,29,29,30,29
1680679568642577031,29,29,30,29
1680679568644320782,29,29,30,29
1680679568646020279,29,29,30,29
1680679568647705379,29,29,30,29
1680679568649390715,29,29,30,29
1680679568651075323,29,29,30,29
1680679568652890996,29,29,30,29
1680679568654572516,29,29,30,29
1680679568656253032,29,29,30,29
1680679568657962435,29,29,30,29
1680679568659644198,29,29,30,29
1680679568661326117,29,29,30,29
1680679568663008935,29,29,30,29
1680679568664780620,29,29,30,29
1680679568666466782,29,29,30,29
1680679568668159837,29,29,30,29
1680679568669852245,29,29,30,29
1680679568671537591,29,29,30,29
1680679568673243928,29,29,30,29
1680679568674926848,29,29,30,29
1680679568676609064,29,29,30,29
1680679568678335934,29,29,30,29
1680679568680022274,29,29,30,29
1680679568681716288,29,29,30,29
1680679568683409099,29,29,30,29
1680679568685158026,29,29,30,29
1680679568686897681,29,29,30,29
1680679568688593342,29,29,30,29
1680679568690287621,29,29,30,29
1680679568691986916,29,29,30,29
1680679568693722047,29,29,30,29
1680679568695408672,29,29,30,29
1680679568697096326,29,29,30,29
1680679568698794729,29,29,30,29
1680679568700487621,29,29,30,29
1680679568702185066,29,29,30,29
1680679568703908865,29,29,30,29
1680679568705616959,29,29,30,29
1680679568707294757,29,29,30,29
1680679568708975239,29,29,30,29
1680679568710650679,29,29,30,29
1680679568712322666,29,29,30,29
1680679568713993081,29,29,30,29
1680679568715661157,29,29,30,29
1680679568717328098,29,29,30,29
1680679568719160957,29,29,30,29
1680679568721636498,29,29,30,29
1680679568723306906,29,29,30,29
1680679568725094230,29,29,30,29
1680679568726762948,29,29,30,29
1680679568728429011,29,29,30,29
1680679568730113486,29,29,30,29
1680679568731779905,29,29,30,29
1680679568733489891,29,29,30,29
1680679568735174414,29,29,30,29
1680679568736864605,29,29,30,29
1680679568738560007,29,29,30,29
1680679568740311371,29,29,30,29
1680679568742010728,29,29,30,29
1680679568743733445,29,29,30,29
1680679568745497548,29,29,30,30
1680679568747208108,29,29,30,30
1680679568748915038,29,29,30,30
1680679568750623282,29,29,30,30
1680679568752336280,29,29,30,30
1680679568754052102,29,29,30,30
1680679568755737636,29,29,30,30
1680679568757419923,29,29,30,30
1680679568759106180,29,29,30,30
1680679568760808287,29,29,30,30
1680679568762495007,29,29,30,30
1680679568764200471,29,29,30,30
1680679568765881532,29,29,30,30
1680679568767566075,29,29,30,30
1680679568769256886,29,29,30,30
1680679568770940703,29,29,30,30
1680679568772649362,29,29,30,30
1680679568774336322,29,29,30,30
1680679568776021290,29,29,30,30
1680679568777702527,29,29,30,30
1680679568779384336,29,29,30,30
1680679568781078421,29,29,30,30
1680679568782770002,29,29,30,30
1680679568784546199,29,29,30,30
1680679568786316321,29,29,30,30
1680679568788017976,29,29,30,30
1680679568789708893,29,29,30,30
1680679568791400180,29,29,30,30
1680679568793195924,29,29,30,30
1680679568794879567,29,29,30,30
1680679568796531130,29,29,30,30
1680679568798195228,29,29,30,30
1680679568799844647,29,29,30,30
1680679568801516492,29,29,30,30
1680679568803181767,29,29,30,30
1680679568804862353,29,29,30,30
1680679568806569156,29,29,30,30
1680679568808289461,29,29,30,30
1680679568810003993,29,29,30,30
1680679568811701287,29,29,30,30
1680679568813464923,29,29,30,30
1680679568815171024,29,29,30,30
1680679568816875053,29,29,30,30
1680679568818559550,29,29,30,30
1680679568820243177,29,29,30,30
1680679568822410390,29,29,30,30
1680679568824161950,29,29,30,30
1680679568825893823,29,29,30,30
1680679568827574000,29,29,30,30
1680679568829244225,29,29,30,30
1680679568830905005,29,29,30,30
1680679568832584988,29,29,30,30
1680679568834281289,29,29,30,30
1680679568835945491,29,29,30,30
1680679568837622599,29,29,30,30
1680679568839342216,29,29,30,30
1680679568841040293,29,29,30,30
1680679568842770278,29,29,30,30
1680679568844506367,29,29,30,30
1680679568846279720,29,29,30,30
1680679568847989475,29,29,30,30
1680679568849687521,29,29,30,30
1680679568851370460,29,29,30,30
1680679568853080781,29,29,30,30
1680679568854761788,29,29,30,30
1680679568856447179,29,29,30,30
1680679568858137731,29,29,30,30
1680679568859833680,29,29,30,30
1680679568861513633,29,29,30,30
1680679568863219644,29,29,30,30
1680679568864987017,29,29,30,30
1680679568866673148,29,29,30,30
1680679568868361781,29,29,30,30
1680679568870139755,29,29,30,30
1680679568871828884,29,29,30,30
1680679568873572335,29,29,30,30
1680679568875251993,29,29,30,30
1680679568876941164,29,29,30,30
1680679568878620661,29,29,30,30
1680679568880309229,29,29,30,30
1680679568882005095,29,29,30,30
1680679568883725005,29,29,30,30
1680679568885556361,29,29,30,30
1680679568887328452,29,29,30,30
1680679568889028143,29,29,30,30
1680679568890710835,29,29,30,30
1680679568892392765,29,29,30,30
1680679568894113043,29,29,30,30
1680679568895808572,29,29,30,30
1680679568897492326,29,29,30,30
1680679568899175976,29,29,30,30
1680679568900866304,29,29,30,30
1680679568902580928,29,29,30,30
1680679568904304537,29,29,30,30
1680679568906060690,29,29,30,30
1680679568907744250,29,29,30,30
1680679568909430919,29,29,30,30
1680679568911112055,29,29,30,30
1680679568912926033,29,29,30,30
1680679568914607690,29,29,30,29
1680679568916299299,29,29,30,29
1680679568917996513,29,29,30,29
1680679568919688989,29,29,30,29
1680679568921374469,29,29,30,29
1680679568923660453,29,29,30,29
1680679568925560380,29,29,30,29
1680679568927280015,29,29,30,29
1680679568928954232,29,29,30,29
1680679568930620925,29,29,30,29
1680679568932362328,29,29,30,29
1680679568934036590,29,29,30,29
1680679568935691250,29,29,30,29
1680679568937432405,29,29,30,29
1680679568939068031,29,29,30,29
1680679568940726782,29,29,30,29
1680679568942412361,29,29,30,29
1680679568944166510,29,29,30,29
1680679568945864479,29,29,30,29
1680679568947556587,29,29,30,29
1680679568949245720,29,29,30,29
1680679568950926230,29,29,30,29
1680679568952604027,29,29,30,29
1680679568954305338,29,29,30,29
1680679568955975395,29,29,30,29
1680679568957660419,29,29,30,29
1680679568959333502,29,29,30,29
1680679568960998743,29,29,30,29
1680679568962713546,29,29,30,29
1680679568964448518,29,29,30,29
1680679568966226754,29,29,30,29
1680679568967947054,29,29,30,29
1680679568969662455,29,29,30,29
1680679568971375550,29,29,30,29
1680679568973120914,29,30,30,29
1680679568974790863,29,30,30,29
1680679568976465780,29,30,30,29
1680679568978224021,29,30,30,29
1680679568979903115,29,30,30,29
1680679568981575770,29,30,30,29
1680679568983258170,29,30,30,29
1680679568985054864,29,30,30,29
1680679568986817396,29,30,30,29
1680679568988576459,29,30,30,29
1680679568990301681,29,30,30,29
1680679568991989286,29,30,30,29
1680679568993785884,29,30,30,29
1680679568995476332,29,30,30,29
1680679568997166492,29,30,30,29
1680679568998861534,29,30,30,29
1680679569000555672,29,30,30,29
1680679569002262751,29,30,30,29
1680679569004085326,29,30,30,29
1680679569005789863,29,30,30,29
1680679569007501201,29,30,30,29
1680679569009198760,29,30,30,29
1680679569010896931,29,30,30,29
1680679569012591603,29,30,30,29
1680679569014335106,29,30,30,29
1680679569016030380,29,30,30,29
1680679569017721737,29,30,30,29
1680679569019405179,29,30,30,29
1680679569021096810,29,30,30,29
1680679569022787494,29,30,30,29
1680679569024663197,29,30,30,29
1680679569026484966,29,30,30,29
1680679569028201982,29,30,30,29
1680679569029891328,29,30,30,29
1680679569031595153,29,30,30,29
1680679569033395127,29,30,30,29
1680679569035088887,29,30,30,29
1680679569036725784,29,30,30,29
1680679569038378458,29,30,30,29
1680679569040029610,29,30,30,29
1680679569041675551,29,30,30,29
1680679569043330096,29,30,30,29
1680679569045029882,29,30,30,29
1680679569046783935,29,30,30,29
1680679569048501461,29,30,30,29
1680679569050216234,29,30,30,29
1680679569051926872,29,30,30,29
1680679569053664373,29,30,30,29
1680679569055376625,29,30,30,29
1680679569057079035,35,30,30,29
1680679569058766771,35,30,30,29
1680679569060458372,35,30,30,29
1680679569062152480,35,30,30,29
1680679569063846105,35,30,30,29
1680679569065635408,35,30,30,29
1680679569067535465,35,30,30,29
1680679569069276796,35,30,30,29
1680679569070960886,35,30,30,29
1680679569072651383,35,30,30,29
1680679569074391833,35,30,30,29
1680679569076204488,35,30,30,29
1680679569077903665,35,30,30,29
1680679569079592099,35,30,30,29
1680679569081282173,35,30,30,29
1680679569083101465,35,30,30,29
1680679569084811894,35,30,30,29
1680679569086510573,35,30,30,29
1680679569088322363,35,30,30,29
1680679569090249471,35,30,30,29
1680679569091936066,35,30,30,29
1680679569093632674,35,30,30,29
1680679569095325052,35,30,30,29
1680679569097012903,35,30,30,29
1680679569098834554,35,30,30,29
1680679569100503066,35,30,30,29
1680679569102170710,35,30,30,29
1680679569103913448,35,30,30,29
1680679569105671401,35,30,30,29
1680679569107342194,35,30,30,29
1680679569109079454,35,30,30,29
1680679569110785639,35,30,30,29
1680679569112496270,35,30,30,29
1680679569114264816,35,30,30,29
1680679569115976256,35,30,30,29
1680679569117684302,35,30,30,29
1680679569119373493,35,30,30,29
1680679569121053316,35,30,30,29
1680679569122733018,35,30,30,29
1680679569124421963,35,30,30,29
1680679569126457090,35,30,30,29
1680679569128224570,35,30,30,29
1680679569129925748,35,30,30,29
1680679569131588797,35,30,30,29
1680679569133387383,35,30,30,29
1680679569135048406,35,30,30,29
1680679569136722350,35,30,30,29
1680679569138399069,35,30,30,29
1680679569140096618,35,30,30,29
1680679569141792289,35,30,30,29
1680679569143497851,35,30,30,29
1680679569145201141,35,30,30,29
1680679569146902405,35,30,30,29
1680679569148726872,35,30,30,29
1680679569150595684,35,30,30,29
1680679569152558379,35,30,30,29
1680679569154446194,35,30,30,29
1680679569156324928,35,30,30,29
1680679569158213285,35,30,30,29
1680679569160083974,35,30,30,29
1680679569161956894,35,30,30,29
1680679569163805364,35,30,30,29
1680679569165673147,35,30,30,29
1680679569167608299,35,30,30,29
1680679569169475271,35,30,30,29
1680679569171329174,35,30,30,29
1680679569173218969,35,30,30,29
1680679569175071950,35,30,30,29
1680679569176948399,35,30,30,29
1680679569179576242,35,30,30,29
1680679569181465165,35,30,30,29
1680679569183356925,35,30,30,29
1680679569185367732,35,30,30,29
1680679569187380283,35,30,30,29
1680679569189484510,35,30,30,29
1680679569191440441,35,30,30,29
1680679569193348140,35,30,30,29
1680679569195829903,35,30,30,29
1680679569197697318,35,30,30,29
1680679569199547583,35,30,30,29
1680679569201398844,35,30,30,29
1680679569203253785,35,30,30,29
1680679569205226822,35,30,30,29
1680679569207146540,35,30,30,29
1680679569209140262,35,30,30,29
1680679569211966057,35,30,30,29
1680679569214497284,35,30,30,29
1680679569216786072,35,30,30,29
1680679569249390270,30,30,30,29
1680679569314893630,30,29,30,29
1680679569347083056,30,29,30,29
1680679569349077458,30,29,30,29
1680679569351052890,30,29,30,29
1680679569352973371,30,29,30,29
1680679569354958121,30,29,30,29
1680679569356634581,30,29,30,29
1680679569358290043,30,29,30,29
1680679569359922777,30,29,30,29
1680679569361555667,30,29,30,29
1680679569363195155,30,29,30,29
1680679569364830825,30,29,30,29
1680679569366583507,30,29,30,29
1680679569368253804,30,29,30,29
1680679569369987034,30,29,30,29
1680679569371652542,30,29,30,29
1680679569373315034,30,29,30,29
1680679569375137267,30,29,30,29
1680679569376799830,30,29,30,29
1680679569378485316,30,29,30,29
1680679569380166942,30,29,30,29
1680679569381860486,30,29,30,29
1680679569383547387,30,29,30,29
1680679569385263469,30,29,30,29
1680679569386949806,30,29,30,29
1680679569388776058,30,29,30,29
1680679569390496033,30,29,30,29
1680679569392368717,30,29,30,29
1680679569394142446,30,29,30,29
1680679569395847273,30,29,29,29
1680679569397561567,30,29,29,29
1680679569399232750,30,29,29,29
1680679569400901769,30,29,29,29
1680679569402563594,30,29,29,29
1680679569404223363,30,29,29,29
1680679569405981295,30,29,29,29
1680679569407649204,30,29,29,29
1680679569409394917,30,29,29,29
1680679569411177142,30,29,29,29
1680679569413001804,30,29,29,29
1680679569414753852,30,29,29,29
1680679569416446668,30,29,29,29
1680679569418145214,30,29,29,29
1680679569419828258,30,29,29,30
1680679569421515718,30,29,29,30
1680679569423192362,30,29,29,30
1680679569424873437,30,29,29,30
1680679569426568191,30,29,29,30
1680679569428245654,30,29,29,30
1680679569430016625,30,29,29,30
1680679569431768945,30,29,29,30
1680679569433451242,30,29,29,30
1680679569435154388,30,29,29,30
1680679569436839291,30,29,29,30
1680679569438523229,30,29,29,30
1680679569440209219,30,29,29,30
1680679569441903876,30,29,29,30
1680679569443587257,30,29,29,30
1680679569445356007,30,29,29,30
1680679569447039672,30,29,29,30
1680679569448728215,30,29,29,30
1680679569450505858,30,29,29,30
1680679569452248081,30,29,29,30
1680679569453947732,30,29,29,30
1680679569455632846,30,29,29,30
1680679569457314581,30,29,29,30
1680679569458995962,30,29,29,30
1680679569460680749,30,29,29,30
1680679569462380717,30,29,29,30
1680679569464061297,30,29,29,30
1680679569465784722,30,29,29,30
1680679569467462699,30,29,29,30
1680679569469150550,30,29,29,30
1680679569470886153,30,29,29,30
1680679569472566641,30,29,29,30
1680679569474282908,30,29,29,30
1680679569475969667,30,29,29,30
1680679569477656763,30,29,29,30
1680679569479341270,30,29,29,30
1680679569481025546,30,29,29,30
1680679569482709634,30,29,29,30
1680679569484394363,30,29,29,30
1680679569486167260,30,29,29,30
1680679569487854940,30,29,29,30
1680679569489542249,30,29,29,30
1680679569491279701,30,29,29,30
1680679569493768637,30,29,29,30
1680679569495653284,30,29,29,30
1680679569497326900,30,29,29,30
1680679569498990241,30,29,29,30
1680679569500655125,30,29,29,30
1680679569502352753,30,29,29,30
1680679569504048191,30,29,29,30
1680679569505808302,30,29,29,30
1680679569507498001,30,29,29,30
1680679569509178678,30,29,29,30
1680679569510879996,30,29,29,30
1680679569512564906,30,29,29,30
1680679569514301273,30,29,29,30
1680679569515989024,30,29,29,30
1680679569517678230,30,29,29,30
1680679569519362636,30,29,29,30
1680679569521052658,30,29,29,30
1680679569522739498,30,29,29,30
1680679569524406926,30,29,29,30
1680679569526108135,30,29,29,30
1680679569527795807,30,29,29,30
1680679569529602041,30,29,29,30
1680679569531577771,30,29,29,30
1680679569533275769,30,29,29,30
1680679569535030938,30,29,29,30
1680679569536713601,30,29,29,30
1680679569538406852,30,29,29,30
1680679569540092774,30,29,29,30
1680679569541787522,30,29,29,30
1680679569543470826,30,29,29,30
1680679569545154110,30,29,29,30
1680679569546865074,30,29,29,30
1680679569548555064,30,29,29,30
1680679569550255653,30,29,29,30
1680679569552047477,30,29,29,30
1680679569553750181,30,29,29,30
1680679569555465054,30,29,29,30
1680679569557150984,30,29,29,30
1680679569558846022,30,29,29,30
1680679569560537733,30,29,29,30
1680679569562238476,30,29,29,30
1680679569563932402,30,29,29,30
1680679569565692088,30,29,30,30
1680679569567395080,30,29,30,30
1680679569569105429,30,29,30,30
1680679569570809805,30,29,30,30
1680679569572544188,30,29,30,30
1680679569574344781,30,29,30,30
1680679569576046578,30,29,30,30
1680679569577731103,30,29,30,30
1680679569579406131,30,29,30,30
1680679569581090011,30,29,30,30
1680679569582773108,30,29,30,30
1680679569584462703,30,29,30,30
1680679569586173233,30,29,30,30
1680679569587855945,30,29,30,30
1680679569589544359,30,29,30,29
1680679569591302956,30,29,30,29
1680679569592989879,30,29,30,29
1680679569595002308,30,29,30,29
1680679569596849801,30,29,30,29
1680679569598519159,30,29,30,29
1680679569600184544,30,29,30,29
1680679569601850121,30,29,30,29
1680679569603513869,30,29,30,29
1680679569605183484,30,29,30,29
1680679569606942934,30,29,30,29
1680679569608638291,30,29,30,29
1680679569610323004,30,29,30,29
1680679569612064445,30,29,30,29
1680679569613758155,30,29,30,29
1680679569615554610,30,29,30,29
1680679569617244393,30,29,30,29
1680679569618924522,30,29,30,29
1680679569620612284,30,29,30,29
1680679569622304256,30,29,30,29
1680679569623989213,30,29,30,29
1680679569625705550,30,29,30,29
1680679569627392488,30,29,30,29
1680679569629079292,30,29,30,29
1680679569630765115,30,29,30,29
1680679569632519726,30,29,30,29
1680679569634216308,30,29,30,29
1680679569635962011,30,29,30,29
1680679569637640708,30,29,30,29
1680679569639321985,30,29,30,29
1680679569641006419,30,29,30,29
1680679569642686959,30,29,30,29
1680679569644381031,30,29,30,29
1680679569646080201,30,29,30,29
1680679569647759073,30,29,30,29
1680679569649441024,30,29,30,29
1680679569651123724,30,29,30,29
1680679569652847424,30,29,30,29
1680679569654649953,30,29,30,29
1680679569656392404,30,29,30,29
1680679569658078618,30,29,30,29
1680679569659765863,30,29,30,29
1680679569661454177,30,29,30,29
1680679569663140420,30,29,30,29
1680679569664831801,30,29,30,29
1680679569666543803,30,29,30,29
1680679569668247318,30,29,30,29
1680679569669950962,30,29,30,29
1680679569671643283,30,29,30,29
1680679569673325352,30,29,30,29
1680679569675041085,30,29,30,29
1680679569676727804,30,29,30,29
1680679569678412288,30,29,30,29
1680679569680115977,30,29,30,29
1680679569681811225,30,29,30,29
1680679569683497585,30,29,30,29
1680679569685181728,30,29,30,29
1680679569686912144,30,29,30,29
1680679569688599678,30,29,30,29
1680679569690300175,30,29,30,29
1680679569691996630,30,29,30,29
1680679569693745784,30,29,30,29
1680679569695501744,30,29,30,29
1680679569697413950,30,29,30,29
1680679569699325559,30,29,30,29
1680679569701019625,30,29,30,29
1680679569702702469,30,29,30,29
1680679569704454304,30,29,30,29
1680679569706219414,30,29,30,29
1680679569707902330,30,29,30,29
1680679569709589559,30,29,30,29
1680679569711270198,30,29,30,29
1680679569713003998,30,29,30,29
1680679569714736567,30,29,30,29
1680679569716421073,30,29,30,29
1680679569718142756,30,29,30,29
1680679569719833607,30,29,30,29
1680679569721530503,30,29,30,29
1680679569723209418,30,29,30,29
1680679569724891134,30,29,30,29
1680679569726634642,30,29,30,29
1680679569728321405,30,29,30,29
1680679569730010528,30,29,30,29
1680679569731713587,30,29,30,29
1680679569733535388,30,29,30,29
1680679569735244503,30,29,30,29
1680679569736936953,30,29,30,29
1680679569738619900,30,29,30,29
1680679569740298637,30,29,30,29
1680679569741992359,30,29,30,29
1680679569743671959,30,29,30,29
1680679569745356102,30,29,30,29
1680679569747053196,30,29,30,29
1680679569748742152,30,29,30,29
1680679569750423497,30,29,30,29
1680679569752105117,30,29,30,29
1680679569753815535,30,29,30,29
1680679569755549489,30,29,30,29
1680679569757308544,30,29,30,29
1680679569758998232,30,29,30,29
1680679569760686283,30,29,30,30
1680679569762375048,30,29,30,30
1680679569764060626,30,29,30,30
1680679569765745191,30,29,30,30
1680679569767436087,30,29,30,30
1680679569769125979,30,29,30,30
1680679569770814964,30,29,30,30
1680679569772511999,30,29,30,30
1680679569774185221,30,29,30,30
1680679569775882945,30,29,30,30
1680679569777575356,30,29,30,30
1680679569779246428,30,29,30,30
1680679569781015605,30,29,30,30
1680679569782740932,30,29,30,30
1680679569784453257,30,29,30,30
1680679569786190771,30,29,30,30
1680679569787898638,30,29,30,30
1680679569789603022,30,29,30,30
1680679569791314220,30,29,30,30
1680679569793034586,30,29,30,30
1680679569794725825,30,29,30,30
1680679569796408671,30,29,30,30
1680679569798222315,30,29,30,30
1680679569800430905,30,29,30,30
1680679569802690453,30,29,30,30
1680679569804321761,30,29,30,30
1680679569805971020,30,29,30,30
1680679569807590729,30,29,30,30
1680679569809209737,30,29,30,30
1680679569810825100,30,30,30,30
1680679569812449598,30,30,30,30
1680679569814116461,30,30,30,30
1680679569815822784,30,30,30,30
1680679569817505510,30,30,30,30
1680679569819190284,30,30,30,30
1680679569820890135,30,30,30,30
1680679569822575443,30,30,30,30
1680679569824264015,30,30,30,30
1680679569825974040,30,30,30,30
1680679569827663642,30,30,30,30
1680679569829353214,30,30,30,30
1680679569831034039,30,30,30,30
1680679569832784824,30,30,30,30
1680679569834503788,30,30,30,30
1680679569836245990,30,30,30,30
1680679569837939879,30,30,30,30
1680679569839624250,30,30,30,30
1680679569841366581,30,30,30,30
1680679569843055161,30,30,30,30
1680679569844729356,30,30,30,30
1680679569846453716,30,30,30,30
1680679569848145004,30,30,30,30
1680679569849842347,30,30,30,30
1680679569851526543,30,30,30,30
1680679569853276546,30,30,30,30
1680679569855052334,30,30,30,30
1680679569856726562,30,30,30,30
1680679569858405399,30,30,30,30
1680679569860082283,30,30,30,30
1680679569861758788,30,30,30,30
1680679569863429822,30,30,30,30
1680679569865097825,30,30,30,30
1680679569866921391,30,30,30,30
1680679569868634532,30,30,30,30
1680679569870345330,30,30,30,30
1680679569872054722,30,30,30,30
1680679569873812288,30,30,30,30
1680679569875546547,30,30,30,30
1680679569877249662,30,30,30,30
1680679569878928710,30,30,30,30
1680679569880628418,30,30,30,30
1680679569882322388,30,30,30,30
1680679569884015624,30,30,30,30
1680679569885702018,30,30,30,30
1680679569887438281,30,30,30,30
1680679569889128255,30,30,30,30
1680679569890816116,30,30,30,30
1680679569892514607,30,30,30,30
1680679569894313679,30,30,30,30
1680679569896059581,30,30,30,30
1680679569897742740,30,30,30,30
1680679569899429551,30,30,30,30
1680679569901471487,30,30,30,30
1680679569903265699,30,30,30,30
1680679569904985325,30,30,30,30
1680679569906772656,30,30,30,30
1680679569908456519,30,30,30,30
1680679569910130408,30,30,30,30
1680679569911790249,30,30,30,30
1680679569913562782,30,30,30,30
1680679569915274845,30,30,30,30
1680679569916938203,30,30,30,30
1680679569918601238,30,30,30,30
1680679569920277050,30,30,30,30
1680679569922089241,30,30,30,30
1680679569923753718,30,30,30,30
1680679569925412150,30,30,30,30
1680679569927109073,30,30,30,30
1680679569928774306,30,30,30,30
1680679569930473994,30,30,30,30
1680679569932190548,30,30,30,29
1680679569933980557,30,30,30,29
1680679569935697623,30,30,30,29
1680679569937406109,30,30,30,29
1680679569939114302,30,30,30,29
1680679569940834310,30,30,30,29
1680679569942631611,30,30,30,29
1680679569944317665,30,30,30,29
1680679569946013479,30,30,30,29
1680679569947721885,30,30,30,29
1680679569949422396,30,30,30,29
1680679569951105868,30,30,30,29
1680679569952791304,30,30,30,29
1680679569954496076,30,30,30,29
1680679569956231056,30,30,30,29
1680679569957925144,30,30,30,29
1680679569959614787,30,30,30,29
1680679569961379894,30,30,30,29
1680679569963122678,30,30,30,29
1680679569964880455,30,30,30,29
1680679569966579812,30,30,30,29
1680679569968271944,30,30,30,29
1680679569969969508,30,30,30,29
1680679569971646209,30,30,30,29
1680679569973410291,30,30,30,29
1680679569975098018,30,30,30,29
1680679569976781542,30,29,30,29
1680679569978464136,30,29,30,29
1680679569980147039,30,29,30,29
1680679569981843031,30,29,30,29
1680679569983582853,30,29,30,29
1680679569985263785,30,29,30,29
1680679569986972910,30,29,30,29
1680679569988660671,30,29,30,29
1680679569990355349,30,29,30,29
1680679569992045475,30,29,30,29
1680679569993842433,30,29,30,29
1680679569995587481,30,29,30,29
1680679569997275649,30,29,30,29
1680679569998961438,30,29,30,29
1680679570000653729,30,29,30,29
1680679570002382715,30,29,30,29
1680679570005255047,30,29,30,29
1680679570007171967,30,29,30,29
1680679570008862580,30,29,30,29
1680679570010540771,30,29,30,29
1680679570012220497,30,29,30,29
1680679570013872811,30,29,30,29
1680679570015514990,30,29,30,29
1680679570017148522,30,29,30,29
1680679570018772487,30,29,30,29
1680679570020403994,30,29,30,29
1680679570022143365,30,29,30,29
1680679570023802788,30,29,30,29
1680679570025493437,30,29,30,29
1680679570027232710,30,29,30,29
1680679570028921901,30,29,30,29
1680679570030598511,30,29,30,29
1680679570032283594,30,29,30,29
1680679570034010642,30,29,30,29
1680679570035849548,30,29,30,29
1680679570037538264,30,29,30,29
1680679570039218182,30,29,30,29
1680679570040902829,30,29,30,29
1680679570042586472,30,29,30,29
1680679570044279069,30,29,30,29
1680679570045976140,30,29,30,29
1680679570047684740,30,29,30,29
1680679570049381109,30,29,30,29
1680679570051071568,30,29,30,29
1680679570052730574,30,29,30,29
1680679570054522718,30,29,30,29
1680679570056247298,30,29,30,29
1680679570057934601,30,29,30,29
1680679570059616625,30,29,30,29
1680679570061305106,30,29,30,29
1680679570062987859,30,29,30,29
1680679570064711699,30,29,30,29
1680679570066409367,30,29,30,29
1680679570068148931,30,29,30,29
1680679570069847814,30,29,30,29
1680679570071532499,30,29,30,29
1680679570073226227,30,29,30,29
1680679570074903475,30,29,30,29
1680679570076603823,30,29,30,29
1680679570078297664,30,29,30,29
1680679570079991956,30,29,30,29
1680679570081676824,30,29,30,29
1680679570083362020,30,29,30,29
1680679570085071644,30,29,30,29
1680679570086775583,30,29,30,29
1680679570088459455,30,29,30,29
1680679570090156766,30,29,30,29
1680679570091840131,30,29,30,29
1680679570093609554,30,29,30,29
1680679570095291114,30,29,30,29
1680679570096954263,30,29,30,29
1680679570098621999,30,29,30,29
1680679570100301870,30,29,30,30
1680679570101986559,30,29,30,30
1680679570103655948,30,29,30,30
1680679570105534331,30,29,30,30
1680679570107548878,30,29,30,30
1680679570109303558,30,29,30,30
1680679570110997740,30,29,30,30
1680679570112679734,30,29,30,30
1680679570114399994,30,29,30,30
1680679570116185180,30,29,30,30
1680679570117862671,30,29,30,30
1680679570119529934,30,29,30,30
1680679570121200046,30,29,30,30
1680679570122859141,30,29,30,30
1680679570124525813,30,29,30,30
1680679570126195365,30,29,30,30
1680679570127921873,30,29,30,30
1680679570129628629,30,29,30,30
1680679570131338412,30,29,30,30
1680679570133089963,30,29,30,30
1680679570134855596,30,29,30,30
1680679570136640527,30,29,30,30
1680679570138343669,30,29,30,30
1680679570140030684,30,29,30,30
1680679570141720549,30,29,30,30
1680679570143403458,30,29,30,30
1680679570145103138,30,29,30,30
1680679570146882812,30,29,30,30
1680679570148571779,30,29,30,30
1680679570150270403,30,29,30,30
1680679570152011242,30,29,30,30
1680679570153731363,30,29,30,30
1680679570155414434,30,29,30,30
1680679570157152626,30,29,30,30
1680679570158850913,30,29,30,30
1680679570160523379,30,29,30,30
1680679570162196999,30,29,30,30
1680679570163865180,30,29,30,30
1680679570165541275,30,29,30,30
1680679570167270499,30,29,30,30
1680679570169024625,30,29,30,30
1680679570170730530,30,29,30,30
1680679570172435007,30,29,30,30
1680679570174225420,30,29,30,30
1680679570175969664,30,29,30,30
1680679570177679459,30,29,30,30
1680679570179389954,30,29,30,30
1680679570181101586,30,29,30,30
1680679570182784232,30,29,30,30
1680679570184480166,30,29,30,30
1680679570186163846,30,29,30,30
1680679570187926804,30,29,30,30
1680679570189613917,30,29,30,30
1680679570191295986,30,29,30,30
1680679570192983166,30,29,30,30
1680679570194716557,30,29,30,30
1680679570196474037,30,29,30,30
1680679570198168482,30,29,30,30
1680679570199850365,30,29,30,30
1680679570201539710,30,29,30,30
1680679570203227251,30,29,30,30
1680679570204920191,30,29,30,30
1680679570206683779,30,29,30,30
1680679570208726462,30,29,30,30
1680679570211061802,30,29,30,30
1680679570212697126,30,29,30,30
1680679570214351849,30,29,30,30
1680679570216063481,30,29,30,30
1680679570217694361,30,29,30,30
1680679570219313485,30,29,30,30
1680679570220948753,30,29,30,30
1680679570222610106,30,29,30,30
1680679570224294322,30,29,30,30
1680679570225990796,30,29,30,30
1680679570227757386,30,29,30,30
1680679570229461929,30,29,30,30
1680679570231155247,30,29,30,30
1680679570232839299,30,29,30,30
1680679570234583805,30,29,30,30
1680679570236275531,30,29,30,30
1680679570237972107,30,29,30,30
1680679570239657295,30,29,30,30
1680679570241342927,30,29,30,30
1680679570243025253,30,29,30,30
1680679570244698001,30,29,30,30
1680679570246387432,30,29,30,30
1680679570248082427,30,29,30,30
1680679570249862929,30,29,30,30
1680679570251532276,30,29,30,30
1680679570253193106,30,29,30,30
1680679570254960312,30,29,30,30
1680679570256680308,30,29,30,30
1680679570258371537,30,29,30,30
1680679570260049768,30,29,30,30
1680679570261729659,30,29,30,30
1680679570263423256,30,29,30,30
1680679570265136490,30,29,30,30
1680679570266859298,30,29,30,30
1680679570268692991,30,29,30,30
1680679570270425646,30,29,30,30
1680679570272126468,30,29,30,29
1680679570273849868,30,29,30,29
1680679570275549377,30,29,30,29
1680679570277255657,30,29,30,29
1680679570278940138,30,29,30,29
1680679570280633391,30,29,30,29
1680679570282407898,30,29,30,29
1680679570284093981,30,29,30,29
1680679570285787492,30,29,30,29
1680679570287507215,30,29,30,29
1680679570289200282,30,29,30,29
1680679570290888587,30,29,30,29
1680679570292667481,30,29,30,29
1680679570294422284,30,29,30,29
1680679570296127546,30,29,30,29
1680679570297833786,30,29,30,29
1680679570299527101,30,29,30,29
1680679570301299843,30,29,30,29
1680679570302974210,30,29,30,29
1680679570304664128,30,29,30,29
1680679570306378843,30,29,30,29
1680679570308131960,30,29,30,29
1680679570309954847,30,29,30,29
1680679570311700090,30,29,30,29
1680679570313451440,30,29,30,29
1680679570315156848,30,29,30,29
1680679570316953560,30,29,30,29
1680679570318640249,30,29,30,29
1680679570320328518,30,29,30,29
1680679570322012572,30,29,30,29
1680679570323703732,30,29,30,29
1680679570325390034,30,29,30,29
1680679570327083657,30,29,30,29
1680679570328725894,30,29,30,29
1680679570330399213,30,29,30,29
1680679570332097958,30,29,30,29
1680679570333883254,30,29,30,29
1680679570335619302,30,29,30,29
1680679570337335287,30,29,30,29
1680679570339011919,30,29,30,29
1680679570340695573,30,29,30,29
1680679570342402882,30,29,30,29
1680679570344087079,30,29,30,29
1680679570345772193,30,29,30,29
1680679570347475267,30,29,30,29
1680679570349158194,30,29,30,29
1680679570350877089,30,29,30,29
1680679570352566863,30,29,30,29
1680679570354276994,30,29,30,29
1680679570355963360,30,29,30,29
1680679570357647316,30,29,30,29
1680679570359331508,30,29,30,29
1680679570361018368,30,29,30,29
1680679570362701816,30,29,30,29
1680679570364388476,30,29,30,29
1680679570366075067,30,29,30,29
1680679570367784152,30,29,30,29
1680679570369469207,30,29,30,29
1680679570371187778,30,29,30,29
1680679570372881645,30,29,30,29
1680679570374581395,30,29,30,29
1680679570376481153,30,29,30,29
1680679570378318542,30,29,30,29
1680679570380052685,30,29,30,29
1680679570381743545,30,29,30,29
1680679570383423178,30,29,30,29
1680679570385105713,30,29,30,29
1680679570386797798,30,29,30,29
1680679570388610604,30,29,30,29
1680679570390502156,30,29,30,29
1680679570392189845,30,29,30,29
1680679570393879290,30,29,30,29
1680679570395589821,30,29,30,29
1680679570397654797,30,29,30,29
1680679570399353173,30,29,30,29
1680679570401046731,30,29,30,29
1680679570402742757,30,29,30,29
1680679570404548217,30,29,30,29
1680679570406318204,30,29,30,29
1680679570408113085,30,29,30,29
1680679570409815023,30,29,30,29
1680679570412121322,30,29,30,29
1680679570414015471,30,29,30,29
1680679570415718413,30,29,30,29
1680679570417450151,30,29,30,29
1680679570419133285,30,29,30,29
1680679570420814161,30,29,30,29
1680679570422498960,30,29,30,29
1680679570424184781,30,29,30,29
1680679570425873377,30,29,30,29
1680679570427576761,30,29,30,29
1680679570429263389,30,29,30,29
1680679570430947425,30,29,30,29
1680679570432651623,30,29,30,29
1680679570434396923,30,29,30,29
1680679570436087893,30,29,30,29
1680679570437789950,30,29,30,29
1680679570439481040,30,29,30,29
1680679570441174560,30,29,30,29
1680679570442860844,30,29,30,29
1680679570444564605,30,29,30,29
1680679570446264634,30,29,30,29
1680679570447969392,30,29,30,29
1680679570449651993,30,29,30,29
1680679570451335719,30,29,30,29
1680679570453053466,30,29,30,29
1680679570454900775,30,29,30,29
1680679570456822927,30,29,30,29
1680679570458676208,30,29,30,29
1680679570460553796,30,29,30,29
1680679570462436383,30,29,30,29
1680679570464307283,30,29,30,29
1680679570466183522,30,29,30,29
1680679570468508129,30,29,30,29
1680679570470399676,30,29,30,29
1680679570472248209,30,29,30,29
1680679570474136198,30,29,30,29
1680679570476030132,30,29,30,29
1680679570477917561,30,29,30,29
1680679570479828767,30,30,30,29
1680679570481730865,30,30,30,29
1680679570484426014,30,30,30,29
1680679570486341852,30,30,30,29
1680679570488258586,30,30,30,29
1680679570490161380,30,30,30,29
1680679570492061002,30,30,30,29
1680679570494020513,30,30,30,29
1680679570495895748,30,30,30,29
1680679570497841340,30,30,30,29
1680679570500434503,30,30,30,29
1680679570502320474,30,30,30,29
1680679570504196635,30,30,30,29
1680679570506098746,30,30,30,29
1680679570508076016,30,30,30,29
1680679570510001122,30,30,30,29
1680679570511910232,30,30,30,29
1680679570514404178,30,30,30,29
1680679570518665036,30,30,30,29
1680679570521118203,30,30,30,29
1680679570523383174,30,30,30,29
1680679570558271328,30,30,30,29
1680679570625234649,30,30,30,29
1680679570657052842,30,30,30,29
1680679570659030228,30,30,30,29
1680679570661144527,30,30,30,29
1680679570663038793,30,30,30,29
1680679570664972069,30,30,30,29
1680679570666855387,30,30,30,29
1680679570668482574,30,30,30,29
1680679570670114687,30,30,30,29
1680679570671731312,30,30,30,29
1680679570673336979,30,30,30,29
1680679570674976271,30,30,30,29
1680679570676659058,30,30,30,29
1680679570678323398,30,30,30,29
1680679570679996052,30,30,30,29
1680679570681662571,30,30,30,29
1680679570683329892,30,30,30,29
1680679570684999861,30,30,30,29
1680679570686673308,30,30,30,29
1680679570688518155,30,30,30,29
1680679570690206304,30,30,30,29
1680679570691886741,30,30,30,29
1680679570693568201,30,30,30,29
1680679570695294418,30,30,30,29
1680679570697053846,30,30,30,29
1680679570698715373,30,30,30,29
1680679570700375926,30,30,30,29
1680679570702052366,30,30,30,29
1680679570703719579,30,30,30,29
1680679570705382574,30,30,30,29
1680679570707066921,30,30,30,29
1680679570708836323,30,30,30,29
1680679570710541524,30,30,30,29
1680679570712254506,30,30,30,29
1680679570713976667,30,30,30,29
1680679570715732589,30,30,30,29
1680679570717979378,30,30,30,29
1680679570719902303,30,30,30,29
1680679570721633188,30,30,30,29
1680679570723298244,30,30,30,29
1680679570724964498,30,30,30,29
1680679570726640294,30,30,30,29
1680679570728492773,30,30,30,29
1680679570730181462,30,30,30,29
1680679570731860449,30,30,30,29
1680679570733548350,30,30,30,29
1680679570735251151,30,30,30,29
1680679570737001717,30,30,30,29
1680679570738716808,30,30,29,29
1680679570740402974,30,30,29,29
1680679570742094883,30,30,29,29
1680679570743776280,30,30,29,29
1680679570745457760,30,30,29,29
1680679570747150022,30,30,29,29
1680679570748919496,30,30,29,29
1680679570750607156,30,30,29,29
1680679570752292979,30,30,29,29
1680679570753997667,30,30,29,29
1680679570755804853,30,30,29,29
1680679570757547759,30,30,29,29
1680679570759263747,30,30,29,29
1680679570760961604,30,30,29,29
1680679570762641013,30,30,29,29
1680679570764420359,30,30,29,29
1680679570766115556,30,30,29,29
1680679570767807819,30,30,29,29
1680679570769492332,30,30,29,29
1680679570771177995,30,30,29,29
1680679570772865944,30,30,29,29
1680679570774551557,30,30,29,29
1680679570776289306,30,30,29,29
1680679570778034097,30,30,29,29
1680679570779805056,30,30,29,29
1680679570781497210,30,30,29,29
1680679570783183004,30,30,29,29
1680679570784880958,30,30,29,29
1680679570786567409,30,30,29,29
1680679570788384995,30,30,29,29
1680679570790094051,30,30,29,29
1680679570791888292,30,30,29,29
1680679570793685434,30,30,29,29
1680679570795401564,30,30,29,29
1680679570797183663,30,30,29,29
1680679570798986029,30,30,29,29
1680679570800671734,30,30,29,29
1680679570802364150,30,30,29,29
1680679570804040118,30,30,29,29
1680679570805703373,30,30,29,29
1680679570807373825,30,30,29,29
1680679570809063273,30,30,29,29
1680679570810731360,30,30,29,29
1680679570812414254,30,30,29,29
1680679570814129751,30,30,29,29
1680679570815823271,30,30,29,29
1680679570817610202,30,30,29,29
1680679570819484919,30,30,29,29
1680679570821278746,30,30,29,29
1680679570823231003,30,30,29,29
1680679570824893891,30,30,29,29
1680679570826540236,30,30,29,29
1680679570828264734,30,30,29,29
1680679570829924611,30,30,29,29
1680679570831577925,30,30,29,29
1680679570833348400,30,30,29,29
1680679570835417578,30,30,29,29
1680679570837419869,30,30,29,29
1680679570839327729,30,30,29,29
1680679570841254748,30,30,29,29
1680679570843150663,30,30,29,29
1680679570845057314,30,30,29,29
1680679570846757943,30,30,29,29
1680679570848481364,30,30,29,29
1680679570850144051,30,30,29,29
1680679570851797592,30,30,29,29
1680679570853448145,30,30,29,29
1680679570855099833,30,30,29,29
1680679570856785213,30,30,29,29
1680679570858514575,30,30,29,29
1680679570860205831,30,30,29,29
1680679570862119894,30,30,29,29
1680679570863806019,30,30,29,29
1680679570865485719,30,30,29,29
1680679570867175882,30,30,29,29
1680679570868902378,30,30,29,29
1680679570870594582,30,30,29,29
1680679570872420282,30,30,29,29
1680679570874125113,30,30,29,29
1680679570875823421,30,30,29,29
1680679570877524156,30,30,29,29
1680679570879204252,30,30,29,29
1680679570880895357,30,30,29,29
1680679570882582701,30,30,29,29
1680679570884266917,30,30,29,29
1680679570885973461,30,30,29,29
1680679570887659074,30,30,29,29
1680679570889428868,30,30,29,29
1680679570891112542,30,30,29,29
1680679570892806377,30,30,29,29
1680679570894491720,30,30,29,29
1680679570896240463,30,30,29,29
1680679570897967136,30,30,29,29
1680679570899661362,30,30,29,29
1680679570901377970,30,30,29,29
1680679570903068711,30,30,29,29
1680679570904727522,30,30,30,29
1680679570906407273,30,30,30,29
1680679570908088732,30,30,30,29
1680679570909799789,30,30,30,29
1680679570911481115,30,30,30,29
1680679570913162547,30,30,30,29
1680679570914843058,30,30,30,29
1680679570916580374,30,30,30,29
1680679570918299081,30,30,30,29
1680679570919985608,30,30,30,29
1680679570921813480,30,30,30,29
1680679570923666363,30,30,30,29
1680679570925662321,30,30,30,29
1680679570927356770,30,30,30,29
1680679570929052962,30,30,30,29
1680679570930713427,30,30,30,29
1680679570932376665,30,30,30,29
1680679570934052308,30,30,30,29
1680679570935801334,30,30,30,29
1680679570937490682,30,30,30,29
1680679570939183288,30,30,30,29
1680679570940868003,30,30,30,29
1680679570942550483,30,30,30,29
1680679570944289468,30,30,30,29
1680679570946036535,30,30,30,29
1680679570947728212,30,30,30,29
1680679570949493712,30,30,30,29
1680679570951174712,30,30,30,29
1680679570952856963,30,30,30,29
1680679570954538779,30,30,30,29
1680679570956307240,30,30,30,29
1680679570958021874,30,30,30,29
1680679570959712816,30,30,30,29
1680679570961398701,30,30,30,29
1680679570963081988,30,30,30,29
1680679570964726555,30,30,30,29
1680679570966404887,30,30,30,29
1680679570968091244,30,30,30,29
1680679570969843187,30,30,30,29
1680679570971531158,30,30,30,29
1680679570973213304,30,30,30,29
1680679570974896866,30,30,30,29
1680679570976633665,30,30,30,29
1680679570978375077,30,30,30,29
1680679570980058835,30,30,30,29
1680679570981744303,30,29,30,29
1680679570983620192,30,29,30,29
1680679570985327266,30,29,30,29
1680679570987009892,30,29,30,29
1680679570988711332,30,29,30,29
1680679570990413220,30,29,30,29
1680679570992119581,30,29,30,29
1680679570993885151,30,29,30,29
1680679570995640314,30,29,30,29
1680679570997318833,30,29,30,29
1680679570998995731,30,29,30,29
1680679571000676307,30,29,30,29
1680679571002371410,30,29,30,29
1680679571004120493,30,29,30,29
1680679571005883951,30,29,30,29
1680679571007629271,30,29,30,29
1680679571009337339,30,29,30,29
1680679571011022936,30,29,30,29
1680679571012721875,30,29,30,29
1680679571014404230,30,29,30,29
1680679571016110764,30,29,30,29
1680679571017812649,30,29,30,29
1680679571019506772,30,29,30,29
1680679571021190507,30,29,30,29
1680679571022870040,30,29,30,29
1680679571024969312,30,29,30,29
1680679571026841296,30,29,30,29
1680679571028574040,30,29,30,29
1680679571030267481,30,29,30,29
1680679571031937229,30,29,30,29
1680679571033604374,30,29,30,29
1680679571035292633,30,29,30,29
1680679571037027147,30,29,30,29
1680679571038713938,30,29,30,29
1680679571040414200,30,29,30,29
1680679571042110667,30,29,30,29
1680679571043807267,30,29,30,29
1680679571045555874,30,29,30,29
1680679571047254723,30,29,30,29
1680679571049013238,30,29,30,29
1680679571050702866,30,29,30,29
1680679571052390846,30,29,30,29
1680679571054080303,30,29,30,29
1680679571055889666,30,29,30,29
1680679571057697701,30,29,30,29
1680679571059383501,30,29,30,29
1680679571061069492,30,29,30,29
1680679571062744885,30,29,30,29
1680679571064413275,30,29,30,29
1680679571066131489,30,29,30,29
1680679571067799237,30,29,30,29
1680679571069475595,30,29,30,29
1680679571071139183,30,29,30,29
1680679571072827191,30,29,30,29
1680679571074527613,30,29,30,29
1680679571076266849,30,29,30,29
1680679571078012245,30,29,30,29
1680679571079721326,30,29,30,29
1680679571081438966,30,29,30,29
1680679571083148077,30,29,30,29
1680679571084808654,30,29,30,29
1680679571086524451,30,29,30,29
1680679571088189472,30,29,30,29
1680679571089960151,30,29,30,29
1680679571091629313,30,29,30,29
1680679571093295206,30,29,30,29
1680679571094979031,30,29,30,29
1680679571096726478,30,29,30,29
1680679571098474500,30,29,30,29
1680679571100160220,30,29,30,29
1680679571101855713,30,29,30,29
1680679571103539183,30,29,30,29
1680679571105222125,30,29,30,29
1680679571106903228,30,29,30,29
1680679571108588296,30,29,30,29
1680679571110303907,30,29,30,29
1680679571111991227,30,29,30,29
1680679571113679421,30,29,30,29
1680679571115361360,30,29,30,29
1680679571117100344,30,29,30,29
1680679571118808639,30,29,30,29
1680679571120492109,30,29,30,29
1680679571122186832,30,29,30,29
1680679571123874183,30,29,30,29
1680679571125626380,30,29,30,29
1680679571127724245,30,29,30,29
1680679571129561893,30,29,30,29
1680679571131295757,30,29,30,29
1680679571132977133,30,29,30,29
1680679571134655975,30,29,30,29
1680679571136403947,30,29,30,29
1680679571138127550,30,29,30,29
1680679571139810692,30,29,30,29
1680679571141492478,30,29,30,29
1680679571143176867,30,29,30,29
1680679571144863203,30,29,30,29
1680679571146552031,30,29,30,29
1680679571148365380,30,29,30,29
1680679571150129261,30,29,30,29
1680679571151818495,30,29,30,29
1680679571153514617,30,29,30,29
1680679571155204395,30,29,30,29
1680679571156913588,30,29,30,29
1680679571158667268,30,29,30,29
1680679571160447969,30,29,30,29
1680679571162143854,30,29,30,29
1680679571163835523,30,29,30,29
1680679571165522669,30,29,30,29
1680679571167202951,30,29,30,29
1680679571168913691,30,29,30,29
1680679571170595317,30,29,30,29
1680679571172284979,30,29,30,29
1680679571173977676,30,29,30,29
1680679571175657001,30,29,30,29
1680679571177335605,30,29,30,29
1680679571179071908,30,29,30,29
1680679571180727215,30,29,30,29
1680679571182411923,30,29,30,29
1680679571184096327,30,29,30,29
1680679571185843251,30,29,30,29
1680679571187523392,30,29,30,29
1680679571189256237,30,29,30,29
1680679571190945921,30,29,30,29
1680679571192630724,30,29,30,29
1680679571194323805,30,29,30,29
1680679571196076739,30,29,30,29
1680679571197762619,30,29,30,29
1680679571199453870,30,29,30,29
1680679571201146054,30,29,30,29
1680679571202844128,30,29,30,29
1680679571204541722,30,29,30,29
1680679571206236622,30,29,30,29
1680679571207959079,30,29,30,29
1680679571209676999,30,29,30,29
1680679571211354241,30,29,30,29
1680679571213035239,30,29,30,29
1680679571214717299,30,29,30,29
1680679571216437609,30,29,30,29
1680679571218152947,30,29,30,29
1680679571219838580,30,29,30,29
1680679571221523354,30,29,30,29
1680679571223209689,30,29,30,29
1680679571224894408,30,29,30,29
1680679571226577989,30,29,30,29
1680679571228483523,30,29,30,29
1680679571230273650,30,29,30,29
1680679571232021658,30,29,30,29
1680679571233721320,30,29,30,29
1680679571235429289,30,29,30,29
1680679571237182898,30,29,30,29
1680679571238923211,30,29,30,29
1680679571240610172,30,29,30,29
1680679571242295803,30,29,30,29
1680679571243978245,30,29,30,29
1680679571245663648,30,29,30,29
1680679571247345325,30,29,30,29
1680679571249026768,30,29,30,29
1680679571250890756,30,29,30,29
1680679571252576659,30,29,30,29
1680679571254270863,30,29,30,29
1680679571255961207,30,29,30,29
1680679571257651707,30,29,30,29
1680679571259359501,30,29,30,29
1680679571261047933,30,29,30,29
1680679571262735575,30,29,30,29
1680679571264427406,30,29,30,29
1680679571266125130,30,29,30,29
1680679571267815881,30,29,30,29
1680679571269525126,30,29,30,29
1680679571271262872,30,29,30,29
1680679571272951629,30,29,30,29
1680679571274636534,30,29,30,29
1680679571276352801,30,29,30,29
1680679571278042615,30,29,30,29
1680679571279737395,30,29,30,29
1680679571281437588,30,29,30,29
1680679571283124751,30,29,30,29
1680679571284806710,30,29,30,29
1680679571286487070,30,29,30,29
1680679571288170831,30,29,30,29
1680679571289896813,30,29,30,29
1680679571291583319,30,29,30,29
1680679571293265245,30,29,30,29
1680679571294943547,30,29,30,29
1680679571296658992,30,29,30,29
1680679571298355061,30,29,30,29
1680679571300037615,30,29,30,29
1680679571301723943,30,29,30,29
1680679571303407475,30,29,30,29
1680679571305115906,30,29,30,29
1680679571306803854,30,29,30,29
1680679571308491917,30,29,30,29
1680679571310272689,30,29,30,29
1680679571311956245,30,29,30,29
1680679571313646162,30,29,30,29
1680679571315340354,30,30,30,29
1680679571317081057,30,30,30,29
1680679571318784363,30,30,30,29
1680679571320451261,30,30,30,29
1680679571322139790,30,30,30,29
1680679571323804099,30,30,30,29
1680679571325473098,30,30,30,29
1680679571327137761,30,30,30,29
1680679571328807372,30,30,30,29
1680679571330684731,30,30,30,29
1680679571332906169,30,30,30,29
1680679571334617909,30,30,30,29
1680679571336362098,30,30,30,29
1680679571338079721,30,30,30,29
1680679571339783647,30,30,30,29
1680679571341413123,30,30,30,29
1680679571343036918,30,30,30,29
1680679571344672413,30,30,30,29
1680679571346492816,30,30,30,29
1680679571348135651,30,30,30,29
1680679571349814101,30,30,30,29
1680679571351496682,30,30,30,29
1680679571353176455,30,30,30,29
1680679571354855424,30,30,30,29
1680679571356584207,30,30,30,29
1680679571358370021,30,30,30,29
1680679571360057764,30,30,30,29
1680679571361767721,30,30,30,29
1680679571363480349,30,30,30,29
1680679571365190910,30,30,30,29
1680679571366914673,30,30,30,29
1680679571368704945,30,30,30,29
1680679571370451064,30,30,30,29
1680679571372172912,30,30,30,29
1680679571373865029,30,30,30,29
1680679571375555380,30,30,30,29
1680679571377267722,30,30,30,29
1680679571378976634,30,30,30,29
1680679571380664597,30,30,30,29
1680679571382343887,30,30,30,29
1680679571384024913,30,30,30,29
1680679571385710978,30,30,30,29
1680679571387395441,30,30,30,29
1680679571389082802,30,30,30,29
1680679571390815909,30,30,30,29
1680679571392554333,30,30,30,29
1680679571394246786,30,30,30,29
1680679571395939606,30,30,30,29
1680679571397641610,30,30,30,29
1680679571399375335,30,30,30,29
1680679571401055683,30,30,30,29
1680679571402736615,30,30,30,29
1680679571404410006,30,30,30,29
1680679571406091397,30,30,30,29
1680679571407763052,30,30,29,29
1680679571409444046,30,30,29,29
1680679571411104627,30,30,29,29
1680679571412824846,30,30,29,29
1680679571414512313,30,30,29,29
1680679571416265076,30,30,29,29
1680679571417963021,30,30,29,29
1680679571419699576,30,30,29,29
1680679571421385553,30,30,29,29
1680679571423070115,30,30,29,29
1680679571424776009,30,30,29,29
1680679571426472223,30,30,29,29
1680679571428179149,30,30,29,29
1680679571430009842,30,30,29,29
1680679571431812470,30,30,29,29
1680679571433587572,30,30,29,29
1680679571435335387,30,30,29,29
1680679571437022863,30,30,29,29
1680679571438751005,30,30,29,29
1680679571440411983,30,30,29,29
1680679571442086464,30,30,29,29
1680679571443753136,30,30,29,29
1680679571445439411,30,30,29,29
1680679571447129291,30,30,29,29
1680679571448812589,30,30,29,29
1680679571450573508,30,30,29,29
1680679571452255122,30,30,29,29
1680679571454087991,30,30,29,29
1680679571455775540,30,30,29,29
1680679571457484091,30,30,29,29
1680679571459190840,30,30,29,29
1680679571460872217,30,30,29,29
1680679571462553545,30,30,29,29
1680679571464237864,30,30,29,29
1680679571465929787,30,30,29,29
1680679571467615525,30,30,29,29
1680679571469312144,30,30,29,29
1680679571471068098,30,30,29,29
1680679571472730207,30,30,29,29
1680679571474418173,30,30,29,29
1680679571476105967,30,30,29,29
1680679571477849475,30,30,29,29
1680679571479561410,30,30,29,29
1680679571481252017,30,30,29,29
1680679571482942360,30,29,29,29
1680679571484625272,30,29,29,29
1680679571486315992,30,29,29,29
1680679571487989268,30,29,29,29
1680679571489672754,30,29,29,29
1680679571491351556,30,29,29,29
1680679571493045105,30,29,29,29
1680679571494725164,30,29,29,29
1680679571496409821,30,29,29,29
1680679571498141640,30,29,29,29
1680679571499873568,30,29,29,29
1680679571501561093,30,29,29,29
1680679571503237525,30,29,29,29
1680679571504919121,30,29,29,29
1680679571506599076,30,29,29,29
1680679571508291218,30,29,29,29
1680679571510043927,30,29,29,29
1680679571511735032,30,29,29,29
1680679571513477475,30,29,29,29
1680679571515164891,30,29,29,29
1680679571516857738,30,29,29,29
1680679571518540452,30,29,29,29
1680679571520224069,30,29,29,29
1680679571521935165,30,29,29,29
1680679571523617316,30,29,29,29
1680679571525303314,30,29,29,29
1680679571526983680,30,29,29,29
1680679571528669793,30,29,29,29
1680679571530402991,30,29,29,29
1680679571532092770,30,29,29,29
1680679571533901731,30,29,29,29
1680679571535658505,30,29,29,29
1680679571537376960,30,29,29,29
1680679571539082262,30,29,29,29
1680679571540729469,30,29,29,29
1680679571542408953,30,29,29,29
1680679571544088967,30,29,29,29
1680679571545771076,30,29,29,29
1680679571547455667,30,29,29,29
1680679571549141321,30,29,29,29
1680679571550851854,30,29,29,29
1680679571552541885,30,29,29,29
1680679571554275699,30,29,29,29
1680679571556030232,30,29,29,29
1680679571557748634,30,29,29,29
1680679571559459103,30,29,29,29
1680679571561151558,30,29,29,29
1680679571562830429,30,29,29,29
1680679571564513450,30,29,29,29
1680679571566196627,30,29,29,29
1680679571567879165,30,29,29,29
1680679571569563013,30,29,29,29
1680679571571254736,30,29,29,29
1680679571572934047,30,29,29,29
1680679571574681365,30,29,29,29
1680679571576368129,30,29,29,29
1680679571578109481,30,29,29,29
1680679571579816275,30,29,29,29
1680679571581502966,30,29,29,29
1680679571583191118,30,29,29,29
1680679571584875729,30,29,29,29
1680679571586560331,30,29,29,29
1680679571588249655,30,29,29,29
1680679571590001368,30,29,29,29
1680679571591694422,30,29,29,29
1680679571593375266,30,29,29,29
1680679571595109505,30,29,29,29
1680679571596869835,30,29,29,29
1680679571598569514,30,29,29,29
1680679571600265966,30,29,29,29
1680679571602055899,30,29,29,29
1680679571603741242,30,29,29,29
1680679571605424670,30,29,29,29
1680679571607108843,30,29,29,29
1680679571608818867,30,29,29,29
1680679571610534314,30,29,29,29
1680679571612230205,30,29,29,29
1680679571614057648,30,29,29,29
1680679571615759974,30,29,29,29
1680679571617479173,30,29,29,29
1680679571619176222,30,29,29,29
1680679571620854987,30,29,29,29
1680679571622533922,30,29,29,29
1680679571624217086,30,29,29,29
1680679571625907430,30,29,29,29
1680679571627591877,30,29,29,29
1680679571629274168,30,29,29,29
1680679571630979671,30,29,29,29
1680679571632689924,30,29,29,29
1680679571635585129,30,29,29,29
1680679571637417195,30,29,29,29
1680679571639137666,30,29,29,29
1680679571640806363,30,29,29,29
1680679571642454846,30,29,29,29
1680679571644107715,30,29,29,29
1680679571645851420,30,29,29,29
1680679571647501175,30,29,29,29
1680679571649155513,30,29,29,29
1680679571650850322,30,29,29,29
1680679571652537482,30,29,29,29
1680679571654305379,30,29,29,29
1680679571656003506,30,29,29,29
1680679571657747145,30,29,29,29
1680679571659444224,30,29,29,29
1680679571661335203,30,29,29,29
1680679571663020371,30,29,29,29
1680679571664712031,30,29,29,29
1680679571666400943,30,29,29,29
1680679571668091084,30,29,29,29
1680679571669795004,30,29,29,29
1680679571671530850,30,29,29,29
1680679571673221890,30,29,29,29
1680679571674909629,30,29,29,29
1680679571676682373,30,29,29,29
1680679571678371104,30,29,29,29
1680679571680077816,30,29,29,29
1680679571681762636,30,29,29,29
1680679571683446706,30,29,29,29
1680679571685130564,30,29,29,29
1680679571687211199,30,29,29,29
1680679571689058777,30,29,29,29
1680679571690774676,30,29,29,29
1680679571692462254,30,29,29,29
1680679571694161104,30,29,29,29
1680679571696022453,30,29,29,29
1680679571697731285,30,29,29,29
1680679571699428821,30,29,29,29
1680679571701294110,30,29,29,29
1680679571702973364,30,29,29,29
1680679571704655811,30,29,29,29
1680679571706354984,30,29,29,29
1680679571708263434,30,29,29,29
1680679571709965357,30,29,29,29
1680679571711706214,30,29,29,29
1680679571713394199,30,29,29,29
1680679571715196577,30,29,29,29
1680679571716942276,30,29,29,29
1680679571718640105,30,29,29,29
1680679571720373891,30,29,29,29
1680679571722074350,30,29,29,29
1680679571723753215,30,29,29,29
1680679571725434127,30,29,29,29
1680679571727114213,30,29,29,29
1680679571728792067,30,29,29,29
1680679571730501247,30,29,29,29
1680679571732186899,30,29,29,29
1680679571733870964,30,29,29,29
1680679571735583341,30,29,29,29
1680679571737541736,30,29,29,29
1680679571739269104,30,29,29,29
1680679571740954473,30,29,29,29
1680679571742672353,30,29,29,29
1680679571744354086,30,29,29,29
1680679571746041604,30,29,29,29
1680679571747724068,30,29,29,29
1680679571749408165,30,29,29,29
1680679571751144034,30,29,29,29
1680679571752832106,30,29,29,29
1680679571754517822,30,29,29,29
1680679571756215905,30,29,29,29
1680679571757963948,30,29,29,29
1680679571759768679,30,29,29,29
1680679571761458414,30,29,29,29
1680679571763147285,30,29,29,29
1680679571764828019,30,29,29,29
1680679571766519282,30,29,29,29
1680679571768428552,30,29,29,29
1680679571770323534,30,29,29,29
1680679571772209628,30,29,29,29
1680679571774090366,30,29,29,29
1680679571775974058,30,29,29,29
1680679571778019731,30,29,29,29
1680679571779907886,30,29,29,29
1680679571781758011,30,29,29,29
1680679571783645412,30,29,29,29
1680679571785494806,30,29,29,29
1680679571787370246,30,29,29,29
1680679571789241441,30,29,29,29
1680679571791134377,30,29,29,29
1680679571793008167,30,29,29,29
1680679571794882959,30,29,29,29
1680679571797515992,30,29,29,29
1680679571799414918,30,29,29,29
1680679571801303600,30,29,29,29
1680679571803191644,30,29,29,29
1680679571805112402,30,29,29,29
1680679571807017251,30,29,29,29
1680679571808954000,30,29,29,29
1680679571810833579,30,29,29,29
1680679571813427362,30,29,29,29
1680679571815296562,30,29,29,29
1680679571817181892,30,29,29,29
1680679571819081133,30,29,29,29
1680679571820960331,30,29,29,29
1680679571822837163,30,29,29,29
1680679571824728274,30,29,29,29
1680679571826608447,30,29,29,29
1680679571829238557,30,29,29,29
1680679571831755878,30,29,29,29
1680679571834130107,30,29,29,29
1680679571870738833,30,29,30,29
1680679571935855924,30,29,30,29
1680679571972531083,30,29,30,30
1680679571974569542,30,29,30,30
1680679571976473450,30,29,30,30
1680679571978440731,30,29,30,30
1680679571980427292,30,29,30,30
1680679571982168917,30,29,30,30
1680679571983802954,30,29,30,30
1680679571985436256,30,29,30,30
1680679571987072123,30,29,30,30
1680679571988708543,30,29,30,30
1680679571990345138,30,29,30,30
1680679571991999047,30,29,30,30
1680679571993663199,30,29,30,30
1680679571995328532,30,29,30,30
1680679571996995636,30,29,30,30
1680679571998680336,30,29,30,30
1680679572000492737,30,29,30,30
1680679572002161297,30,29,30,30
1680679572003850726,30,29,30,30
1680679572005526177,30,29,30,30
1680679572007212946,30,29,30,30
1680679572008898336,30,29,30,30
1680679572010584991,30,29,30,30
1680679572012328586,30,29,30,30
1680679572014044903,30,29,30,30
1680679572015758465,30,29,30,30
1680679572017459685,30,29,30,30
1680679572019229246,30,29,30,30
1680679572021048017,30,29,30,30
1680679572022752291,30,29,30,30
1680679572024454125,30,29,30,30
1680679572026149670,30,29,30,30
1680679572027843276,30,29,30,30
1680679572029534909,30,29,30,30
1680679572031245721,30,29,30,30
1680679572032934235,30,29,30,30
1680679572034620643,30,29,30,30
1680679572036386169,30,29,30,30
1680679572038111856,30,29,30,30
1680679572039846072,30,29,30,30
1680679572041581876,30,29,30,30
1680679572043259181,30,29,30,30
1680679572044937980,30,29,30,30
1680679572046617352,30,29,30,30
1680679572048299315,30,29,30,30
1680679572050007131,30,29,30,30
1680679572051720261,30,29,30,30
1680679572053410966,30,29,30,30
1680679572055196322,30,29,30,30
1680679572056877611,30,29,30,30
1680679572058643192,30,29,30,30
1680679572060397002,30,29,30,30
1680679572062123391,30,29,30,30
1680679572063810218,30,29,30,30
1680679572065574532,30,29,30,30
1680679572067252820,30,29,30,30
1680679572068932682,30,29,30,30
1680679572070616139,30,29,30,30
1680679572072351314,30,29,30,30
1680679572074037788,30,29,30,30
1680679572075718727,30,29,30,30
1680679572077398381,30,29,30,30
1680679572079128256,30,29,30,30
1680679572080829815,30,29,30,30
1680679572082524720,30,29,30,30
1680679572084215476,30,29,30,30
1680679572085912944,30,29,30,30
1680679572087601138,30,29,30,30
1680679572089289229,30,29,30,30
1680679572090980403,30,29,30,30
1680679572092668166,30,29,30,30
1680679572094358942,30,29,30,30
1680679572096055859,30,29,30,30
1680679572097733708,30,29,30,30
1680679572099415031,30,29,30,30
1680679572101177848,30,29,30,30
1680679572102853567,30,29,30,30
1680679572104545010,30,29,30,30
1680679572106238302,30,29,30,30
1680679572107924324,30,29,30,30
1680679572109639739,30,29,30,30
1680679572111429490,30,29,30,30
1680679572113126773,30,29,30,30
1680679572114810115,30,29,30,30
1680679572116495246,30,29,30,30
1680679572118213553,30,29,30,30
1680679572119905186,30,29,30,30
1680679572121619989,30,29,30,30
1680679572123301417,30,29,30,30
1680679572124992214,30,29,30,30
1680679572126686706,30,29,30,30
1680679572128378600,30,29,30,30
1680679572130077619,30,29,30,30
1680679572131803729,30,29,30,30
1680679572133494765,30,29,30,30
1680679572135182470,30,29,30,30
1680679572137147904,30,29,30,30
1680679572138927896,30,29,30,30
1680679572140865872,30,29,30,30
1680679572142540967,30,29,30,30
1680679572144217007,30,29,30,30
1680679572145898765,30,29,30,30
1680679572147586264,30,29,30,30
1680679572149284912,30,29,30,30
1680679572150978166,30,29,30,30
1680679572152696139,30,30,30,30
1680679572154410046,30,30,30,30
1680679572156098245,30,30,30,30
1680679572157813613,30,30,30,30
1680679572159506860,30,30,30,30
1680679572161287260,30,30,30,30
1680679572162977437,30,30,30,30
1680679572164709537,30,30,30,30
1680679572166476245,30,30,30,30
1680679572168178054,30,30,30,30
1680679572169878770,30,30,30,30
1680679572171593585,30,30,30,30
1680679572173277144,30,30,30,30
1680679572174959048,30,30,30,30
1680679572176640865,30,30,30,30
1680679572178453645,30,30,30,30
1680679572180145844,30,30,30,30
1680679572181906687,30,30,30,30
1680679572183596999,30,30,30,30
1680679572185276827,30,30,30,30
1680679572186959920,30,30,30,30
1680679572188644917,30,30,30,30
1680679572190333126,30,30,30,30
1680679572192041122,30,30,30,30
1680679572193724717,30,30,30,30
1680679572195406966,30,30,30,30
1680679572197094796,30,30,30,30
1680679572198797717,30,30,30,30
1680679572200488348,30,30,30,30
1680679572202225048,30,30,30,30
1680679572203915370,30,30,30,30
1680679572205598831,30,30,30,30
1680679572207275008,30,30,30,30
1680679572208955336,30,30,30,30
1680679572210642899,30,30,30,30
1680679572212347427,30,30,30,30
1680679572214083076,30,30,30,30
1680679572215766815,30,30,30,30
1680679572217449840,30,30,30,30
1680679572219152157,30,30,30,30
1680679572220925513,30,30,30,30
1680679572222605655,30,30,30,30
1680679572224288763,30,30,30,30
1680679572225974274,30,30,30,30
1680679572227662529,30,30,30,30
1680679572229344648,30,30,30,30
1680679572231026629,30,30,30,30
1680679572232780692,30,30,30,30
1680679572234493477,30,30,30,30
1680679572236202884,30,30,30,30
1680679572237922619,30,30,30,30
1680679572239649972,30,30,30,30
1680679572241455424,30,30,30,30
1680679572243153680,30,30,35,30
1680679572244839301,30,30,35,30
1680679572246526748,30,30,35,30
1680679572248207475,30,30,35,30
1680679572249902279,30,30,35,30
1680679572251626488,30,30,35,30
1680679572253319838,30,30,35,30
1680679572255005847,30,30,35,30
1680679572256685144,30,30,35,30
1680679572258397534,30,30,35,30
1680679572260075814,30,30,35,30
1680679572261888783,30,30,35,30
1680679572263576898,30,30,35,30
1680679572265258294,30,30,35,30
1680679572266934095,30,30,35,30
1680679572268622102,30,30,35,30
1680679572270317596,30,30,35,30
1680679572272021925,30,30,35,30
1680679572273707725,30,30,35,30
1680679572275396200,30,30,35,30
1680679572277080836,30,30,35,30
1680679572278817921,30,30,35,30
1680679572280514205,30,30,35,30
1680679572282223896,30,30,35,30
1680679572283908938,30,30,35,30
1680679572285598409,30,30,35,30
1680679572287277142,30,30,35,30
1680679572288955082,30,30,35,30
1680679572290637970,30,30,35,30
1680679572292381417,30,30,35,30
1680679572294088321,30,30,35,30
1680679572295769287,30,30,35,30
1680679572297452495,30,30,35,30
1680679572299191895,30,30,35,30
1680679572300900224,30,30,35,30
1680679572302586975,30,30,35,30
1680679572304277719,30,30,35,30
1680679572305971866,30,30,35,30
1680679572307660966,30,30,35,30
1680679572309351005,30,30,35,30
1680679572311033904,30,30,35,30
1680679572312778427,30,30,35,30
1680679572314467894,30,30,35,30
1680679572316160110,30,30,35,30
1680679572317854945,30,30,35,30
1680679572319560069,30,29,35,30
1680679572321371611,30,29,35,30
1680679572323051885,30,29,35,30
1680679572324727267,30,29,35,30
1680679572326416239,30,29,35,30
1680679572328107086,30,29,35,30
1680679572329790949,30,29,35,30
1680679572331476369,30,29,35,30
1680679572333181260,30,29,35,30
1680679572334854411,30,29,35,30
1680679572336522773,30,29,35,30
1680679572338203803,30,29,35,30
1680679572339920098,30,29,35,30
1680679572341668704,30,29,35,30
1680679572343337575,30,29,35,30
1680679572344998675,30,29,35,30
1680679572346888469,30,29,35,30
1680679572348600034,30,29,35,30
1680679572350324635,30,29,35,30
1680679572352047991,30,29,35,30
1680679572353759186,30,29,35,30
1680679572355474332,30,29,35,30
1680679572357184291,30,29,35,30
1680679572359051177,30,29,35,30
1680679572360727074,30,29,35,30
1680679572362431865,30,29,35,30
1680679572364129556,30,29,35,30
1680679572365821774,30,29,35,30
1680679572367503385,30,29,35,30
1680679572369184884,30,29,35,30
1680679572370864941,30,29,35,30
1680679572372594309,30,29,35,30
1680679572374281086,30,29,35,30
1680679572375962550,30,29,35,30
1680679572377649138,30,29,35,30
1680679572379350915,30,29,35,30
1680679572381107692,30,29,35,30
1680679572382791414,30,29,35,30
1680679572384475500,30,29,35,30
1680679572386169057,30,29,35,30
1680679572387857969,30,29,35,30
1680679572389545505,30,29,35,30
1680679572391227816,30,29,35,30
1680679572392962679,30,29,35,30
1680679572394655451,30,29,35,30
1680679572396419439,30,29,35,30
1680679572398109404,30,29,35,30
1680679572399810213,30,29,35,30
1680679572401525748,30,29,35,30
1680679572403208636,30,29,35,30
1680679572404891195,30,29,35,30
1680679572406572072,30,29,35,30
1680679572408271977,30,29,35,30
1680679572410047064,30,29,35,30
1680679572411736544,30,29,30,30
1680679572413422260,30,29,30,30
1680679572415102734,30,29,30,30
1680679572416828480,30,29,30,30
1680679572418521274,30,29,30,30
1680679572420250183,30,29,30,30
1680679572422013598,30,29,30,30
1680679572423720150,30,29,30,30
1680679572425491140,30,29,30,30
1680679572427176635,30,29,30,30
1680679572428869840,30,29,30,30
1680679572430555643,30,29,30,30
1680679572432294277,30,29,30,30
1680679572434002319,30,29,30,30
1680679572435693199,30,29,30,30
1680679572437376130,30,29,30,30
1680679572439200289,30,29,30,30
1680679572440978496,30,29,30,30
1680679572442689477,30,29,30,30
1680679572444376077,30,29,30,30
1680679572446065308,30,29,30,30
1680679572447744717,30,29,30,30
1680679572449424493,30,29,30,30
1680679572451105516,30,29,30,30
1680679572452846442,30,29,30,30
1680679572454525375,30,29,30,30
1680679572456210340,30,29,30,30
1680679572457903075,30,29,30,30
1680679572459649553,30,29,30,30
1680679572461407887,30,29,30,30
1680679572463179278,30,29,30,30
1680679572464863364,30,29,30,30
1680679572466546021,30,29,30,30
1680679572468233128,30,29,30,30
1680679572469927872,30,29,30,30
1680679572471692955,30,29,30,30
1680679572473408061,30,29,30,30
1680679572475103848,30,29,30,30
1680679572476797121,30,29,30,30
1680679572478477811,30,29,30,30
1680679572480172762,30,29,30,30
1680679572481931025,30,29,30,30
1680679572483628374,30,29,30,30
1680679572485312519,30,29,30,30
1680679572486993359,30,28,30,30
1680679572488679745,30,28,30,30
1680679572490378138,30,28,30,30
1680679572492131385,30,28,30,30
1680679572493821010,30,28,30,30
1680679572495506489,30,28,30,30
1680679572497184876,30,28,30,30
1680679572498877419,30,28,30,30
1680679572500575921,30,28,30,30
1680679572502345810,30,28,30,30
1680679572504028837,30,28,30,30
1680679572505707568,30,28,30,30
1680679572507389732,30,28,30,30
1680679572509083209,30,28,30,30
1680679572510786324,30,28,30,30
1680679572512495457,30,28,30,30
1680679572514168069,30,28,30,30
1680679572515841462,30,28,30,30
1680679572517503654,30,28,30,30
1680679572519251885,30,28,30,30
1680679572520925958,30,28,30,30
1680679572522671863,30,28,30,30
1680679572524384898,30,28,30,30
1680679572526105684,30,28,30,30
1680679572527821520,30,28,30,30
1680679572529529489,30,28,30,30
1680679572531240206,30,28,30,30
1680679572533012728,30,28,30,30
1680679572534696138,30,28,30,30
1680679572536394424,30,28,30,30
1680679572538113616,30,28,30,30
1680679572539826444,30,28,30,30
1680679572541671698,30,28,30,30
1680679572543373389,30,28,30,30
1680679572545059618,30,28,30,30
1680679572546745103,30,28,30,30
1680679572548430432,30,28,30,30
1680679572550133632,30,28,30,30
1680679572551819779,30,28,30,30
1680679572553605207,30,28,30,30
1680679572555290966,30,28,30,30
1680679572556973979,30,28,30,30
1680679572558656229,30,28,30,30
1680679572560483031,30,28,30,30
1680679572562237145,30,28,30,30
1680679572563929731,30,28,30,30
1680679572565618340,30,28,30,30
1680679572567301166,30,28,30,30
1680679572568987803,30,28,30,30
1680679572570674296,30,28,30,30
1680679572572394122,30,28,30,30
1680679572574085676,30,28,30,30
1680679572575791209,30,28,30,30
1680679572577538830,30,28,30,30
1680679572579387004,30,28,30,30
1680679572581077228,30,28,30,30
1680679572582831459,30,28,30,30
1680679572584515890,30,28,30,30
1680679572586268061,30,28,30,30
1680679572587959965,30,28,30,30
1680679572589644150,30,28,30,30
1680679572591352001,30,28,30,30
1680679572593094022,30,28,30,30
1680679572594771547,30,28,30,30
1680679572596438928,30,28,30,30
1680679572598118173,30,28,30,30
1680679572599916621,30,28,30,30
1680679572601602825,30,28,30,30
1680679572603265655,30,28,30,30
1680679572604936823,30,28,30,30
1680679572606636701,30,28,30,30
1680679572608341792,30,28,30,30
1680679572610051167,30,28,30,30
1680679572611758923,30,28,30,30
1680679572613487812,30,28,30,30
1680679572615196330,30,28,30,30
1680679572616888856,30,28,30,30
1680679572618569653,30,28,30,30
1680679572620280911,30,28,30,30
1680679572622034031,30,28,30,30
1680679572623760151,30,28,30,30
1680679572625443451,30,28,30,30
1680679572627126054,30,28,30,30
1680679572628812773,30,28,30,30
1680679572630494496,30,28,30,30
1680679572632182195,30,28,30,30
1680679572633863755,30,28,30,30
1680679572635554798,30,28,30,30
1680679572637249892,30,28,30,30
1680679572638932214,30,28,30,30
1680679572640656517,30,28,30,30
1680679572642436506,30,28,30,30
1680679572644124977,30,28,30,30
1680679572645815009,30,28,30,30
1680679572647501306,30,28,30,30
1680679572649194802,30,28,30,30
1680679572650875519,30,28,30,30
1680679572652576157,30,28,30,30
1680679572654273371,30,30,30,30
1680679572655959818,30,30,30,30
1680679572657640531,30,30,30,30
1680679572659345924,30,30,30,30
1680679572661188828,30,30,30,30
1680679572662948314,30,30,30,30
1680679572664636364,30,30,30,30
1680679572666322024,30,30,30,30
1680679572668006333,30,30,30,30
1680679572669686301,30,30,30,30
1680679572671366546,30,30,30,30
1680679572673059715,30,30,30,30
1680679572674739469,30,30,30,30
1680679572676424538,30,30,30,30
1680679572678122361,30,30,30,30
1680679572679834258,30,30,30,30
1680679572681541339,30,30,30,30
1680679572683265639,30,30,30,30
1680679572684955423,30,30,30,30
1680679572686639322,30,30,30,30
1680679572688323885,30,30,30,30
1680679572690024733,30,30,30,30
1680679572691715759,30,30,30,30
1680679572693428265,30,30,30,30
1680679572695105748,30,30,30,30
1680679572696780388,30,30,30,30
1680679572698455146,30,30,30,30
1680679572700192238,30,30,30,30
1680679572701963604,30,30,30,30
1680679572703646290,30,30,30,30
1680679572705358304,30,30,30,30
1680679572707037632,30,30,30,30
1680679572708726987,30,30,30,30
1680679572710418724,30,30,30,30
1680679572712107955,30,30,30,30
1680679572713852040,30,30,30,30
1680679572715539709,30,30,30,30
1680679572717219757,30,30,30,30
1680679572718910936,30,30,30,30
1680679572720639982,30,30,30,30
1680679572722411009,30,30,30,30
1680679572724078128,30,30,30,30
1680679572725748430,30,30,30,30
1680679572727417413,30,30,30,30
1680679572729082447,30,30,30,30
1680679572730767095,30,30,30,30
1680679572732449152,30,30,30,30
1680679572734140032,30,30,30,30
1680679572735824778,30,30,30,30
1680679572737510866,30,30,30,30
1680679572739198932,30,30,30,30
1680679572740932382,30,30,30,30
1680679572742750867,30,30,30,30
1680679572744466880,30,30,30,30
1680679572746248481,30,30,30,30
1680679572747958884,30,30,30,30
1680679572749685277,30,30,30,30
1680679572751392388,30,30,30,30
1680679572753046199,30,30,30,30
1680679572754684099,30,30,30,30
1680679572756337225,30,30,30,30
1680679572757995144,30,30,30,30
1680679572759715975,30,30,30,30
1680679572761362088,30,30,30,30
1680679572763116885,30,30,30,30
1680679572764801168,30,30,30,30
1680679572766475885,30,30,30,30
1680679572768162646,30,30,30,30
1680679572769854532,30,30,30,30
1680679572771532626,30,30,30,30
1680679572773249745,30,30,30,30
1680679572774957030,30,30,30,30
1680679572776670736,30,30,30,30
1680679572778385830,30,30,30,30
1680679572780151277,30,30,30,30
1680679572782095468,30,30,30,30
1680679572783797178,30,30,30,30
1680679572785461262,30,30,30,30
1680679572787119680,30,30,30,30
1680679572788781776,30,30,30,30
1680679572790452409,30,30,30,30
1680679572792120604,30,30,30,30
1680679572793869353,30,30,30,30
1680679572795570795,30,30,30,30
1680679572797278861,30,30,30,30
1680679572798989889,30,30,30,30
1680679572800719995,30,30,30,30
1680679572802479869,30,30,30,30
1680679572804199917,30,30,30,30
1680679572805885033,30,30,30,30
1680679572807562894,30,30,30,30
1680679572809246847,30,30,30,30
1680679572810963248,30,30,30,30
1680679572812645653,30,30,30,30
1680679572814327802,30,30,30,30
1680679572816015035,30,30,30,30
1680679572817702073,30,30,30,30
1680679572819383415,30,30,30,30
1680679572821072869,30,30,30,30
1680679572822832201,30,30,30,30
1680679572824521926,30,30,30,30
1680679572826222369,30,30,30,30
1680679572827907175,30,30,30,30
1680679572829593274,30,30,30,30
1680679572831272572,30,30,30,30
1680679572832990468,30,30,30,30
1680679572834667280,30,30,30,30
1680679572836339175,30,30,30,30
1680679572838012858,30,30,30,30
1680679572839692291,30,30,30,30
1680679572841358058,30,30,30,30
1680679572843120477,30,30,30,30
1680679572844781924,30,30,30,30
1680679572846462293,30,30,30,30
1680679572848171986,30,30,30,30
1680679572849881361,30,30,30,30
1680679572851585205,30,30,30,30
1680679572853329476,30,30,30,30
1680679572855038369,30,30,30,30
1680679572856743028,30,30,30,30
1680679572858424683,30,30,30,30
1680679572860187378,30,30,30,30
1680679572861900537,30,30,30,30
1680679572863604132,30,30,30,30
1680679572865288546,30,30,30,30
1680679572866967712,30,30,30,30
1680679572868651659,30,30,30,30
1680679572870338231,30,30,30,30
1680679572872020273,30,30,30,30
1680679572873720693,30,30,30,30
1680679572875406824,30,30,30,30
1680679572877091521,30,30,30,30
1680679572878764835,30,30,30,30
1680679572880468199,30,30,30,30
1680679572882179149,30,30,30,30
1680679572883883510,30,30,30,30
1680679572885568009,30,30,30,30
1680679572887247498,30,30,30,30
1680679572888929772,30,30,30,30
1680679572890607663,30,30,30,30
1680679572892291805,30,30,30,30
1680679572894011183,30,30,30,30
1680679572895698363,30,30,30,30
1680679572897384228,30,30,30,30
1680679572899065385,30,30,30,30
1680679572900795745,30,30,30,30
1680679572902496760,30,30,30,30
1680679572904188817,30,30,30,30
1680679572905879953,30,30,30,30
1680679572907574670,30,30,30,30
1680679572909262149,30,30,30,30
1680679572910946723,30,30,30,30
1680679572912627760,30,30,30,30
1680679572914338740,30,30,30,30
1680679572916024698,30,30,30,30
1680679572917704897,30,30,30,30
1680679572919386069,30,30,30,30
1680679572921133631,30,30,30,30
1680679572922962134,30,30,30,30
1680679572924650195,30,30,30,30
1680679572926336163,30,30,30,30
1680679572928024352,30,30,30,30
1680679572929712837,30,30,30,30
1680679572931394433,30,30,30,30
1680679572933175763,30,30,30,30
1680679572934914660,30,30,30,30
1680679572936600889,30,30,30,30
1680679572938305643,30,30,30,30
1680679572940062974,30,30,30,30
1680679572941902709,30,30,30,30
1680679572943648972,30,30,30,30
1680679572945329193,30,30,30,30
1680679572947005616,30,30,30,30
1680679572948688933,30,30,30,30
1680679572950378159,30,30,30,30
1680679572952062144,30,30,30,30
1680679572953823268,30,30,30,30
1680679572955507932,30,30,30,30
1680679572957209246,30,30,30,30
1680679572958890205,30,30,30,30
1680679572960564336,30,30,30,30
1680679572962265065,30,30,30,30
1680679572963930712,30,30,30,30
1680679572965591067,30,30,30,30
1680679572967254059,30,30,30,30
1680679572968925402,30,30,30,30
1680679572970632042,30,30,30,30
1680679572972337463,30,30,30,30
1680679572974132567,30,30,30,30
1680679572975842129,30,30,30,30
1680679572977548010,30,30,30,30
1680679572979259678,30,30,30,30
1680679572981023746,30,30,30,30
1680679572982784080,30,30,30,30
1680679572984494670,30,30,30,30
1680679572986196426,30,30,30,30
1680679572987907591,30,30,30,30
1680679572989618994,30,30,30,30
1680679572991326924,30,30,30,30
1680679572993007653,30,30,30,30
1680679572994688499,30,30,30,30
1680679572996365310,30,30,30,30
1680679572998064556,30,30,30,30
1680679572999746201,30,30,30,30
1680679573001519516,30,30,30,30
1680679573003748628,30,30,30,30
1680679573005677440,30,30,30,30
1680679573007358903,30,30,30,30
1680679573009045137,30,30,30,30
1680679573010872752,30,30,30,30
1680679573012547388,30,30,30,30
1680679573014275052,30,30,30,30
1680679573015945169,30,30,30,30
1680679573017818575,30,30,30,30
1680679573019497692,30,30,30,30
1680679573021287801,30,30,30,30
1680679573023047620,30,30,30,30
1680679573024895050,30,30,30,30
1680679573026609829,30,30,30,30
1680679573028317931,30,30,30,30
1680679573030024277,30,30,30,30
1680679573031731518,30,30,30,30
1680679573033622370,30,30,30,30
1680679573035347417,30,30,30,30
1680679573037052073,30,30,30,30
1680679573038833198,30,30,30,30
1680679573040618124,30,30,30,30
1680679573042390860,30,30,30,30
1680679573044076273,30,30,30,30
1680679573045745724,30,30,30,30
1680679573047414241,30,30,30,30
1680679573049084630,30,30,30,30
1680679573050757617,30,30,30,30
1680679573052502064,30,30,30,30
1680679573054226411,30,30,30,30
1680679573055907862,30,30,30,30
1680679573057588388,30,30,30,30
1680679573059270381,30,30,30,30
1680679573060990022,30,30,30,30
1680679573062791039,30,30,30,30
1680679573064477368,30,30,30,30
1680679573066171547,30,30,30,30
1680679573067860259,30,30,30,30
1680679573069545448,30,30,30,30
1680679573071231852,30,30,30,30
1680679573072913364,30,30,30,30
1680679573074656539,30,30,30,30
1680679573076343453,30,30,30,30
1680679573078066815,30,30,30,30
1680679573079761157,30,30,30,30
1680679573081468054,30,30,30,30
1680679573083370129,30,30,30,30
1680679573085250596,30,30,30,30
1680679573087096744,30,30,30,30
1680679573088965915,30,30,30,30
1680679573090840140,30,30,30,30
1680679573092709038,30,30,30,30
1680679573094584833,30,30,30,30
1680679573096441890,30,30,30,30
1680679573098355487,30,30,30,30
1680679573100281748,30,30,30,30
1680679573102171598,30,30,30,30
1680679573104075013,30,30,30,30
1680679573105994446,30,30,30,30
1680679573107881222,30,30,30,30
1680679573109756356,30,30,30,30
1680679573111702677,30,30,30,30
1680679573114345569,30,30,30,30
1680679573116220778,30,30,30,30
1680679573118128161,30,30,30,30
1680679573120062923,30,30,30,30
1680679573121946752,30,30,30,30
1680679573123943346,30,30,30,30
1680679573125863671,30,30,30,30
1680679573127763512,30,30,30,30
1680679573130346668,30,30,30,30
1680679573132228156,30,30,30,30
1680679573134112797,30,30,30,30
1680679573135996325,30,30,30,30
1680679573137859609,30,30,30,30
1680679573139729067,30,30,30,30
1680679573141625481,30,30,30,30
1680679573143616420,30,30,30,30
1680679573146194763,30,30,30,30
1680679573148693516,30,30,30,30
1680679573150992071,30,30,30,30
1680679573186524474,30,30,30,30
1680679573254723736,30,30,30,30
1680679573288756434,30,30,30,30
1680679573290781270,30,30,30,30
1680679573292694341,30,30,30,30
1680679573294626008,30,30,30,30
1680679573296541866,30,30,30,30
1680679573298412696,30,30,30,30
1680679573300053360,30,30,30,30
1680679573301708192,30,30,30,30
1680679573303382472,30,30,30,30
1680679573305016058,30,30,30,30
1680679573306649985,30,30,30,30
1680679573308288506,30,30,30,30
1680679573309969193,30,30,30,30
1680679573311654687,30,30,30,30
1680679573313339819,30,30,30,30
1680679573315070627,30,30,30,30
1680679573316726644,30,30,30,30
1680679573318414953,30,30,30,30
1680679573320109114,30,30,30,30
1680679573321848937,30,30,30,30
1680679573323578504,30,30,30,30
1680679573325259091,30,30,30,30
1680679573326938858,30,30,30,30
1680679573328614048,30,30,30,30
1680679573330319665,30,30,30,30
1680679573331998294,30,30,30,30
1680679573333677286,30,30,30,30
1680679573335427968,30,30,30,30
1680679573337107697,30,30,30,30
1680679573338790539,30,30,30,30
1680679573340530115,30,30,30,30
1680679573342306874,30,30,30,30
1680679573344080688,30,30,30,30
1680679573345766934,30,30,30,30
1680679573347523971,30,30,30,30
1680679573349208394,30,30,30,30
1680679573350890855,30,30,30,30
1680679573352544668,30,30,30,30
1680679573354219877,30,30,30,30
1680679573355874491,30,30,30,30
1680679573357520648,30,30,30,30
1680679573359165386,30,30,30,30
1680679573360814648,30,30,30,30
1680679573362518098,30,30,30,30
1680679573364391804,30,30,30,30
1680679573366109817,30,30,30,30
1680679573367821716,30,30,30,30
1680679573369562183,30,30,30,30
1680679573371270930,30,30,30,30
1680679573372967391,30,30,30,30
1680679573374665208,30,30,30,30
1680679573376355399,30,30,30,30
1680679573378048157,30,30,30,30
1680679573379731781,30,30,30,30
1680679573381442968,30,30,30,30
1680679573383140887,30,30,30,30
1680679573384910073,30,30,30,30
1680679573386593084,30,30,30,30
1680679573388278375,30,30,30,30
1680679573389965756,30,30,30,30
1680679573391655915,30,30,30,30
1680679573393344369,30,30,30,30
1680679573395080338,30,30,30,30
1680679573396743230,30,30,30,30
1680679573398431730,30,30,30,30
1680679573400113567,30,30,30,30
1680679573401820485,30,30,30,30
1680679573403625258,30,30,30,30
1680679573405314357,30,30,30,30
1680679573407000148,30,30,30,30
1680679573408685914,30,30,30,30
1680679573410382466,30,30,30,30
1680679573412081142,30,30,30,30
1680679573413780337,30,30,30,30
1680679573415487896,30,30,30,30
1680679573417172385,30,30,30,30
1680679573418851462,30,30,30,30
1680679573420532613,30,30,30,30
1680679573422285788,30,30,30,30
1680679573423988638,30,30,30,30
1680679573425679489,30,30,30,30
1680679573427365079,30,30,30,30
1680679573429054241,30,30,30,30
1680679573430748020,30,30,30,30
1680679573432449592,30,30,30,30
1680679573434159071,30,30,30,30
1680679573435849634,30,30,30,30
1680679573437533215,30,30,30,30
1680679573439218195,30,30,30,30
1680679573440901570,30,30,30,30
1680679573442607319,30,30,30,30
1680679573444338828,30,30,30,30
1680679573446154957,30,30,30,30
1680679573447842946,30,30,30,30
1680679573449530906,30,30,30,30
1680679573451211603,30,30,30,30
1680679573452897945,30,30,30,30
1680679573454593284,30,30,30,30
1680679573456281981,30,30,30,30
1680679573457977689,30,30,30,30
1680679573459667435,30,30,30,30
1680679573461441296,30,30,30,30
1680679573463132907,30,30,30,30
1680679573464924642,30,30,30,30
1680679573466610698,30,30,30,30
1680679573468287347,30,30,30,30
1680679573469982127,30,30,30,30
1680679573471674378,30,30,30,30
1680679573473359812,30,30,30,30
1680679573475112721,30,30,30,30
1680679573476804035,30,30,30,30
1680679573478485281,30,30,30,30
1680679573480169603,30,30,30,30
1680679573481884871,30,30,30,30
1680679573483587948,30,30,30,30
1680679573485369129,30,30,30,30
1680679573487042348,30,30,30,30
1680679573488727411,30,30,30,30
1680679573490408690,30,30,30,30
1680679573492097797,30,30,30,30
1680679573493790791,30,30,30,30
1680679573495498422,30,30,30,30
1680679573497181410,30,30,30,30
1680679573498858524,30,30,30,30
1680679573500542999,30,30,30,30
1680679573502288130,30,30,30,30
1680679573504117890,30,30,30,30
1680679573505812146,30,30,30,30
1680679573507494541,30,30,30,30
1680679573509177484,30,30,30,30
1680679573510866824,30,30,30,30
1680679573512568153,30,30,30,30
1680679573514280187,30,30,30,30
1680679573515983704,30,30,30,30
1680679573517749298,30,30,30,30
1680679573519437986,30,30,30,30
1680679573521117029,30,30,30,30
1680679573522796643,30,30,30,30
1680679573524595732,30,30,30,30
1680679573526285863,30,30,30,30
1680679573527986315,30,30,30,30
1680679573529665957,30,30,30,30
1680679573531349603,30,30,30,30
1680679573533034556,30,30,30,30
1680679573534749777,30,30,30,30
1680679573536443428,30,30,30,30
1680679573538129178,30,30,30,30
1680679573539820008,30,30,30,30
1680679573541622448,30,30,30,30
1680679573543391638,30,30,30,30
1680679573545144558,30,30,30,30
1680679573546820195,30,30,30,30
1680679573548471704,30,30,30,30
1680679573550149306,30,30,30,30
1680679573551796390,30,30,30,30
1680679573553448455,30,30,30,30
1680679573555147835,30,30,30,30
1680679573556797708,30,30,30,30
1680679573558513374,30,30,30,30
1680679573560238136,30,30,30,30
1680679573562035773,30,30,30,30
1680679573563948367,30,30,30,30
1680679573565656374,30,30,30,30
1680679573567349700,30,30,30,30
1680679573569050606,30,30,30,30
1680679573570730503,30,30,30,30
1680679573572417534,30,30,30,30
1680679573574122536,30,30,30,30
1680679573575908665,30,30,30,30
1680679573577605125,30,30,30,30
1680679573579287772,30,30,30,30
1680679573580974783,30,30,30,30
1680679573582684363,30,30,30,30
1680679573584471348,30,30,30,30
1680679573586198440,30,30,30,30
1680679573587891856,30,30,30,30
1680679573589572470,30,30,30,30
1680679573591256885,30,30,30,30
1680679573592937675,30,30,30,30
1680679573594649225,30,30,30,30
1680679573596332730,30,30,30,30
1680679573598024110,30,30,30,30
1680679573599708921,30,30,30,30
1680679573601391323,30,30,30,30
1680679573603075317,30,30,30,30
1680679573604802275,30,30,30,30
1680679573606494838,30,30,30,30
1680679573608176109,30,30,30,30
1680679573609857311,30,30,30,30
1680679573611541788,30,30,30,30
1680679573613229888,30,30,30,30
1680679573614935751,30,30,30,30
1680679573616625496,30,30,30,30
1680679573618327796,30,30,30,30
1680679573620094653,30,30,30,30
1680679573621811027,30,30,30,30
1680679573623505808,30,30,30,30
1680679573625247141,30,30,30,30
1680679573626927151,30,30,30,30
1680679573628623713,30,30,30,30
1680679573630390276,30,30,30,30
1680679573632079976,30,30,30,30
1680679573633765357,30,30,30,30
1680679573635507058,30,30,30,30
1680679573637189181,30,30,30,30
1680679573638868053,30,30,30,30
1680679573640582240,30,30,30,30
1680679573642305816,30,30,30,30
1680679573644188922,30,30,30,30
1680679573645877589,30,30,30,30
1680679573647567609,30,30,30,30
1680679573649259837,30,30,30,30
1680679573650940754,30,30,30,30
1680679573652620792,30,30,30,30
1680679573654389329,30,30,30,30
1680679573656063296,30,30,30,30
1680679573657732338,30,30,30,30
1680679573659397809,30,30,30,30
1680679573661254113,30,30,30,30
1680679573663013052,30,30,30,30
1680679573664727010,30,30,30,30
1680679573666430797,30,30,30,30
1680679573668141286,30,30,30,30
1680679573669861011,30,30,30,30
1680679573671569646,30,30,30,30
1680679573673231142,30,30,30,30
1680679573674955507,30,30,30,30
1680679573676624043,30,30,30,30
1680679573678306277,30,30,30,30
1680679573679985517,30,30,30,30
1680679573681654225,30,30,30,30
1680679573683364378,30,30,30,30
1680679573685188743,30,30,30,30
1680679573686900115,30,30,30,30
1680679573688616488,30,30,30,30
1680679573690330613,30,30,30,30
1680679573692038124,30,30,30,30
1680679573693725572,30,30,30,30
1680679573695503218,30,30,30,30
1680679573697181320,30,30,30,30
1680679573698866783,30,30,30,30
1680679573700548746,30,30,30,30
1680679573702261758,30,30,30,30
1680679573704004986,30,30,30,30
1680679573705697782,30,30,30,30
1680679573707376232,30,30,30,30
1680679573709057796,30,30,30,30
1680679573710741131,30,30,30,30
1680679573712426325,30,30,30,30
1680679573714116139,30,30,30,30
1680679573715818219,30,30,30,30
1680679573717498159,30,30,30,30
1680679573719179310,30,30,30,30
1680679573720866330,30,30,30,30
1680679573722576029,30,30,30,30
1680679573724358704,30,30,30,30
1680679573726095409,30,30,30,30
1680679573727828231,30,30,30,30
1680679573729565359,30,30,30,30
1680679573731291334,30,30,30,30
1680679573733024854,30,30,30,30
1680679573734689402,30,30,30,30
1680679573736362387,30,30,30,30
1680679573738027197,30,30,30,30
1680679573739695117,30,30,30,30
1680679573741355737,30,30,30,30
1680679573743050027,30,30,30,30
1680679573744855115,30,30,30,30
1680679573746565326,30,30,30,30
1680679573748320823,30,30,30,30
1680679573750029132,30,30,30,30
1680679573751728958,30,30,30,30
1680679573753444553,30,30,30,30
1680679573755236983,30,30,30,30
1680679573756927750,30,30,30,30
1680679573758622339,30,30,30,30
1680679573760369956,30,30,30,30
1680679573762119640,30,30,30,30
1680679573763812653,30,30,30,30
1680679573765541382,30,30,30,30
1680679573767231698,30,30,30,30
1680679573768906061,30,30,30,30
1680679573770596813,30,30,30,30
1680679573772278296,30,30,30,30
1680679573773981965,30,30,30,30
1680679573775783950,30,30,30,30
1680679573777465570,30,30,30,30
1680679573779147449,30,30,30,30
1680679573780831484,30,30,30,30
1680679573782545386,30,30,30,30
1680679573784352199,30,30,30,30
1680679573786043972,30,30,30,30
1680679573787737457,30,30,30,30
1680679573789429969,30,30,30,30
1680679573791117281,30,30,30,30
1680679573792819320,30,30,30,30
1680679573794507037,30,30,30,30
1680679573796247943,30,30,30,30
1680679573797940037,30,30,30,30
1680679573799623731,30,30,30,30
1680679573801306191,30,30,30,30
1680679573803073127,30,30,30,30
1680679573804812903,30,30,30,30
1680679573806504479,30,30,30,30
1680679573808186764,30,30,30,30
1680679573809871785,30,30,30,30
1680679573811550802,30,30,30,30
1680679573813229347,30,30,30,30
1680679573815057135,30,30,30,30
1680679573816726004,30,30,30,30
1680679573818408218,30,30,30,30
1680679573820091407,30,30,30,30
1680679573821782447,30,30,30,30
1680679573823488264,30,30,30,30
1680679573825212047,30,30,30,30
1680679573826903785,30,30,30,30
1680679573828568732,30,30,30,30
1680679573830239309,30,30,30,30
1680679573831903253,30,30,30,30
1680679573833566371,30,30,30,30
1680679573835311151,30,30,30,30
1680679573837010171,30,30,30,30
1680679573838711447,30,30,30,30
1680679573840424796,30,30,30,30
1680679573842149439,30,30,30,30
1680679573843949847,30,30,30,30
1680679573845722616,30,30,30,30
1680679573847435094,30,30,30,30
1680679573849134337,30,30,30,30
1680679573850813836,30,30,30,30
1680679573852537321,30,30,30,30
1680679573854236727,30,30,30,30
1680679573855958185,30,30,30,30
1680679573857647490,30,30,30,30
1680679573859328121,30,30,30,30
1680679573861011141,30,30,30,30
1680679573862733936,30,30,30,30
1680679573864436720,30,30,30,30
1680679573866138491,30,30,30,30
1680679573867822352,30,30,30,30
1680679573869507423,30,30,30,30
1680679573871199800,30,30,30,30
1680679573872888762,30,30,30,30
1680679573874572274,30,30,30,30
1680679573876303328,30,30,30,30
1680679573878052388,30,30,30,30
1680679573879738391,30,30,30,30
1680679573881421888,30,30,30,30
1680679573883122748,30,30,30,30
1680679573884951170,30,30,30,30
1680679573886650719,30,30,30,30
1680679573888343021,30,30,30,30
1680679573890032628,30,30,30,30
1680679573891720105,30,30,30,30
1680679573893403784,30,30,30,30
1680679573895090247,30,30,30,30
1680679573896776006,30,30,30,30
1680679573898463473,30,30,30,30
1680679573900157124,30,30,30,30
1680679573901850935,30,30,30,30
1680679573903602146,30,30,30,30
1680679573905455193,30,30,30,30
1680679573907138656,30,30,30,30
1680679573908820143,30,30,30,30
1680679573910503000,30,30,30,30
1680679573912194909,30,30,30,30
1680679573913877809,30,30,30,30
1680679573915594475,30,30,30,30
1680679573917276074,30,30,30,30
1680679573918955068,30,30,30,30
1680679573920630260,30,30,30,30
1680679573922337967,30,30,30,30
1680679573924022264,30,30,30,30
1680679573925817582,30,30,30,30
1680679573927505116,30,30,30,30
1680679573929188222,30,30,30,30
1680679573930863776,30,30,30,30
1680679573932532831,30,30,30,30
1680679573934199028,30,30,30,30
1680679573935889577,30,30,30,30
1680679573937558996,30,30,30,30
1680679573939221767,30,30,30,30
1680679573940935903,30,30,30,30
1680679573942690976,30,30,30,30
1680679573944403375,30,30,30,30
1680679573946177612,30,30,30,30
1680679573947882499,30,30,30,30
1680679573949589737,30,30,30,30
1680679573951291310,30,30,30,30
1680679573953006265,30,30,30,30
1680679573954687703,30,30,30,30
1680679573956444671,30,30,30,30
1680679573958143126,30,30,30,30
1680679573959825330,30,30,30,30
1680679573961515487,30,30,30,30
1680679573963277383,30,30,30,30
1680679573965014994,30,30,30,30
1680679573966698119,30,30,30,30
1680679573968384421,30,30,30,30
1680679573970103790,30,30,30,30
1680679573971799959,30,30,30,30
1680679573973480282,30,30,30,30
1680679573975173524,30,30,30,30
1680679573976862438,30,30,30,30
1680679573978549610,30,30,30,30
1680679573980237097,30,30,30,30
1680679573981946092,30,30,30,30
1680679573983660101,30,30,30,30
1680679573985443360,30,30,30,30
1680679573987126080,30,30,30,30
1680679573988826647,30,30,30,30
1680679573990512308,30,30,30,30
1680679573992211114,30,30,30,30
1680679573993989697,30,30,30,30
1680679573995698866,30,30,30,30
1680679573997407271,30,30,30,30
1680679573999099291,30,30,30,30
1680679574000786062,30,30,30,30
1680679574002499947,30,30,30,30
1680679574004192811,30,30,30,30
1680679574005935042,30,30,30,30
1680679574007618513,30,30,30,30
1680679574009302865,30,30,30,30
1680679574010984791,30,30,30,30
1680679574012668536,30,30,30,30
1680679574014363546,30,30,30,30
1680679574016099381,30,30,30,30
1680679574017788752,30,30,30,30
1680679574019477177,30,30,30,30
1680679574021158600,30,30,30,30
1680679574022869787,30,30,30,30
1680679574024560217,30,30,30,30
1680679574026310920,30,30,30,30
1680679574028062632,30,30,30,30
1680679574029753718,30,30,30,30
1680679574031433889,30,30,30,30
1680679574033114188,30,30,30,30
1680679574034803333,30,30,30,30
1680679574036575964,30,30,30,30
1680679574038252873,30,30,30,30
1680679574039923671,30,30,30,30
1680679574041584871,30,30,30,30
1680679574043310106,30,30,30,30
1680679574045041996,30,30,30,30
1680679574046722961,30,30,30,30
1680679574048409096,30,30,30,30
1680679574050097944,30,30,30,30
1680679574051781625,30,30,30,30
1680679574053468020,30,30,30,30
1680679574055212969,30,30,30,30
1680679574056919546,30,30,30,30
1680679574058646310,30,30,30,30
1680679574060350883,30,30,30,30
1680679574062059061,30,30,30,30
1680679574063819310,30,30,30,30
1680679574065767183,30,30,30,30
1680679574067450682,30,30,30,30
1680679574069121133,30,30,30,30
1680679574070788310,30,30,30,30
1680679574072454737,30,30,30,30
1680679574074120324,30,30,30,30
1680679574075815869,30,30,30,30
1680679574077512175,30,30,30,30
1680679574079223539,30,30,30,30
1680679574080930735,30,30,30,30
1680679574082689113,30,30,30,30
1680679574084403681,30,30,30,30
1680679574086188408,30,30,30,30
1680679574087888214,30,30,30,30
1680679574089574437,30,30,30,30
1680679574091261325,30,30,30,30
1680679574092939742,30,30,30,30
1680679574094625314,30,30,30,30
1680679574096340610,30,30,30,30
1680679574098020712,30,30,30,30
1680679574099733944,30,30,30,30
1680679574101410036,30,30,30,30
1680679574103123747,30,30,30,30
1680679574104825230,30,30,30,30
1680679574106507118,30,30,30,30
1680679574108197821,30,30,30,30
1680679574109881854,30,30,30,30
1680679574111572780,30,30,30,30
1680679574113258275,30,30,30,30
1680679574114942742,30,30,30,30
1680679574116654485,30,30,30,30
1680679574118349489,30,30,30,30
1680679574120038851,30,30,30,30
1680679574121728228,30,30,30,30
1680679574123469754,30,30,30,30
1680679574125179901,30,30,30,30
1680679574126852576,30,30,30,30
1680679574128545436,30,30,30,30
1680679574130238471,30,30,30,30
1680679574131923470,30,30,30,30
1680679574133609322,30,30,30,30
1680679574135290183,30,30,30,30
1680679574137030635,30,30,30,30
1680679574138711912,30,30,30,30
1680679574140398009,30,30,30,30
1680679574142088148,30,30,30,30
1680679574143802326,30,30,30,30
1680679574145527814,30,30,30,30
1680679574147208691,30,30,30,30
1680679574148891822,30,30,30,30
1680679574150571642,30,30,30,30
1680679574152256567,30,30,30,30
1680679574153944839,30,30,30,30
1680679574155632422,30,30,30,30
1680679574157318133,30,30,30,30
1680679574159001113,30,30,30,30
1680679574160684838,30,30,30,30
1680679574162381450,30,30,30,30
1680679574164119956,30,30,30,30
1680679574165867444,30,30,30,30
1680679574167552604,30,30,30,30
1680679574169235210,30,30,30,30
1680679574170919675,30,30,30,30
1680679574172613235,30,30,30,30
1680679574174308615,30,30,30,30
1680679574176019937,30,30,30,30
1680679574177703906,30,30,30,30
1680679574179380517,30,30,30,30
1680679574181061891,30,30,30,30
1680679574182838123,30,30,30,30
1680679574184610703,30,30,30,30
1680679574186379529,30,30,30,30
1680679574188066120,30,30,30,30
1680679574189753768,30,30,30,30
1680679574191445191,30,30,30,30
1680679574193128894,30,30,30,30
1680679574194807153,30,30,30,30
1680679574196561290,30,30,30,30
1680679574198250959,30,30,30,30
1680679574199974265,30,30,30,30
1680679574201655118,30,30,30,30
1680679574203351206,30,30,30,30
1680679574205048113,30,30,30,30
1680679574206746624,30,30,30,30
1680679574208428941,30,30,30,30
1680679574210132243,30,30,30,30
1680679574211821313,30,30,30,30
1680679574213509837,30,30,30,30
1680679574215191795,30,30,30,30
1680679574216929891,30,30,30,30
1680679574218612428,30,30,30,30
1680679574220302142,30,30,30,30
1680679574222002206,30,30,30,30
1680679574223721212,30,30,30,30
1680679574225472671,30,30,30,30
1680679574227157923,30,30,30,30
1680679574228845054,30,30,30,30
1680679574230526354,30,30,30,30
1680679574232211721,30,30,30,30
1680679574233912588,30,30,30,30
1680679574235603444,30,30,30,30
1680679574237294430,30,30,30,30
1680679574238981075,30,30,30,30
1680679574240666587,30,30,30,30
1680679574242355113,30,30,30,30
1680679574244055558,30,30,30,30
1680679574245792546,30,30,30,30
1680679574247482703,30,30,30,30
1680679574249172428,30,30,30,30
1680679574250854558,30,30,30,30
1680679574252526819,30,30,30,30
1680679574254197560,30,30,30,30
1680679574255963359,30,30,30,30
1680679574257629207,30,30,30,30
1680679574259288092,30,30,30,30
1680679574260957868,30,30,30,30
1680679574262648785,30,30,30,30
1680679574264395759,30,30,30,30
1680679574266195713,30,30,30,30
1680679574267883870,30,30,30,30
1680679574269577738,30,30,30,30
1680679574271269429,30,30,30,30
1680679574272959501,30,30,30,30
1680679574274643284,30,30,30,30
1680679574276343826,30,30,30,30
1680679574278035030,30,30,30,30
1680679574279712649,30,30,30,30
1680679574281390561,30,30,30,30
1680679574283144854,30,30,30,30
1680679574284858071,30,30,30,30
1680679574286608366,30,30,30,30
1680679574288321495,30,30,30,30
1680679574290087441,30,30,30,30
1680679574291795583,30,30,30,30
1680679574293466170,30,30,30,30
1680679574295126518,30,30,30,30
1680679574296825831,30,30,30,30
1680679574298503846,30,30,30,30
1680679574300168720,30,30,30,30
1680679574301849968,30,30,30,30
1680679574303655561,30,30,30,30
1680679574305389662,30,30,30,30
1680679574307092140,30,30,30,30
1680679574308800285,30,30,30,30
1680679574310500026,30,30,30,30
1680679574312208082,30,30,30,30
1680679574313962130,30,30,30,30
1680679574315825114,30,30,30,30
1680679574317606016,30,30,30,30
1680679574319289264,30,30,30,30
1680679574320965782,30,30,30,30
1680679574322653096,30,30,30,30
1680679574324505882,30,30,30,30
1680679574326340954,30,30,30,30
1680679574328024931,30,30,30,30
1680679574329713196,30,30,30,30
1680679574331565488,30,30,30,30
1680679574333261444,30,30,30,30
1680679574334916893,30,30,30,30
1680679574336604059,30,30,30,30
1680679574338404868,30,30,30,30
1680679574340084856,30,30,30,30
1680679574341816894,30,30,30,30
1680679574343512251,30,30,30,30
1680679574345203007,30,30,30,30
1680679574346968076,30,30,30,30
1680679574348682934,30,30,30,30
1680679574350394554,30,30,30,30
1680679574352092615,30,30,30,30
1680679574353813156,30,30,30,30
1680679574355514824,30,30,30,30
1680679574357217256,30,30,30,30
1680679574358898883,30,30,30,30
1680679574360593223,30,30,30,30
1680679574362325486,30,30,30,30
1680679574364084404,30,30,30,30
1680679574365851475,30,30,30,30
1680679574367548957,30,30,30,30
1680679574369298191,30,30,30,30
1680679574370974177,30,30,30,30
1680679574372657373,30,30,30,30
1680679574374340603,30,30,30,30
1680679574376028868,30,30,30,30
1680679574377715362,30,30,30,30
1680679574379402231,30,30,30,30
1680679574381083654,30,30,30,30
1680679574382765825,30,30,30,30
1680679574384501307,30,30,30,30
1680679574386301450,30,30,30,30
1680679574387993412,30,30,30,30
1680679574389680624,30,30,30,30
1680679574391357605,30,30,30,30
1680679574393038162,30,30,30,30
1680679574394720657,30,30,30,30
1680679574396570869,30,30,30,30
1680679574398450379,30,30,30,30
1680679574400333244,30,30,30,30
1680679574402227157,30,30,30,30
1680679574404170038,30,30,30,30
1680679574406150041,30,30,30,30
1680679574408019192,30,30,30,30
1680679574409872060,30,30,30,30
1680679574411686610,30,30,30,30
1680679574413549894,30,30,30,30
1680679574415400082,30,30,30,30
1680679574417282330,30,30,30,30
1680679574419201020,30,30,30,30
1680679574421105821,30,30,30,30
1680679574423009443,30,30,30,30
1680679574424883889,30,30,30,30
1680679574427439090,30,30,30,30
1680679574429339919,30,30,30,30
1680679574431232228,30,30,30,30
1680679574433156641,30,30,30,30
1680679574435070688,30,30,30,30
1680679574437066780,30,30,30,30
1680679574438921782,30,30,30,30
1680679574440774912,30,30,30,30
1680679574443694649,30,30,30,30
1680679574445542110,30,30,30,30
1680679574447362836,30,30,30,30
1680679574449245791,30,30,30,30
1680679574451165505,30,30,30,30
1680679574453073404,30,30,30,30
1680679574454989902,30,30,30,30
1680679574456944356,30,30,30,30
1680679574459524820,30,30,30,30
1680679574462056506,30,30,30,30
1680679574464397066,30,30,30,30
1680679574498527069,30,30,30,30
1680679574563148046,30,30,30,30
1680679574597600902,30,30,30,30
1680679574599646334,30,30,30,30
1680679574601562212,30,30,30,30
1680679574603380943,30,30,30,30
1680679574605166365,30,30,30,30
1680679574607158439,30,30,30,30
1680679574608926517,30,30,30,30
1680679574610688575,30,30,30,30
1680679574612455401,30,30,30,30
1680679574614162633,30,30,30,30
1680679574615832518,30,30,30,30
1680679574617526397,30,30,30,30
1680679574619190869,30,30,30,30
1680679574620857547,30,30,30,30
1680679574622519253,30,30,30,30
1680679574624235356,30,30,30,30
1680679574626088668,30,30,30,30
1680679574627785055,30,30,30,30
1680679574629466128,30,30,30,30
1680679574631145770,30,30,30,30
1680679574632829093,30,30,30,30
1680679574634511999,30,30,30,30
1680679574636203574,30,30,30,30
1680679574637980525,30,30,30,30
1680679574639660674,30,30,30,30
1680679574641342614,30,30,30,30
1680679574643022402,30,30,30,30
1680679574644727636,30,30,30,30
1680679574646551767,30,30,30,30
1680679574648231441,30,30,30,30
1680679574649934366,30,30,30,30
1680679574651623438,30,30,30,30
1680679574653310309,30,30,30,30
1680679574654988178,30,30,30,30
1680679574656678953,30,30,30,30
1680679574658368748,30,30,30,30
1680679574660054945,30,30,30,30
1680679574661741569,30,30,30,30
1680679574663573000,30,30,30,30
1680679574665308586,30,30,30,30
1680679574667085383,30,30,30,30
1680679574668725480,30,30,30,30
1680679574670403346,30,30,30,30
1680679574672083739,30,30,30,30
1680679574673763670,30,30,30,30
1680679574675444107,30,30,30,30
1680679574677242007,30,30,30,30
1680679574678928131,30,30,30,30
1680679574680613668,30,30,30,30
1680679574682308088,30,30,30,30
1680679574683993004,30,30,30,30
1680679574685682639,30,30,30,30
1680679574687405724,30,30,30,30
1680679574689096406,30,30,30,30
1680679574690786393,30,30,30,30
1680679574692479735,30,30,30,30
1680679574694171446,30,30,30,30
1680679574695863614,30,30,30,30
1680679574697570121,30,30,30,30
1680679574699264117,30,30,30,30
1680679574701077075,30,30,30,30
1680679574702761184,30,30,30,30
1680679574704468805,30,30,30,30
1680679574706178155,30,30,30,30
1680679574707863791,30,30,30,30
1680679574709546048,30,30,30,30
1680679574711235783,30,30,30,30
1680679574712920228,30,30,30,30
1680679574714646417,30,30,30,30
1680679574716331844,30,30,30,30
1680679574718076431,30,30,30,30
1680679574719765156,30,30,30,30
1680679574721460151,30,30,30,30
1680679574723150339,30,30,30,30
1680679574724866487,30,30,30,30
1680679574726591921,30,30,30,30
1680679574728293156,30,30,30,30
1680679574729999593,30,30,30,30
1680679574731769127,30,30,30,30
1680679574733449496,30,30,30,30
1680679574735129743,30,30,30,30
1680679574736816960,30,30,30,30
1680679574738518789,30,30,30,30
1680679574740204164,30,30,30,30
1680679574741893489,30,30,30,30
1680679574743571426,30,30,30,30
1680679574745456110,30,30,30,30
1680679574747234083,30,30,30,30
1680679574748913490,30,30,30,30
1680679574750594894,30,30,30,30
1680679574752278714,30,30,30,30
1680679574753966846,30,30,30,30
1680679574755646942,30,30,30,30
1680679574757358314,30,30,30,30
1680679574759037671,30,30,30,30
1680679574760729268,30,30,30,30
1680679574762503787,30,30,30,30
1680679574764293533,30,30,30,30
1680679574765989727,30,30,30,30
1680679574767719459,30,30,30,30
1680679574769404959,30,30,30,30
1680679574771088218,30,30,30,30
1680679574772725493,30,30,30,30
1680679574774408893,30,30,30,30
1680679574776102244,30,30,30,30
1680679574777835317,30,30,30,30
1680679574779512417,30,30,30,30
1680679574781192364,30,30,30,30
1680679574782871475,30,30,30,30
1680679574784598723,30,30,30,30
1680679574786311011,30,30,30,30
1680679574787995148,30,30,30,30
1680679574789754711,30,30,30,30
1680679574791438783,30,30,30,30
1680679574793121417,30,30,30,30
1680679574794804576,30,30,30,30
1680679574796486703,30,30,30,30
1680679574798190245,30,30,30,30
1680679574799877844,30,30,30,30
1680679574801557419,30,30,30,30
1680679574803236155,30,30,30,30
1680679574805024955,30,30,30,30
1680679574806787599,30,30,30,30
1680679574808477424,30,30,30,30
1680679574810169139,30,30,30,30
1680679574811857573,30,30,30,30
1680679574813549436,30,30,30,30
1680679574815234257,30,30,30,30
1680679574816912064,30,30,30,30
1680679574818615664,30,30,30,30
1680679574820276623,30,30,30,30
1680679574821943718,30,30,30,30
1680679574823607177,30,30,30,30
1680679574825292498,30,30,30,30
1680679574827024071,30,30,30,30
1680679574828701594,30,30,30,30
1680679574830394658,30,30,30,30
1680679574832094677,30,30,30,30
1680679574833815301,30,30,30,30
1680679574835557012,30,30,30,30
1680679574837356417,30,30,30,30
1680679574839058641,30,30,30,30
1680679574840727442,30,30,30,30
1680679574842408239,30,30,30,30
1680679574844090381,30,30,30,30
1680679574845883725,30,30,30,30
1680679574847700519,30,30,30,30
1680679574849381699,30,30,30,30
1680679574851060830,30,30,30,30
1680679574852726124,30,30,30,30
1680679574854418430,30,30,30,30
1680679574856104927,30,30,30,30
1680679574857813698,30,30,30,30
1680679574859491251,30,30,30,30
1680679574861174241,30,30,30,30
1680679574862851880,30,30,30,30
1680679574864578282,30,30,30,30
1680679574866278259,30,30,30,30
1680679574868035213,30,30,30,30
1680679574869724443,30,30,30,30
1680679574871407614,30,30,30,30
1680679574873093850,30,30,30,30
1680679574874775871,30,30,30,30
1680679574876549877,30,30,30,30
1680679574878295237,30,30,30,30
1680679574879980013,30,30,30,30
1680679574881666685,30,30,30,30
1680679574883350788,30,30,30,30
1680679574885067373,30,30,30,30
1680679574886780721,30,30,30,30
1680679574888472193,30,30,30,30
1680679574890168170,30,30,30,30
1680679574891846141,30,30,30,30
1680679574893524412,30,30,30,30
1680679574895208127,30,30,30,30
1680679574896890342,30,30,30,30
1680679574898596560,30,30,30,30
1680679574900279925,30,30,30,30
1680679574902037926,30,30,30,30
1680679574903726248,30,30,30,30
1680679574905505945,30,30,30,30
1680679574907222222,30,30,30,30
1680679574908914771,30,30,30,30
1680679574910601580,30,30,30,30
1680679574912303811,30,30,30,30
1680679574914076179,30,30,30,30
1680679574915770034,30,30,30,30
1680679574917456663,30,30,30,30
1680679574919131938,30,30,30,30
1680679574920811495,30,30,30,30
1680679574922494385,30,30,30,30
1680679574924170670,30,30,30,30
1680679574925913496,30,30,30,30
1680679574927698813,30,30,30,30
1680679574929383855,30,30,30,30
1680679574931066557,30,30,30,30
1680679574932726441,30,30,30,30
1680679574934416124,30,30,30,30
1680679574936107951,30,30,30,30
1680679574937823575,30,30,30,30
1680679574939603047,30,30,30,30
1680679574941288141,30,30,30,30
1680679574943061442,30,30,30,30
1680679574944801902,30,30,30,30
1680679574946470766,30,30,30,30
1680679574948215113,30,30,30,30
1680679574949880572,30,30,30,30
1680679574951551123,30,30,30,30
1680679574953220591,30,30,30,30
1680679574954900260,30,30,30,30
1680679574956581787,30,30,30,30
1680679574958296511,30,30,30,30
1680679574959984544,30,30,30,30
1680679574961668779,30,30,30,30
1680679574963352410,30,30,30,30
1680679574965045090,30,30,30,30
1680679574966723380,30,30,30,30
1680679574968405106,30,30,30,30
1680679574970091814,30,30,30,30
1680679574971778895,30,30,30,30
1680679574973462312,30,30,30,30
1680679574975163610,30,30,30,30
1680679574976871897,30,30,30,30
1680679574978636434,30,30,30,30
1680679574980352626,30,30,30,30
1680679574982068747,30,30,30,30
1680679574983773586,30,30,30,30
1680679574985512114,30,30,30,30
1680679574987230945,30,30,30,30
1680679574988928754,30,30,30,30
1680679574990676951,30,30,30,30
1680679574992381229,30,30,30,30
1680679574994095872,30,30,30,30
1680679574995782170,30,30,30,30
1680679574997461736,30,30,30,30
1680679574999152669,30,30,30,30
1680679575000929396,30,30,30,30
1680679575002610715,30,30,30,30
1680679575004297945,30,30,30,30
1680679575006037896,30,30,30,30
1680679575007781589,30,30,30,30
1680679575009462361,30,30,30,30
1680679575011143936,30,30,30,30
1680679575012829926,30,30,30,30
1680679575014516241,30,30,30,30
1680679575016206658,30,30,30,30
1680679575017932689,30,30,30,30
1680679575019619997,30,30,30,30
1680679575021351731,30,30,30,30
1680679575023018411,30,30,30,30
1680679575024700287,30,30,30,30
1680679575026385962,30,30,30,30
1680679575028118077,30,30,30,30
1680679575029811948,30,30,30,30
1680679575031502041,30,30,30,30
1680679575033180630,30,30,30,30
1680679575034862330,30,30,30,30
1680679575036620216,30,30,30,30
1680679575038339308,30,30,30,30
1680679575040024596,30,30,30,30
1680679575041707923,30,30,30,30
1680679575043389687,30,30,30,30
1680679575045090333,30,30,30,30
1680679575046794809,30,30,30,30
1680679575048578072,30,30,30,30
1680679575050249953,30,30,30,30
1680679575051917199,30,30,30,30
1680679575053583714,30,30,30,30
1680679575055252270,30,30,30,30
1680679575056912269,30,30,30,30
1680679575058615620,30,30,30,30
1680679575060331823,30,30,30,30
1680679575062023093,30,30,30,30
1680679575063705440,30,30,30,30
1680679575065482082,30,30,30,30
1680679575067196707,30,30,30,30
1680679575068882902,30,30,30,30
1680679575070567613,30,30,30,30
1680679575072252441,30,30,30,30
1680679575073936518,30,30,30,30
1680679575075611306,30,30,30,30
1680679575077286947,30,30,30,30
1680679575079036338,30,30,30,30
1680679575080727064,30,30,30,30
1680679575082439921,30,30,30,30
1680679575084147134,30,30,30,30
1680679575085920123,30,30,30,30
1680679575087675375,30,30,30,30
1680679575089385038,30,30,30,30
1680679575091068740,30,30,30,30
1680679575092725769,30,30,30,30
1680679575094414405,30,30,30,30
1680679575096096499,30,30,30,30
1680679575097791003,30,30,30,30
1680679575099477228,30,30,30,30
1680679575101170173,30,30,30,30
1680679575102848739,30,30,30,30
1680679575104539540,30,30,30,30
1680679575106293710,30,30,30,30
1680679575108074416,30,30,30,30
1680679575109784974,30,30,30,30
1680679575111464673,30,30,30,30
1680679575113144164,30,30,30,30
1680679575114819070,30,30,30,30
1680679575116501287,30,30,30,30
1680679575118201787,30,30,30,30
1680679575119941126,30,30,30,30
1680679575121631149,30,30,30,30
1680679575123329675,30,30,30,30
1680679575125081540,30,30,30,30
1680679575126774949,30,30,30,30
1680679575128529729,30,30,30,30
1680679575130207846,30,30,30,30
1680679575131888038,30,30,30,30
1680679575133567531,30,30,30,30
1680679575135246286,30,30,30,30
1680679575136930396,30,30,30,30
1680679575138626346,30,30,30,30
1680679575140399003,30,30,30,30
1680679575142091250,30,30,30,30
1680679575143772285,30,30,30,30
1680679575145469942,30,30,30,30
1680679575147154570,30,30,30,30
1680679575148989434,30,30,30,30
1680679575150654320,30,30,30,30
1680679575152319054,30,30,30,30
1680679575153987560,30,30,30,30
1680679575155660256,30,30,30,30
1680679575157323131,30,30,30,30
1680679575159017414,30,30,30,30
1680679575160720784,30,30,30,30
1680679575162421719,30,30,30,30
1680679575164121485,30,30,30,30
1680679575165889928,30,30,30,30
1680679575167622549,30,30,30,30
1680679575169324295,30,30,30,30
1680679575171012095,30,30,30,30
1680679575172690846,30,30,30,30
1680679575174373085,30,30,30,30
1680679575176054053,30,30,30,30
1680679575177731644,30,30,30,30
1680679575179413518,30,30,30,30
1680679575181092493,30,30,30,30
1680679575182769719,30,30,30,30
1680679575184452639,30,30,30,30
1680679575186193669,30,30,30,30
1680679575188020922,30,30,30,30
1680679575189702535,30,30,30,30
1680679575191377790,30,30,30,30
1680679575193062666,30,30,30,30
1680679575194740447,30,30,30,30
1680679575196424138,30,30,30,30
1680679575198191121,30,30,30,30
1680679575199879115,30,30,30,30
1680679575201558714,30,30,30,30
1680679575203247417,30,30,30,30
1680679575205019112,30,30,30,30
1680679575206707926,30,30,30,30
1680679575208482492,30,30,30,30
1680679575210165229,30,30,30,30
1680679575211855143,30,30,30,30
1680679575213551533,30,30,30,30
1680679575215227125,30,30,30,30
1680679575216907819,30,30,30,30
1680679575218606264,30,30,30,30
1680679575220291044,30,30,30,30
1680679575221986185,30,30,30,30
1680679575223669555,30,30,30,30
1680679575225382033,30,30,30,30
1680679575227063944,30,30,30,30
1680679575228833024,30,30,30,30
1680679575230517026,30,30,30,30
1680679575232207227,30,30,30,30
1680679575233905189,30,30,30,30
1680679575235597815,30,30,30,30
1680679575237277407,30,30,30,30
1680679575239022324,30,30,30,30
1680679575240703535,30,30,30,30
1680679575242400287,30,30,30,30
1680679575244166222,30,30,30,30
1680679575245878252,30,30,30,30
1680679575247608177,30,30,30,30
1680679575249284857,30,30,30,30
1680679575250961711,30,30,30,30
1680679575252643828,30,30,30,30
1680679575254324576,30,30,30,30
1680679575256008024,30,30,30,30
1680679575257687845,30,30,30,30
1680679575259421061,30,30,30,30
1680679575261106413,30,30,30,30
1680679575262784308,30,30,30,30
1680679575264472518,30,30,30,30
1680679575266258219,30,30,30,30
1680679575267970113,30,30,30,30
1680679575269657692,30,30,30,30
1680679575271344167,30,30,30,30
1680679575273027163,30,30,30,30
1680679575274707069,30,30,30,30
1680679575276395891,30,30,30,30
1680679575278095161,30,30,30,30
1680679575279776671,30,30,30,30
1680679575281456708,30,30,30,30
1680679575283139537,30,30,30,30
1680679575284822742,30,30,30,30
1680679575286565965,30,30,30,30
1680679575288369946,30,30,30,30
1680679575290056313,30,30,30,30
1680679575291735437,30,30,30,30
1680679575293413493,30,30,30,30
1680679575295091119,30,30,30,30
1680679575296724781,30,30,30,30
1680679575298441243,30,30,30,30
1680679575300124959,30,30,30,30
1680679575301815332,30,30,30,30
1680679575303498166,30,30,30,30
1680679575305184677,30,30,30,30
1680679575306866366,30,30,30,30
1680679575308636412,30,30,30,30
1680679575310337994,30,30,30,30
1680679575312101726,30,30,30,30
1680679575313791898,30,30,30,30
1680679575315477868,30,30,30,30
1680679575317166046,30,30,30,30
1680679575318863591,30,30,30,30
1680679575320552645,30,30,30,30
1680679575322249533,30,30,30,30
1680679575324024208,30,30,30,30
1680679575325741616,30,30,30,30
1680679575327433408,30,30,30,30
1680679575329141556,30,30,30,30
1680679575330840948,30,30,30,30
1680679575332531073,30,30,30,30
1680679575334222804,30,30,30,30
1680679575335904632,30,30,30,30
1680679575337588027,30,30,30,30
1680679575339289678,30,30,30,30
1680679575340971341,30,30,30,30
1680679575342651241,30,30,30,30
1680679575344337263,30,30,30,30
1680679575346047069,30,30,30,30
1680679575348045444,30,30,30,30
1680679575349741086,30,30,30,30
1680679575351427254,30,30,30,30
1680679575353111354,30,30,30,30
1680679575354790460,30,30,30,30
1680679575356470338,30,30,30,30
1680679575358160065,30,30,30,30
1680679575359840788,30,30,30,30
1680679575361521986,30,30,30,30
1680679575363203527,30,30,30,30
1680679575364953277,30,30,30,30
1680679575366700723,30,30,30,30
1680679575368503409,30,30,30,30
1680679575370217649,30,30,30,30
1680679575371926487,30,30,30,30
1680679575373637501,30,30,30,30
1680679575375341463,30,30,30,30
1680679575377026197,30,30,30,30
1680679575378720699,30,30,30,30
1680679575380407751,30,30,30,30
1680679575382105773,30,30,30,30
1680679575383799210,30,30,30,30
1680679575385558972,30,30,30,30
1680679575387290835,30,30,30,30
1680679575389020672,30,30,30,30
1680679575390743221,30,30,30,30
1680679575392429804,30,30,30,30
1680679575394124101,30,30,30,30
1680679575395803269,30,30,30,30
1680679575397482266,30,30,30,30
1680679575399220049,30,30,30,30
1680679575400902346,30,30,30,30
1680679575402579532,30,30,30,30
1680679575404261423,30,30,30,30
1680679575406013915,30,30,30,30
1680679575407699040,30,30,30,30
1680679575409440499,30,30,30,30
1680679575411128679,30,30,30,30
1680679575412810894,30,30,30,30
1680679575414553228,30,30,30,30
1680679575416288817,30,30,30,30
1680679575417984374,30,30,30,30
1680679575419697267,30,30,30,30
1680679575421384642,30,30,30,30
1680679575423065134,30,30,30,30
1680679575424726808,30,30,30,30
1680679575426498391,30,30,30,30
1680679575428292853,30,30,30,30
1680679575429988601,30,30,30,30
1680679575431686607,30,30,30,30
1680679575433382692,30,30,30,30
1680679575435092498,30,30,30,30
1680679575436784987,30,30,30,30
1680679575438468010,30,30,30,30
1680679575440148854,30,30,30,30
1680679575441840889,30,30,30,30
1680679575443546788,30,30,30,30
1680679575445232408,30,30,30,30
1680679575447027652,30,30,30,30
1680679575448725105,30,30,30,30
1680679575450393266,30,30,30,30
1680679575452056763,30,30,30,30
1680679575453722862,30,30,30,30
1680679575455389696,30,30,30,30
1680679575457057973,30,30,30,30
1680679575458822168,30,30,30,30
1680679575460534637,30,30,30,30
1680679575462253237,30,30,30,30
1680679575463953672,30,30,30,30
1680679575465660583,30,30,30,30
1680679575467365478,30,30,30,30
1680679575469146199,30,30,30,30
1680679575470829658,30,30,30,30
1680679575472511747,30,30,30,30
1680679575474195226,30,30,30,30
1680679575475880843,30,30,30,30
1680679575477568867,30,30,30,30
1680679575479273692,30,30,30,30
1680679575480964532,30,30,30,30
1680679575482648763,30,30,30,30
1680679575484332494,30,30,30,30
1680679575486029965,30,30,30,30
1680679575487718248,30,30,30,30
1680679575489429220,30,30,30,30
1680679575491122131,30,30,30,30
1680679575492895693,30,30,30,30
1680679575494576993,30,30,30,30
1680679575496264091,30,30,30,30
1680679575497960178,30,30,30,30
1680679575499674319,30,30,30,30
1680679575501358305,30,30,30,30
1680679575503039144,30,30,30,30
1680679575504725964,30,30,30,30
1680679575506417981,30,30,30,30
1680679575508136297,30,30,30,30
1680679575509836754,30,30,30,30
1680679575511517047,30,30,30,30
1680679575513191571,30,30,30,30
1680679575514870209,30,30,30,30
1680679575516551758,30,30,30,30
1680679575518246722,30,30,30,30
1680679575519954648,30,30,30,30
1680679575521635016,30,30,30,30
1680679575523315188,30,30,30,30
1680679575525000417,30,30,30,30
1680679575526704398,30,30,30,30
1680679575528437727,30,30,30,30
1680679575530128330,30,30,30,30
1680679575531822036,30,30,30,30
1680679575533501998,30,30,30,30
1680679575535182276,30,30,30,30
1680679575536860595,30,30,30,30
1680679575538543278,30,30,30,30
1680679575540234223,30,30,30,30
1680679575541934818,30,30,30,30
1680679575543622618,30,30,30,30
1680679575545309535,30,30,30,30
1680679575547104254,30,30,30,30
1680679575548830703,30,30,30,30
1680679575550510434,30,30,30,30
1680679575552192156,30,30,30,30
1680679575553875631,30,30,30,30
1680679575555561503,30,30,30,30
1680679575557246139,30,30,30,30
1680679575558961276,30,30,30,30
1680679575560639761,30,30,30,30
1680679575562330307,30,30,30,30
1680679575564008067,30,30,30,30
1680679575565688926,30,30,30,30
1680679575567373951,30,30,30,30
1680679575569203393,30,30,30,30
1680679575570877366,30,30,30,30
1680679575572547235,30,30,30,30
1680679575574225453,30,30,30,30
1680679575575889188,30,30,30,30
1680679575577558675,30,30,30,30
1680679575579344056,30,30,30,30
1680679575581010278,30,30,30,30
1680679575582695506,30,30,30,30
1680679575584380359,30,30,30,30
1680679575586105917,30,30,30,30
1680679575587796231,30,30,30,30
1680679575589571820,30,30,30,30
1680679575591253083,30,30,30,30
1680679575592949963,30,30,30,30
1680679575594661723,30,30,30,30
1680679575596374211,30,30,30,30
1680679575598086597,30,30,30,30
1680679575599841636,30,30,30,30
1680679575601559403,30,30,30,30
1680679575603246415,30,30,30,30
1680679575604933202,30,30,30,30
1680679575606628675,30,30,30,30
1680679575608384262,30,30,30,30
1680679575610076116,30,30,30,30
1680679575611761607,30,30,30,30
1680679575613444276,30,30,30,30
1680679575615126227,30,30,30,30
1680679575616809721,30,30,30,30
1680679575618493575,30,30,30,30
1680679575620232578,30,30,30,30
1680679575621920815,30,30,30,30
1680679575623603482,30,30,30,30
1680679575625286089,30,30,30,30
1680679575627202524,30,30,30,30
1680679575629327528,30,30,30,30
1680679575631009886,30,30,30,30
1680679575632694484,30,30,30,30
1680679575634399696,30,30,30,30
1680679575636252231,30,30,30,30
1680679575637950344,30,30,30,30
1680679575639698475,30,30,30,30
1680679575641380424,30,30,30,30
1680679575643136081,30,30,30,30
1680679575644829358,30,30,30,30
1680679575646530241,30,30,30,30
1680679575648462688,30,30,30,30
1680679575650188584,30,30,30,30
1680679575651876672,30,30,30,30
1680679575653558156,30,30,30,30
1680679575655488808,30,30,30,30
1680679575657165745,30,30,30,30
1680679575658850818,30,30,30,30
1680679575660529562,30,30,30,30
1680679575662398111,30,30,30,30
1680679575664094141,30,30,30,30
1680679575665827709,30,30,30,30
1680679575667562713,30,30,30,30
1680679575669311663,30,30,30,30
1680679575671012544,30,30,30,30
1680679575672710186,30,30,30,30
1680679575674422793,30,30,30,30
1680679575676132523,30,30,30,30
1680679575677837741,30,30,30,30
1680679575679527220,30,30,30,30
1680679575681215001,30,30,30,30
1680679575682891972,30,30,30,30
1680679575684577502,30,30,30,30
1680679575686309619,30,30,30,30
1680679575688002512,30,30,30,30
1680679575689765194,30,30,30,30
1680679575691453346,30,30,30,30
1680679575693137774,30,30,30,30
1680679575694821742,30,30,30,30
1680679575696508587,30,30,30,30
1680679575698200885,30,30,30,30
1680679575699942304,30,30,30,30
1680679575701616568,30,30,30,30
1680679575703304416,30,30,30,30
1680679575704987188,30,30,30,30
1680679575706717169,30,30,30,30
1680679575708646921,30,30,30,30
1680679575710509197,30,30,30,30
1680679575712390557,30,30,30,30
1680679575714267397,30,30,30,30
1680679575716135215,30,30,30,30
1680679575718022826,30,30,30,30
1680679575719872056,30,30,30,30
1680679575721779724,30,30,30,30
1680679575723654850,30,30,30,30
1680679575725486530,30,30,30,30
1680679575727377377,30,30,30,30
1680679575729340855,30,30,30,30
1680679575731248334,30,30,30,30
1680679575733153749,30,30,30,30
1680679575735064679,30,30,30,30
1680679575737568931,30,30,30,30
1680679575739522674,30,30,30,30
1680679575741429493,30,30,30,30
1680679575743311399,30,30,30,30
1680679575745216741,30,30,30,30
1680679575747198729,30,30,30,30
1680679575749317561,30,30,30,30
1680679575751194887,30,30,30,30
1680679575753766082,30,30,30,30
1680679575755629748,30,30,30,30
1680679575757477868,30,30,30,30
1680679575759404803,30,30,30,30
1680679575761332346,30,30,30,30
1680679575763212246,30,30,30,30
1680679575765133026,30,30,30,30
1680679575767074451,30,30,30,30
1680679575769759983,30,30,30,30
1680679575772277410,30,30,30,30
1680679575774542721,30,30,30,30
1680679575807086210,30,30,30,30
1680679575874349609,30,30,30,30
1680679575906045053,30,30,30,30
1680679575908094288,30,30,30,30
1680679575910066135,30,30,30,30
1680679575911973357,30,30,30,30
1680679575913888359,30,30,30,30
1680679575915588085,30,30,30,30
1680679575917283518,30,30,30,30
1680679575918916233,30,30,30,30
1680679575920578937,30,30,30,30
1680679575922400956,30,30,30,30
1680679575924040676,30,30,30,30
1680679575925720195,30,30,30,30
1680679575927417243,30,30,30,30
1680679575929122457,30,30,30,30
1680679575930798471,30,30,30,30
1680679575932481411,30,30,30,30
1680679575934170285,30,30,30,30
1680679575935858316,30,30,30,30
1680679575937540018,30,30,30,30
1680679575939223950,30,30,30,30
1680679575940962230,30,30,30,30
1680679575942646818,30,30,30,30
1680679575944331033,30,30,30,30
1680679575946028961,30,30,30,30
1680679575947855944,30,30,30,30
1680679575949583176,30,30,30,30
1680679575951273362,30,30,30,30
1680679575952953933,30,30,30,30
1680679575954637933,30,30,30,30
1680679575956317242,30,30,30,30
1680679575957995788,30,30,30,30
1680679575959666945,30,30,30,30
1680679575961328763,30,30,30,30
1680679575963007182,30,30,30,30
1680679575964795410,30,30,30,30
1680679575966478505,30,30,30,30
1680679575968185214,30,30,30,30
1680679575970117969,30,30,30,30
1680679575971913407,30,30,30,30
1680679575973600228,30,30,30,30
1680679575975283249,30,30,30,30
1680679575976968239,30,30,30,30
1680679575978651988,30,30,30,30
1680679575980363840,30,30,30,30
1680679575982060783,30,30,30,30
1680679575983745120,30,30,30,30
1680679575985434085,30,30,30,30
1680679575987145232,30,30,30,30
1680679575988809288,30,30,30,30
1680679575990620988,30,30,30,30
1680679575992289688,30,30,30,30
1680679575994033994,30,30,30,30
1680679575995704473,30,30,30,30
1680679575997446829,30,30,30,30
1680679575999125930,30,30,30,30
1680679576000892148,30,30,30,30
1680679576002575859,30,30,30,30
1680679576004261169,30,30,30,30
1680679576005950027,30,30,30,30
1680679576007669532,30,30,30,30
1680679576009380315,30,30,30,30
1680679576011082660,30,30,30,30
1680679576012795126,30,30,30,30
1680679576014507902,30,30,30,30
1680679576016219070,30,30,30,30
1680679576017932635,30,30,30,30
1680679576019637605,30,30,30,30
1680679576021393815,30,30,30,30
1680679576023072146,30,30,30,30
1680679576024727305,30,30,30,30
1680679576026413885,30,30,30,30
1680679576028129814,30,30,30,30
1680679576029883167,30,30,30,30
1680679576031571787,30,30,30,30
1680679576033254175,30,30,30,30
1680679576034935036,30,30,30,30
1680679576036690139,30,30,30,30
1680679576038387338,30,30,30,30
1680679576040100836,30,30,30,30
1680679576041793993,30,30,30,30
1680679576043477664,30,30,30,30
1680679576045186272,30,30,30,30
1680679576046864512,30,30,30,30
1680679576048608226,30,30,30,30
1680679576050342717,30,30,30,30
1680679576052031653,30,30,30,30
1680679576053717844,30,30,30,30
1680679576055401558,30,30,30,30
1680679576057087335,30,30,30,30
1680679576058766894,30,30,30,30
1680679576060468814,30,30,30,30
1680679576062304189,30,30,30,30
1680679576063988951,30,30,30,30
1680679576065668359,30,30,30,30
1680679576067365365,30,30,30,30
1680679576069057060,30,30,30,30
1680679576070840161,30,30,30,30
1680679576072494068,30,30,30,30
1680679576074143888,30,30,30,30
1680679576075794986,30,30,30,30
1680679576077442261,30,30,30,30
1680679576079082944,30,30,30,30
1680679576080726352,30,30,30,30
1680679576082431687,30,30,30,30
1680679576084150862,30,30,30,30
1680679576085917068,30,30,30,30
1680679576087653246,30,30,30,30
1680679576089424827,30,30,30,30
1680679576091135720,30,30,30,30
1680679576092839778,30,30,30,30
1680679576094523385,30,30,30,30
1680679576096207372,30,30,30,30
1680679576097894051,30,30,30,30
1680679576099577325,30,30,30,30
1680679576101291005,30,30,30,30
1680679576102973193,30,30,30,30
1680679576104672145,30,30,30,30
1680679576106430044,30,30,30,30
1680679576108137144,30,30,30,30
1680679576109865297,30,30,30,30
1680679576111660770,30,30,30,30
1680679576113340091,30,30,30,30
1680679576115017281,30,30,30,30
1680679576116702302,30,30,30,30
1680679576118394627,30,30,30,30
1680679576120080107,30,30,30,30
1680679576121767638,30,30,30,30
1680679576123452399,30,30,30,30
1680679576125137632,30,30,30,30
1680679576126821840,30,30,30,30
1680679576128529568,30,30,30,30
1680679576130267528,30,30,30,30
1680679576131958521,30,30,30,30
1680679576133649449,30,30,30,30
1680679576135333843,30,30,30,30
1680679576137021717,30,30,30,30
1680679576138698919,30,30,30,30
1680679576140413982,30,30,30,30
1680679576142126071,30,30,30,30
1680679576143818230,30,30,30,30
1680679576145501113,30,30,30,30
1680679576147177113,30,30,30,30
1680679576148860810,30,30,30,30
1680679576150800280,30,30,30,30
1680679576152489268,30,30,30,30
1680679576154176933,30,30,30,30
1680679576155858212,30,30,30,30
1680679576157541627,30,30,30,30
1680679576159226372,30,30,30,30
1680679576161008147,30,30,30,30
1680679576162695544,30,30,30,30
1680679576164374290,30,30,30,30
1680679576166070476,30,30,30,30
1680679576167765251,30,30,30,30
1680679576169458286,30,30,30,30
1680679576171200975,30,30,30,30
1680679576172884595,30,30,30,30
1680679576174581201,30,30,30,30
1680679576176345331,30,30,30,30
1680679576178024831,30,30,30,30
1680679576179705112,30,30,30,30
1680679576181437143,30,30,30,30
1680679576183117423,30,30,30,30
1680679576184802451,30,30,30,30
1680679576186485794,30,30,30,30
1680679576188252782,30,30,30,30
1680679576190056799,30,30,30,30
1680679576191743500,30,30,30,30
1680679576193435491,30,30,30,30
1680679576195121999,30,30,30,30
1680679576196806019,30,30,30,30
1680679576198483913,30,30,30,30
1680679576200176787,30,30,30,30
1680679576201867852,30,30,30,30
1680679576203549250,30,30,30,30
1680679576205238049,30,30,30,30
1680679576206915889,30,30,30,30
1680679576208618326,30,30,30,30
1680679576210417386,30,30,30,30
1680679576212098798,30,30,30,30
1680679576213796545,30,30,30,30
1680679576215486069,30,30,30,30
1680679576217167820,30,30,30,30
1680679576218851300,30,30,30,30
1680679576220637632,30,30,30,30
1680679576222330765,30,30,30,30
1680679576224010525,30,30,30,30
1680679576225688628,30,30,30,30
1680679576227366937,30,30,30,30
1680679576229045497,30,30,30,30
1680679576230867811,30,30,30,30
1680679576232554942,30,30,30,30
1680679576234245990,30,30,30,30
1680679576235925709,30,30,30,30
1680679576237606329,30,30,30,30
1680679576239296747,30,30,30,30
1680679576240999859,30,30,30,30
1680679576242682027,30,30,30,30
1680679576244374464,30,30,30,30
1680679576246169290,30,30,30,30
1680679576247880032,30,30,30,30
1680679576249577171,30,30,30,30
1680679576251330763,30,30,30,30
1680679576253023014,30,30,30,30
1680679576254703000,30,30,30,30
1680679576256389343,30,30,30,30
1680679576258081675,30,30,30,30
1680679576259784640,30,30,30,30
1680679576261497477,30,30,30,30
1680679576263185626,30,30,30,30
1680679576264867457,30,30,30,30
1680679576266578136,30,30,30,30
1680679576268302176,30,30,30,30
1680679576270019443,30,30,30,30
1680679576271709971,30,30,30,30
1680679576273402398,30,30,30,30
1680679576275093898,30,30,30,30
1680679576276773659,30,30,30,30
1680679576278482024,30,30,30,30
1680679576280167686,30,30,30,30
1680679576281913881,30,30,30,30
1680679576283607560,30,30,30,30
1680679576285295061,30,30,30,30
1680679576286980577,30,30,30,30
1680679576288707032,30,30,30,30
1680679576290404857,30,30,30,30
1680679576292070598,30,30,30,30
1680679576293732410,30,30,30,30
1680679576295397667,30,30,30,30
1680679576297075927,30,30,30,30
1680679576298786583,30,30,30,30
1680679576300606700,30,30,30,30
1680679576302319341,30,30,30,30
1680679576304026984,30,30,30,30
1680679576305742632,30,30,30,30
1680679576307464916,30,30,30,30
1680679576309188162,30,30,30,30
1680679576310954245,30,30,30,30
1680679576312636019,30,30,30,30
1680679576314327127,30,30,30,30
1680679576316015224,30,30,30,30
1680679576317718331,30,30,30,30
1680679576319408359,30,30,30,30
1680679576321111193,30,30,30,30
1680679576322793383,30,30,30,30
1680679576324476041,30,30,30,30
1680679576326156707,30,30,30,30
1680679576327867992,30,30,30,30
1680679576329615640,30,30,30,30
1680679576331393812,30,30,30,30
1680679576333091001,30,30,30,30
1680679576334771034,30,30,30,30
1680679576336452189,30,30,30,30
1680679576338157400,30,30,30,30
1680679576339841054,30,30,30,30
1680679576341557277,30,30,30,30
1680679576343241743,30,30,30,30
1680679576344926447,30,30,30,30
1680679576346611287,30,30,30,30
1680679576348318039,30,30,30,30
1680679576350029057,30,30,30,30
1680679576351776719,30,30,30,30
1680679576353457557,30,30,30,30
1680679576355144699,30,30,30,30
1680679576356832392,30,30,30,30
1680679576358505373,30,30,30,30
1680679576360192472,30,30,30,30
1680679576361912220,30,30,30,30
1680679576363594110,30,30,30,30
1680679576365273500,30,30,30,30
1680679576367014647,30,30,30,30
1680679576368726707,30,30,30,30
1680679576370507900,30,30,30,30
1680679576372199477,30,30,30,30
1680679576373889431,30,30,30,30
1680679576375575191,30,30,30,30
1680679576377261006,30,30,30,30
1680679576378951106,30,30,30,30
1680679576380725468,30,30,30,30
1680679576382407929,30,30,30,30
1680679576384089811,30,30,30,30
1680679576385772814,30,30,30,30
1680679576387451802,30,30,30,30
1680679576389183679,30,30,30,30
1680679576391018613,30,30,30,30
1680679576392667233,30,30,30,30
1680679576394318231,30,30,30,30
1680679576395963579,30,30,30,30
1680679576397613842,30,30,30,30
1680679576399264172,30,30,30,30
1680679576400938238,30,30,30,30
1680679576402650138,30,30,30,30
1680679576404362369,30,30,30,30
1680679576406077370,30,30,30,30
1680679576407786276,30,30,30,30
1680679576409503982,30,30,30,30
1680679576411299051,30,30,30,30
1680679576412991784,30,30,30,30
1680679576414705502,30,30,30,30
1680679576416404526,30,30,30,30
1680679576418145072,30,30,30,30
1680679576419822453,30,30,30,30
1680679576421514931,30,30,30,30
1680679576423202207,30,30,30,30
1680679576424890153,30,30,30,30
1680679576426570471,30,30,30,30
1680679576428269722,30,30,30,30
1680679576430031625,30,30,30,30
1680679576431773390,30,30,30,30
1680679576433465672,30,30,30,30
1680679576435148792,30,30,30,30
1680679576436829116,30,30,30,30
1680679576438565795,30,30,30,30
1680679576440245792,30,30,30,30
1680679576441995735,30,30,30,30
1680679576443675750,30,30,30,30
1680679576445379829,30,30,30,30
1680679576447061349,30,30,30,30
1680679576448786717,30,30,30,30
1680679576450486231,30,30,30,30
1680679576452170124,30,30,30,30
1680679576453860121,30,30,30,30
1680679576455611549,30,30,30,30
1680679576457362940,30,30,30,30
1680679576459048535,30,30,30,30
1680679576460726505,30,30,30,30
1680679576462421945,30,30,30,30
1680679576464105097,30,30,30,30
1680679576465810874,30,30,30,30
1680679576467500670,30,30,30,30
1680679576469210444,30,30,30,30
1680679576470941725,30,30,30,30
1680679576472633127,30,30,30,30
1680679576474326389,30,30,30,30
1680679576476007905,30,30,30,30
1680679576477689944,30,30,30,30
1680679576479366875,30,30,30,30
1680679576481093536,30,30,30,30
1680679576482776793,30,30,30,30
1680679576484530803,30,30,30,30
1680679576486217961,30,30,30,30
1680679576487906711,30,30,30,30
1680679576489601006,30,30,30,30
1680679576491396841,30,30,30,30
1680679576493082501,30,30,30,30
1680679576494756826,30,30,30,30
1680679576496427980,30,30,30,30
1680679576498108984,30,30,30,30
1680679576499770115,30,30,30,30
1680679576501535565,30,30,30,30
1680679576503202771,30,30,30,30
1680679576504862233,30,30,30,30
1680679576506547170,30,30,30,30
1680679576508289216,30,30,30,30
1680679576509980782,30,30,30,30
1680679576511708938,30,30,30,30
1680679576513393493,30,30,30,30
1680679576515083720,30,30,30,30
1680679576516795963,30,30,30,30
1680679576518600784,30,30,30,30
1680679576520313695,30,30,30,30
1680679576522064071,30,30,30,30
1680679576523774378,30,30,30,30
1680679576525483918,30,30,30,30
1680679576527179047,30,30,30,30
1680679576528866640,30,30,30,30
1680679576530531355,30,30,30,30
1680679576532182291,30,30,30,30
1680679576533842693,30,30,30,30
1680679576535490982,30,30,30,30
1680679576537138627,30,30,30,30
1680679576538828350,30,30,30,30
1680679576540514324,30,30,30,30
1680679576542235441,30,30,30,30
1680679576543926442,30,30,30,30
1680679576545609116,30,30,30,30
1680679576547291664,30,30,30,30
1680679576548999862,30,30,30,30
1680679576550890749,30,30,30,30
1680679576552594463,30,30,30,30
1680679576554311639,30,30,30,30
1680679576556013222,30,30,30,30
1680679576557723170,30,30,30,30
1680679576559420903,30,30,30,30
1680679576561236946,30,30,30,30
1680679576562918776,30,30,30,30
1680679576564603075,30,30,30,30
1680679576566298808,30,30,30,30
1680679576568003320,30,30,30,30
1680679576569755834,30,30,30,30
1680679576571501726,30,30,30,30
1680679576573183558,30,30,30,30
1680679576574879995,30,30,30,30
1680679576576633273,30,30,30,30
1680679576578389192,30,30,30,30
1680679576580077566,30,30,30,30
1680679576581765455,30,30,30,30
1680679576583450169,30,30,30,30
1680679576585139869,30,30,30,30
1680679576586825008,30,30,30,30
1680679576588532497,30,30,30,30
1680679576590228270,30,30,30,30
1680679576592002387,30,30,30,30
1680679576593815410,30,30,30,30
1680679576595505537,30,30,30,30
1680679576597188619,30,30,30,30
1680679576598880364,30,30,30,30
1680679576600648436,30,30,30,30
1680679576602392270,30,30,30,30
1680679576604073945,30,30,30,30
1680679576605754994,30,30,30,30
1680679576607437210,30,30,30,30
1680679576609152547,30,30,30,30
1680679576610858409,30,30,30,30
1680679576612525719,30,30,30,30
1680679576614205115,30,30,30,30
1680679576615865523,30,30,30,30
1680679576617536573,30,30,30,30
1680679576619200438,30,30,30,30
1680679576620860720,30,30,30,30
1680679576622608545,30,30,30,30
1680679576624321914,30,30,30,30
1680679576626033232,30,30,30,30
1680679576627747414,30,30,30,30
1680679576629481220,30,30,30,30
1680679576631206962,30,30,30,30
1680679576632921531,30,30,30,30
1680679576634608816,30,30,30,30
1680679576636292139,30,30,30,30
1680679576637979208,30,30,30,30
1680679576639666905,30,30,30,30
1680679576641436007,30,30,30,30
1680679576643121581,30,30,30,30
1680679576644811105,30,30,30,30
1680679576646548915,30,30,30,30
1680679576648237586,30,30,30,30
1680679576649978376,30,30,30,30
1680679576651750364,30,30,30,30
1680679576653427273,30,30,30,30
1680679576655109056,30,30,30,30
1680679576656785461,30,30,30,30
1680679576658469154,30,30,30,30
1680679576660152422,30,30,30,30
1680679576661951729,30,30,30,30
1680679576663730720,30,30,30,30
1680679576665417097,30,30,30,30
1680679576667099878,30,30,30,30
1680679576668800309,30,30,30,30
1680679576670482219,30,30,30,30
1680679576672207995,30,30,30,30
1680679576673903751,30,30,30,30
1680679576675592497,30,30,30,30
1680679576677274997,30,30,30,30
1680679576678955838,30,30,30,30
1680679576680641433,30,30,30,30
1680679576682379785,30,30,30,30
1680679576684069205,30,30,30,30
1680679576685754013,30,30,30,30
1680679576687455582,30,30,30,30
1680679576689171670,30,30,30,30
1680679576690874078,30,30,30,30
1680679576692554684,30,30,30,30
1680679576694252369,30,30,30,30
1680679576695937074,30,30,30,30
1680679576697616483,30,30,30,30
1680679576699295197,30,30,30,30
1680679576700979335,30,30,30,30
1680679576702718645,30,30,30,30
1680679576704407114,30,30,30,30
1680679576706110526,30,30,30,30
1680679576707794140,30,30,30,30
1680679576709503359,30,30,30,30
1680679576711305246,30,30,30,30
1680679576713008386,30,30,30,30
1680679576714682603,30,30,30,30
1680679576716364545,30,30,30,30
1680679576718054519,30,30,30,30
1680679576719810699,30,30,30,30
1680679576721497150,30,30,30,30
1680679576723246891,30,30,30,30
1680679576724926867,30,30,30,30
1680679576726605364,30,30,30,30
1680679576728287756,30,30,30,30
1680679576730002763,30,30,30,30
1680679576731761595,30,30,30,30
1680679576733447970,30,30,30,30
1680679576735130158,30,30,30,30
1680679576736821490,30,30,30,30
1680679576738507587,30,30,30,30
1680679576740194098,30,30,30,30
1680679576741936381,30,30,30,30
1680679576743626135,30,30,30,30
1680679576745320491,30,30,30,30
1680679576747002402,30,30,30,30
1680679576748827342,30,30,30,30
1680679576750501917,30,30,30,30
1680679576752298056,30,30,30,30
1680679576754053103,30,30,30,30
1680679576755734631,30,30,30,30
1680679576757414308,30,30,30,30
1680679576759092424,30,30,30,30
1680679576760773770,30,30,30,30
1680679576762507836,30,30,30,30
1680679576764184887,30,30,30,30
1680679576765863162,30,30,30,30
1680679576767549087,30,30,30,30
1680679576769322290,30,30,30,30
1680679576771001389,30,30,30,30
1680679576772725355,30,30,30,30
1680679576774425581,30,30,30,30
1680679576776127321,30,30,30,30
1680679576777818116,30,30,30,30
1680679576779507918,30,30,30,30
1680679576781194315,30,30,30,30
1680679576782894311,30,30,30,30
1680679576784583703,30,30,30,30
1680679576786276703,30,30,30,30
1680679576787968480,30,30,30,30
1680679576789674363,30,30,30,30
1680679576791401149,30,30,30,30
1680679576793087451,30,30,30,30
1680679576794774165,30,30,30,30
1680679576796461028,30,30,30,30
1680679576798149627,30,30,30,30
1680679576799844868,30,30,30,30
1680679576801621361,30,30,30,30
1680679576803303311,30,30,30,30
1680679576804984821,30,30,30,30
1680679576806666807,30,30,30,30
1680679576808355427,30,30,30,30
1680679576810113269,30,30,30,30
1680679576811863823,30,30,30,30
1680679576813550366,30,30,30,30
1680679576815236160,30,30,30,30
1680679576816925121,30,30,30,30
1680679576818655653,30,30,30,30
1680679576820342095,30,30,30,30
1680679576822200281,30,30,30,30
1680679576823892349,30,30,30,30
1680679576825572611,30,30,30,30
1680679576827244652,30,30,30,30
1680679576829072840,30,30,30,30
1680679576830757978,30,30,30,30
1680679576832546226,30,30,30,30
1680679576834238271,30,30,30,30
1680679576835950472,30,30,30,30
1680679576837632165,30,30,30,30
1680679576839314220,30,30,30,30
1680679576840994314,30,30,30,30
1680679576842727591,30,30,30,30
1680679576844414957,30,30,30,30
1680679576846105730,30,30,30,30
1680679576847798640,30,30,30,30
1680679576849494821,30,30,30,30
1680679576851255002,30,30,30,30
1680679576852957471,30,30,30,30
1680679576854643895,30,30,30,30
1680679576856324258,30,30,30,30
1680679576858008899,30,30,30,30
1680679576859697842,30,30,30,30
1680679576861384456,30,30,30,30
1680679576863120421,30,30,30,30
1680679576864809575,30,30,30,30
1680679576866492761,30,30,30,30
1680679576868233181,30,30,30,30
1680679576869975818,30,30,30,30
1680679576871716546,30,30,30,30
1680679576873411601,30,30,30,30
1680679576875097586,30,30,30,30
1680679576876776283,30,30,30,30
1680679576878458922,30,30,30,30
1680679576880142943,30,30,30,30
1680679576881835027,30,30,30,30
1680679576883520844,30,30,30,30
1680679576885200119,30,30,30,30
1680679576886882256,30,30,30,30
1680679576888567659,30,30,30,30
1680679576890313616,30,30,30,30
1680679576892047681,30,30,30,30
1680679576893733951,30,30,30,30
1680679576895414225,30,30,30,30
1680679576897097949,30,30,30,30
1680679576898777798,30,30,30,30
1680679576900462640,30,30,30,30
1680679576902179310,30,30,30,30
1680679576903861751,30,30,30,30
1680679576905552481,30,30,30,30
1680679576907229929,30,30,30,30
1680679576908910008,30,30,30,30
1680679576910591530,30,30,30,30
1680679576912371021,30,30,30,30
1680679576914029031,30,30,30,30
1680679576915692054,30,30,30,30
1680679576917357840,30,30,30,30
1680679576919067121,30,30,30,30
1680679576920727340,30,30,30,30
1680679576922465140,30,30,30,30
1680679576924175096,30,30,30,30
1680679576925973917,30,30,30,30
1680679576927685517,30,30,30,30
1680679576929442738,30,30,30,30
1680679576931150711,30,30,30,30
1680679576932901335,30,30,30,30
1680679576934756174,30,30,30,30
1680679576936460981,30,30,30,30
1680679576938161404,30,30,30,30
1680679576939845064,30,30,30,30
1680679576941523487,30,30,30,30
1680679576943334684,30,30,30,30
1680679576945028607,30,30,30,30
1680679576946780505,30,30,30,30
1680679576948465966,30,30,30,30
1680679576950367833,30,30,30,30
1680679576952114961,30,30,30,30
1680679576953812713,30,30,30,30
1680679576955497433,30,30,30,30
1680679576957348648,30,30,30,30
1680679576959039794,30,30,30,30
1680679576960726901,30,30,30,30
1680679576962509267,30,30,30,30
1680679576964204227,30,30,30,30
1680679576965895041,30,30,30,30
1680679576967583099,30,30,30,30
1680679576969323570,30,30,30,30
1680679576971000670,30,30,30,30
1680679576972798158,30,30,30,30
1680679576974549015,30,30,30,30
1680679576976231664,30,30,30,30
1680679576977929660,30,30,30,30
1680679576979623031,30,30,30,30
1680679576981318483,30,30,30,30
1680679576983092935,30,30,30,30
1680679576984777187,30,30,30,30
1680679576986454748,30,30,30,30
1680679576988136735,30,30,30,30
1680679576989841803,30,30,30,30
1680679576991587219,30,30,30,30
1680679576993268717,30,30,30,30
1680679576994948911,30,30,30,30
1680679576996619301,30,30,30,30
1680679576998295861,30,30,30,30
1680679576999963676,30,30,30,30
1680679577001626448,30,30,30,30
1680679577003307492,30,30,30,30
1680679577005015098,30,30,30,30
1680679577006702517,30,30,30,30
1680679577008391716,30,30,30,30
1680679577010193799,30,30,30,30
1680679577011963164,30,30,30,30
1680679577013651556,30,30,30,30
1680679577015561736,30,30,30,30
1680679577017438782,30,30,30,30
1680679577019333894,30,30,30,30
1680679577021222242,30,30,30,30
1680679577023130501,30,30,30,30
1680679577025025097,30,30,30,30
1680679577026977203,30,30,30,30
1680679577029541155,30,30,30,30
1680679577031434327,30,30,30,30
1680679577033340084,30,30,30,30
1680679577035244545,30,30,30,30
1680679577037198747,30,30,30,30
1680679577039103428,30,30,30,30
1680679577040995907,30,30,30,30
1680679577042993659,30,30,30,30
1680679577045507059,30,30,30,30
1680679577047387742,30,30,30,30
1680679577049269350,30,30,30,30
1680679577051132209,30,30,30,30
1680679577053036702,30,30,30,30
1680679577054925193,30,30,30,30
1680679577056817517,30,30,30,30
1680679577058728005,30,30,30,30
1680679577061298888,30,30,30,30
1680679577063272396,30,30,30,30
1680679577065164674,30,30,30,30
1680679577067074275,30,30,30,30
1680679577068984323,30,30,30,30
1680679577070886275,30,30,30,30
1680679577072880241,30,30,30,30
1680679577074800237,30,30,30,30
1680679577077421474,30,30,30,30
1680679577079917129,30,30,30,30
1680679577082218618,30,30,30,30
1680679577118146939,30,30,30,30
1680679577184673996,30,30,30,30
1680679577219752217,30,30,30,30
1680679577221669722,30,30,30,30
1680679577223615128,30,30,30,30
1680679577225518631,30,30,30,30
1680679577227420164,30,30,30,30
1680679577229270073,30,30,30,30
1680679577230968629,30,30,30,30
1680679577232667198,30,30,30,30
1680679577234304103,30,30,30,30
1680679577235930798,30,30,30,30
1680679577237557866,30,30,30,30
1680679577239198513,30,30,30,30
1680679577240972760,30,30,30,30
1680679577242651901,30,30,30,30
1680679577244384613,30,30,30,30
1680679577246077290,30,30,30,30
1680679577247763281,30,30,30,30
1680679577249447492,30,30,30,30
1680679577251176990,30,30,30,30
1680679577252923856,30,30,30,30
1680679577254604543,30,30,30,30
1680679577256290687,30,30,30,30
1680679577257986518,30,30,30,30
1680679577259681064,30,30,30,30
1680679577261449047,30,30,30,30
1680679577263180784,30,30,30,30
1680679577264864638,30,30,30,30
1680679577266540823,30,30,30,30
1680679577268222429,30,30,30,30
1680679577269945588,30,30,30,30
1680679577271635082,30,30,30,30
1680679577273412213,30,30,30,30
1680679577275089488,30,30,30,30
1680679577276727134,30,30,30,30
1680679577278412722,30,30,30,30
1680679577280101424,30,30,30,30
1680679577281794971,30,30,30,30
1680679577283587059,30,30,30,30
1680679577285274669,30,30,30,30
1680679577286961153,30,30,30,30
1680679577288649033,30,30,30,30
1680679577290455619,30,30,30,30
1680679577292176845,30,30,30,30
1680679577293918273,30,30,30,30
1680679577295602902,30,30,30,30
1680679577297288146,30,30,30,30
1680679577298967640,30,30,30,30
1680679577300654426,30,30,30,30
1680679577302335721,30,30,30,30
1680679577304040269,30,30,30,30
1680679577305723520,30,30,30,30
1680679577307406495,30,30,30,30
1680679577309088166,30,30,30,30
1680679577310795197,30,30,30,30
1680679577312564709,30,30,30,30
1680679577314278274,30,30,30,30
1680679577315973485,30,30,30,30
1680679577317659671,30,30,30,30
1680679577319344408,30,30,30,30
1680679577321022019,30,30,30,30
1680679577322697332,30,30,30,30
1680679577324415184,30,30,30,30
1680679577326088923,30,30,30,30
1680679577327755985,30,30,30,30
1680679577329422544,30,30,30,30
1680679577331100471,30,30,30,30
1680679577332840711,30,30,30,30
1680679577334547704,30,30,30,30
1680679577336293807,30,30,30,30
1680679577338021454,30,30,30,30
1680679577339727801,30,30,30,30
1680679577341427808,30,30,30,30
1680679577343150192,30,30,30,30
1680679577344940917,30,30,30,30
1680679577346621131,30,30,30,30
1680679577348451027,30,30,30,30
1680679577350201662,30,30,30,30
1680679577352003943,30,30,30,30
1680679577353782380,30,30,30,30
1680679577355463801,30,30,30,30
1680679577357144928,30,30,30,30
1680679577358826612,30,30,30,30
1680679577360506312,30,30,30,30
1680679577362197302,30,30,30,30
1680679577363922562,30,30,30,30
1680679577365602071,30,30,30,30
1680679577367279874,30,30,30,30
1680679577368994860,30,30,30,30
1680679577370704957,30,30,30,30
1680679577372496223,30,30,30,30
1680679577374272430,30,30,30,30
1680679577375952411,30,30,30,30
1680679577377629373,30,30,30,30
1680679577379310056,30,30,30,30
1680679577380990328,30,30,30,30
1680679577382670492,30,30,30,30
1680679577384377664,30,30,30,30
1680679577386072163,30,30,30,30
1680679577387761530,30,30,30,30
1680679577389458870,30,30,30,30
1680679577391212500,30,30,30,30
1680679577393020444,30,30,30,30
1680679577394703424,30,30,30,30
1680679577396383243,30,30,30,30
1680679577398065004,30,30,30,30
1680679577399751958,30,30,30,30
1680679577401443649,30,30,30,30
1680679577403131820,30,30,30,30
1680679577404820445,30,30,30,30
1680679577406510411,30,30,30,30
1680679577408191116,30,30,30,30
1680679577409877279,30,30,30,30
1680679577411608953,30,30,30,30
1680679577413367956,30,30,30,30
1680679577415043857,30,30,30,30
1680679577416726873,30,30,30,30
1680679577418409874,30,30,30,30
1680679577420170217,30,30,30,30
1680679577421860285,30,30,30,30
1680679577423566747,30,30,30,30
1680679577425257633,30,30,30,30
1680679577426941049,30,30,30,30
1680679577428610902,30,30,30,30
1680679577430315740,30,30,30,30
1680679577431991571,30,30,30,30
1680679577433743276,30,30,30,30
1680679577435411437,30,30,30,30
1680679577437159501,30,30,30,30
1680679577438865279,30,30,30,30
1680679577440574537,30,30,30,30
1680679577442289742,30,30,30,30
1680679577444013163,30,30,30,30
1680679577445722881,30,30,30,30
1680679577447433732,30,30,30,30
1680679577449143796,30,30,30,30
1680679577451096986,30,30,30,30
1680679577452834917,30,30,30,30
1680679577454542575,30,30,30,30
1680679577456239759,30,30,30,30
1680679577457961003,30,30,30,30
1680679577459661468,30,30,30,30
1680679577461327903,30,30,30,30
1680679577463014046,30,30,30,30
1680679577464726157,30,30,30,30
1680679577466389100,30,30,30,30
1680679577468054115,30,30,30,30
1680679577469752791,30,30,30,30
1680679577471490344,30,30,30,30
1680679577473230765,30,30,30,30
1680679577474910462,30,30,30,30
1680679577476591813,30,30,30,30
1680679577478284403,30,30,30,30
1680679577479966684,30,30,30,30
1680679577481661132,30,30,30,30
1680679577483344214,30,30,30,30
1680679577485023732,30,30,30,30
1680679577486707335,30,30,30,30
1680679577488386491,30,30,30,30
1680679577490092242,30,30,30,30
1680679577491776839,30,30,30,30
1680679577493614241,30,30,30,30
1680679577495294062,30,30,30,30
1680679577496988519,30,30,30,30
1680679577498676474,30,30,30,30
1680679577500366088,30,30,30,30
1680679577502062124,30,30,30,30
1680679577503846966,30,30,30,30
1680679577505537197,30,30,30,30
1680679577507222645,30,30,30,30
1680679577508905261,30,30,30,30
1680679577510671235,30,30,30,30
1680679577512363138,30,30,30,30
1680679577514115842,30,30,30,30
1680679577515817957,30,30,30,30
1680679577517562781,30,30,30,30
1680679577519254513,30,30,30,30
1680679577520933999,30,30,30,30
1680679577522614043,30,30,30,30
1680679577524383803,30,30,30,30
1680679577526075993,30,30,30,30
1680679577527758815,30,30,30,30
1680679577529443398,30,30,30,30
1680679577531190240,30,30,30,30
1680679577532888029,30,30,30,30
1680679577534575788,30,30,30,30
1680679577536262314,30,30,30,30
1680679577537952732,30,30,30,30
1680679577539624502,30,30,30,30
1680679577541300537,30,30,30,30
1680679577542982287,30,30,30,30
1680679577544727225,30,30,30,30
1680679577546408490,30,30,30,30
1680679577548145491,30,30,30,30
1680679577549842447,30,30,30,30
1680679577551594268,30,30,30,30
1680679577553313448,30,30,30,30
1680679577554991644,30,30,30,30
1680679577556677190,30,30,30,30
1680679577558379830,30,30,30,30
1680679577560131771,30,30,30,30
1680679577561835302,30,30,30,30
1680679577563529818,30,30,30,30
1680679577565217475,30,30,30,30
1680679577566898114,30,30,30,30
1680679577568585112,30,30,30,30
1680679577570286389,30,30,30,30
1680679577571975440,30,30,30,30
1680679577573747034,30,30,30,30
1680679577575441958,30,30,30,30
1680679577577118360,30,30,30,30
1680679577578804106,30,30,30,30
1680679577580487391,30,30,30,30
1680679577582175123,30,30,30,30
1680679577583984814,30,30,30,30
1680679577585670260,30,30,30,30
1680679577587349608,30,30,30,30
1680679577589034434,30,30,30,30
1680679577590729467,30,30,30,30
1680679577592424342,30,30,30,30
1680679577594192604,30,30,30,30
1680679577595871868,30,30,30,30
1680679577597550296,30,30,30,30
1680679577599233879,30,30,30,30
1680679577600916035,30,30,30,30
1680679577602595886,30,30,30,30
1680679577604313336,30,30,30,30
1680679577606063721,30,30,30,30
1680679577607729178,30,30,30,30
1680679577609390572,30,30,30,30
1680679577611110761,30,30,30,30
1680679577612779087,30,30,30,30
1680679577614485011,30,30,30,30
1680679577616200349,30,30,30,30
1680679577617979309,30,30,30,30
1680679577619689373,30,30,30,30
1680679577621393769,30,30,30,30
1680679577623093571,30,30,30,30
1680679577624851046,30,30,30,30
1680679577626529705,30,30,30,30
1680679577628212407,30,30,30,30
1680679577629899262,30,30,30,30
1680679577631638457,30,30,30,30
1680679577633354411,30,30,30,30
1680679577635036371,30,30,30,30
1680679577636723856,30,30,30,30
1680679577638415649,30,30,30,30
1680679577640103395,30,30,30,30
1680679577641797891,30,30,30,30
1680679577643579527,30,30,30,30
1680679577645301155,30,30,30,30
1680679577646991283,30,30,30,30
1680679577648674257,30,30,30,30
1680679577650364359,30,30,30,30
1680679577652157837,30,30,30,30
1680679577653940120,30,30,30,30
1680679577655633053,30,30,30,30
1680679577657314672,30,30,30,30
1680679577658989638,30,30,30,30
1680679577660672269,30,30,30,30
1680679577662363500,30,30,30,30
1680679577664082828,30,30,30,30
1680679577665785082,30,30,30,30
1680679577667474088,30,30,30,30
1680679577669161530,30,30,30,30
1680679577670867591,30,30,30,30
1680679577672555020,30,30,30,30
1680679577674359705,30,30,30,30
1680679577676046519,30,30,30,30
1680679577677725234,30,30,30,30
1680679577679415858,30,30,30,30
1680679577681158685,30,30,30,30
1680679577682841547,30,30,30,30
1680679577684600938,30,30,30,30
1680679577686291455,30,30,30,30
1680679577687973329,30,30,30,30
1680679577689656690,30,30,30,30
1680679577691372741,30,30,30,30
1680679577693143049,30,30,30,30
1680679577694908376,30,30,30,30
1680679577696592356,30,30,30,30
1680679577698289901,30,30,30,30
1680679577699973972,30,30,30,30
1680679577701651035,30,30,30,30
1680679577703335068,30,30,30,30
1680679577705049982,30,30,30,30
1680679577706729676,30,30,30,30
1680679577708397537,30,30,30,30
1680679577710077740,30,30,30,30
1680679577711763722,30,30,30,30
1680679577713480090,30,30,30,30
1680679577715147018,30,30,30,30
1680679577716812537,30,30,30,30
1680679577718507152,30,30,30,30
1680679577720218318,30,30,30,30
1680679577721929567,30,30,30,30
1680679577723628779,30,30,30,30
1680679577725344389,30,30,30,30
1680679577727043987,30,30,30,30
1680679577728727440,30,30,30,30
1680679577730419432,30,30,30,30
1680679577732162955,30,30,30,30
1680679577734008270,30,30,30,30
1680679577735699807,30,30,30,30
1680679577737468156,30,30,30,30
1680679577739150433,30,30,30,30
1680679577740832332,30,30,30,30
1680679577742513321,30,30,30,30
1680679577744261698,30,30,30,30
1680679577745994578,30,30,30,30
1680679577747682482,30,30,30,30
1680679577749369869,30,30,30,30
1680679577751080332,30,30,30,30
1680679577752777616,30,30,30,30
1680679577754520883,30,30,30,30
1680679577756205226,30,30,30,30
1680679577757902180,30,30,30,30
1680679577759580510,30,30,30,30
1680679577761259819,30,30,30,30
1680679577762941256,30,30,30,30
1680679577764634958,30,30,30,30
1680679577766330909,30,30,30,30
1680679577768012258,30,30,30,30
1680679577769729256,30,30,30,30
1680679577771470636,30,30,30,30
1680679577773156264,30,30,30,30
1680679577774864413,30,30,30,30
1680679577776550798,30,30,30,30
1680679577778249469,30,30,30,30
1680679577779937267,30,30,30,30
1680679577781630917,30,30,30,30
1680679577783317298,30,30,30,30
1680679577785057389,30,30,30,30
1680679577786740349,30,30,30,30
1680679577788422456,30,30,30,30
1680679577790138688,30,30,30,30
1680679577791920362,30,30,30,30
1680679577793735395,30,30,30,30
1680679577795410137,30,30,30,30
1680679577797090216,30,30,30,30
1680679577798807629,30,30,30,30
1680679577800499537,30,30,30,30
1680679577802188680,30,30,30,30
1680679577803871138,30,30,30,30
1680679577805549065,30,30,30,30
1680679577807311747,30,30,30,30
1680679577808993512,30,30,30,30
1680679577810673183,30,30,30,30
1680679577812357109,30,30,30,30
1680679577814070935,30,30,30,30
1680679577815740594,30,30,30,30
1680679577817400616,30,30,30,30
1680679577819068467,30,30,30,30
1680679577820777560,30,30,30,30
1680679577822457188,30,30,30,30
1680679577824183640,30,30,30,30
1680679577825867497,30,30,30,30
1680679577827559788,30,30,30,30
1680679577829240432,30,30,30,30
1680679577830920028,30,30,30,30
1680679577832628859,30,30,30,30
1680679577834419498,30,30,30,30
1680679577836117065,30,30,30,30
1680679577837836332,30,30,30,30
1680679577839537249,30,30,30,30
1680679577841251980,30,30,30,30
1680679577842954667,30,30,30,30
1680679577844628634,30,30,30,30
1680679577846307855,30,30,30,30
1680679577847975813,30,30,30,30
1680679577849639062,30,30,30,30
1680679577851355244,30,30,30,30
1680679577853029651,30,30,30,30
1680679577854751707,30,30,30,30
1680679577856466932,30,30,30,30
1680679577858189424,30,30,30,30
1680679577859944869,30,30,30,30
1680679577861648967,30,30,30,30
1680679577863345288,30,30,30,30
1680679577865122177,30,30,30,30
1680679577866802469,30,30,30,30
1680679577868481939,30,30,30,30
1680679577870164802,30,30,30,30
1680679577871859400,30,30,30,30
1680679577873561257,30,30,30,30
1680679577875241508,30,30,30,30
1680679577876922195,30,30,30,30
1680679577878600668,30,30,30,30
1680679577880282590,30,30,30,30
1680679577881972098,30,30,30,30
1680679577883661133,30,30,30,30
1680679577885399381,30,30,30,30
1680679577887080886,30,30,30,30
1680679577888726900,30,30,30,30
1680679577890427317,30,30,30,30
1680679577892186739,30,30,30,30
1680679577894004416,30,30,30,30
1680679577895698098,30,30,30,30
1680679577897371541,30,30,30,30
1680679577899050746,30,30,30,30
1680679577900726192,30,30,30,30
1680679577902410477,30,30,30,30
1680679577904101366,30,30,30,30
1680679577905795768,30,30,30,30
1680679577907481073,30,30,30,30
1680679577909160917,30,30,30,30
1680679577910845967,30,30,30,30
1680679577912579619,30,30,30,30
1680679577914369139,30,30,30,30
1680679577916061414,30,30,30,30
1680679577917745268,30,30,30,30
1680679577919424549,30,30,30,30
1680679577921161967,30,30,30,30
1680679577922841862,30,30,30,30
1680679577924623324,30,30,30,30
1680679577926318156,30,30,30,30
1680679577928004066,30,30,30,30
1680679577929683769,30,30,30,30
1680679577931438249,30,30,30,30
1680679577933134944,30,30,30,30
1680679577934887841,30,30,30,30
1680679577936580273,30,30,30,30
1680679577938276989,30,30,30,30
1680679577939973877,30,30,30,30
1680679577941657358,30,30,30,30
1680679577943342752,30,30,30,30
1680679577945081792,30,30,30,30
1680679577946766257,30,30,30,30
1680679577948436229,30,30,30,30
1680679577950126774,30,30,30,30
1680679577951860297,30,30,30,30
1680679577953585199,30,30,30,30
1680679577955274711,30,30,30,30
1680679577956945903,30,30,30,30
1680679577958654354,30,30,30,30
1680679577960355669,30,30,30,30
1680679577962074394,30,30,30,30
1680679577963774252,30,30,30,30
1680679577965543498,30,30,30,30
1680679577967259202,30,30,30,30
1680679577968960032,30,30,30,30
1680679577970641067,30,30,30,30
1680679577972383606,30,30,30,30
1680679577974127333,30,30,30,30
1680679577975824956,30,30,30,30
1680679577977505963,30,30,30,30
1680679577979185567,30,30,30,30
1680679577980865177,30,30,30,30
1680679577982543788,30,30,30,30
1680679577984228075,30,30,30,30
1680679577985913717,30,30,30,30
1680679577987595589,30,30,30,30
1680679577989277327,30,30,30,30
1680679577990995513,30,30,30,30
1680679577992727017,30,30,30,30
1680679577994534682,30,30,30,30
1680679577996318445,30,30,30,30
1680679577998012534,30,30,30,30
1680679577999707564,30,30,30,30
1680679578001426974,30,30,30,30
1680679578003110708,30,30,30,30
1680679578004812701,30,30,30,30
1680679578006491093,30,30,30,30
1680679578008175193,30,30,30,30
1680679578009867532,30,30,30,30
1680679578011552955,30,30,30,30
1680679578013241730,30,30,30,30
1680679578015032062,30,30,30,30
1680679578016721253,30,30,30,30
1680679578018412422,30,30,30,30
1680679578020177324,30,30,30,30
1680679578021872073,30,30,30,30
1680679578023559460,30,30,30,30
1680679578025320263,30,30,30,30
1680679578027002360,30,30,30,30
1680679578028682174,30,30,30,30
1680679578030376949,30,30,30,30
1680679578032080959,30,30,30,30
1680679578033801303,30,30,30,30
1680679578035493776,30,30,30,30
1680679578037241265,30,30,30,30
1680679578038923266,30,30,30,30
1680679578040609485,30,30,30,30
1680679578042300817,30,30,30,30
1680679578043986611,30,30,30,30
1680679578045721634,30,30,30,30
1680679578047401079,30,30,30,30
1680679578049172867,30,30,30,30
1680679578050899940,30,30,30,30
1680679578052795512,30,30,30,30
1680679578054497290,30,30,30,30
1680679578056172363,30,30,30,30
1680679578057847673,30,30,30,30
1680679578059511925,30,30,30,30
1680679578061185416,30,30,30,30
1680679578062857033,30,30,30,30
1680679578064545059,30,30,30,30
1680679578066301269,30,30,30,30
1680679578067983818,30,30,30,30
1680679578069665509,30,30,30,30
1680679578071344595,30,30,30,30
1680679578073077089,30,30,30,30
1680679578074864512,30,30,30,30
1680679578076551126,30,30,30,30
1680679578078253614,30,30,30,30
1680679578079944229,30,30,30,30
1680679578081631266,30,30,30,30
1680679578083309568,30,30,30,30
1680679578084996348,30,30,30,30
1680679578086671359,30,30,30,30
1680679578088351277,30,30,30,30
1680679578090032316,30,30,30,30
1680679578091712962,30,30,30,30
1680679578093431660,30,30,30,30
1680679578095207422,30,30,30,30
1680679578096938808,30,30,30,30
1680679578098673444,30,30,30,30
1680679578100400336,30,30,30,30
1680679578102138249,30,30,30,30
1680679578103857472,30,30,30,30
1680679578105598959,30,30,30,30
1680679578107281972,30,30,30,30
1680679578108961866,30,30,30,30
1680679578110648133,30,30,30,30
1680679578112461488,30,30,30,30
1680679578114292982,30,30,30,30
1680679578115991110,30,30,30,30
1680679578117703092,30,30,30,30
1680679578119373583,30,30,30,30
1680679578121058558,30,30,30,30
1680679578122739733,30,30,30,30
1680679578124420338,30,30,30,30
1680679578126132866,30,30,30,30
1680679578127824865,30,30,30,30
1680679578129510435,30,30,30,30
1680679578131192012,30,30,30,30
1680679578132931335,30,30,30,30
1680679578134651582,30,30,30,30
1680679578136320470,30,30,30,30
1680679578137996099,30,30,30,30
1680679578139668424,30,30,30,30
1680679578141335804,30,30,30,30
1680679578142999371,30,30,30,30
1680679578144668548,30,30,30,30
1680679578146354740,30,30,30,30
1680679578148064703,30,30,30,30
1680679578149783726,30,30,30,30
1680679578151491482,30,30,30,30
1680679578153336066,30,30,30,30
1680679578155222702,30,30,30,30
1680679578156920151,30,30,30,30
1680679578158611061,30,30,30,30
1680679578160296496,30,30,30,30
1680679578161991295,30,30,30,30
1680679578163682460,30,30,30,30
1680679578165374676,30,30,30,30
1680679578167053120,30,30,30,30
1680679578168723056,30,30,30,30
1680679578170429903,30,30,30,30
1680679578172124384,30,30,30,30
1680679578173894656,30,30,30,30
1680679578175609996,30,30,30,30
1680679578177278162,30,30,30,30
1680679578178957369,30,30,30,30
1680679578180644973,30,30,30,30
1680679578182339614,30,30,30,30
1680679578184026240,30,30,30,30
1680679578185764828,30,30,30,30
1680679578187452081,30,30,30,30
1680679578189155731,30,30,30,30
1680679578190868338,30,30,30,30
1680679578192679357,30,30,30,30
1680679578194470458,30,30,30,30
1680679578196239153,30,30,30,30
1680679578197990784,30,30,30,30
1680679578199736974,30,30,30,30
1680679578201410757,30,30,30,30
1680679578203072156,30,30,30,30
1680679578204725542,30,30,30,30
1680679578206383267,30,30,30,30
1680679578208051689,30,30,30,30
1680679578209753674,30,30,30,30
1680679578211465669,30,30,30,30
1680679578213223605,30,30,30,30
1680679578214971797,30,30,30,30
1680679578216676421,30,30,30,30
1680679578218388939,30,30,30,30
1680679578220085349,30,30,30,30
1680679578221815112,30,30,30,30
1680679578223502977,30,30,30,30
1680679578225195288,30,30,30,30
1680679578226880843,30,30,30,30
1680679578228572900,30,30,30,30
1680679578230260742,30,30,30,30
1680679578231947166,30,30,30,30
1680679578233638950,30,30,30,30
1680679578235434768,30,30,30,30
1680679578237122294,30,30,30,30
1680679578238801894,30,30,30,30
1680679578240481385,30,30,30,30
1680679578242175719,30,30,30,30
1680679578243945607,30,30,30,30
1680679578245641828,30,30,30,30
1680679578247323405,30,30,30,30
1680679578249290182,30,30,30,30
1680679578251331683,30,30,30,30
1680679578253093072,30,30,30,30
1680679578254821141,30,30,30,30
1680679578256595329,30,30,30,30
1680679578258368058,30,30,30,30
1680679578260060006,30,30,30,30
1680679578261754912,30,30,30,30
1680679578263434826,30,30,30,30
1680679578265349284,30,30,30,30
1680679578267051544,30,30,30,30
1680679578268726915,30,30,30,30
1680679578270419194,30,30,30,30
1680679578272283978,30,30,30,30
1680679578273984003,30,30,30,30
1680679578275737938,30,30,30,30
1680679578277427051,30,30,30,30
1680679578279121160,30,30,30,30
1680679578280834028,30,30,30,30
1680679578282513509,30,30,30,30
1680679578284197235,30,30,30,30
1680679578286057120,30,30,30,30
1680679578287741294,30,30,30,30
1680679578289424263,30,30,30,30
1680679578291119674,30,30,30,30
1680679578292817525,30,30,30,30
1680679578294533063,30,30,30,30
1680679578296312643,30,30,30,30
1680679578298011062,30,30,30,30
1680679578299702267,30,30,30,30
1680679578301395027,30,30,30,30
1680679578303087848,30,30,30,30
1680679578304726482,30,30,30,30
1680679578306420838,30,30,30,30
1680679578308100081,30,30,30,30
1680679578309791595,30,30,30,30
1680679578311480769,30,30,30,30
1680679578313186721,30,30,30,30
1680679578314976781,30,30,30,30
1680679578316678067,30,30,30,30
1680679578318366787,30,30,30,30
1680679578320050418,30,30,30,30
1680679578321874384,30,30,30,30
1680679578323559089,30,30,30,30
1680679578325301871,30,30,30,30
1680679578326983618,30,30,30,30
1680679578328677624,30,30,30,30
1680679578330539420,30,30,30,30
1680679578332402323,30,30,30,30
1680679578334295879,30,30,30,30
1680679578336217297,30,30,30,30
1680679578338117968,30,30,30,30
1680679578339996058,30,30,30,30
1680679578341867064,30,30,30,30
1680679578344160767,30,30,30,30
1680679578346077974,30,30,30,30
1680679578347923323,30,30,30,30
1680679578349859739,30,30,30,30
1680679578351736628,30,30,30,30
1680679578353642447,30,30,30,30
1680679578355602760,30,30,30,30
1680679578357515916,30,30,30,30
1680679578360529015,30,30,30,30
1680679578362433872,30,30,30,30
1680679578364324880,30,30,30,30
1680679578366317170,30,30,30,30
1680679578368223849,30,30,30,30
1680679578370150187,30,30,30,30
1680679578372051336,30,30,30,30
1680679578373948720,30,30,30,30
1680679578376636739,30,30,30,30
1680679578378570535,30,30,30,30
1680679578380453731,30,30,30,30
1680679578382351220,30,30,30,30
1680679578384244198,30,30,30,30
1680679578386198582,30,30,30,30
1680679578388058166,30,30,30,30
1680679578389926193,30,30,30,30
1680679578392380675,30,30,30,30
1680679578394875829,30,30,30,30
1680679578397188488,30,30,30,30
1680679578430003748,30,30,30,30
1680679578492833477,30,30,30,30
1680679578527270065,30,30,30,30
1680679578529357419,30,30,30,30
1680679578531265199,30,30,30,30
1680679578533191789,30,30,30,30
1680679578535098751,30,30,30,30
1680679578536998364,30,30,30,30
1680679578538619683,30,30,30,30
1680679578540245311,30,30,30,30
1680679578541873739,30,30,30,30
1680679578543498946,30,30,30,30
1680679578545118724,30,30,30,30
1680679578546785372,30,30,30,30
1680679578548439601,30,30,30,30
1680679578550194984,30,30,30,30
1680679578551880536,30,30,30,30
1680679578553576141,30,30,30,30
1680679578555277191,30,30,30,30
1680679578556955373,30,30,30,30
1680679578558632059,30,30,30,30
1680679578560314760,30,30,30,30
1680679578562007550,30,30,30,30
1680679578563699461,30,30,30,30
1680679578565381543,30,30,30,30
1680679578567120734,30,30,30,30
1680679578568806821,30,30,30,30
1680679578570493455,30,30,30,30
1680679578572183174,30,30,30,30
1680679578573932969,30,30,30,30
1680679578575655978,30,30,30,30
1680679578577351332,30,30,30,30
1680679578579030978,30,30,30,30
1680679578580705747,30,30,30,30
1680679578582384116,30,30,30,30
1680679578584052094,30,30,30,30
1680679578585717391,30,30,30,30
1680679578587380183,30,30,30,30
1680679578589048607,30,30,30,30
1680679578590756767,30,30,30,30
1680679578592467288,30,30,30,30
1680679578594258248,30,30,30,30
1680679578596028542,30,30,30,30
1680679578597754438,30,30,30,30
1680679578599466885,30,30,30,30
1680679578601173512,30,30,30,30
1680679578602852466,30,30,30,30
1680679578604538246,30,30,30,30
1680679578606239961,30,30,30,30
1680679578607921505,30,30,30,30
1680679578609612442,30,30,30,30
1680679578611282094,30,30,30,30
1680679578612968534,30,30,30,30
1680679578614650563,30,30,30,30
1680679578616462625,30,30,30,30
1680679578618153232,30,30,30,30
1680679578619834390,30,30,30,30
1680679578621520514,30,30,30,30
1680679578623194444,30,30,30,30
1680679578624881905,30,30,30,30
1680679578626612756,30,30,30,30
1680679578628292453,30,30,30,30
1680679578629977930,30,30,30,30
1680679578631658284,30,30,30,30
1680679578633373772,30,30,30,30
1680679578635053998,30,30,30,30
1680679578636729111,30,30,30,30
1680679578638413469,30,30,30,30
1680679578640099521,30,30,30,30
1680679578641798665,30,30,30,30
1680679578643484458,30,30,30,30
1680679578645173825,30,30,30,30
1680679578646907480,30,30,30,30
1680679578648601642,30,30,30,30
1680679578650348636,30,30,30,30
1680679578652035436,30,30,30,30
1680679578653798936,30,30,30,30
1680679578655608537,30,30,30,30
1680679578657301689,30,30,30,30
1680679578658979187,30,30,30,30
1680679578660664437,30,30,30,30
1680679578662347853,30,30,30,30
1680679578664026991,30,30,30,30
1680679578665707770,30,30,30,30
1680679578667418573,30,30,30,30
1680679578669121881,30,30,30,30
1680679578670802598,30,30,30,30
1680679578672490953,30,30,30,30
1680679578674247150,30,30,30,30
1680679578675942176,30,30,30,30
1680679578677628306,30,30,30,30
1680679578679319709,30,30,30,30
1680679578681010223,30,30,30,30
1680679578682698662,30,30,30,30
1680679578684367166,30,30,30,30
1680679578686034612,30,30,30,30
1680679578687707477,30,30,30,30
1680679578689380794,30,30,30,30
1680679578691044413,30,30,30,30
1680679578692713371,30,30,30,30
1680679578694441658,30,30,30,30
1680679578696199231,30,30,30,30
1680679578697914659,30,30,30,30
1680679578699626407,30,30,30,30
1680679578701336105,30,30,30,30
1680679578703043708,30,30,30,30
1680679578704727000,30,30,30,30
1680679578706428812,30,30,30,30
1680679578708122052,30,30,30,30
1680679578709811504,30,30,30,30
1680679578711496491,30,30,30,30
1680679578713188838,30,30,30,30
1680679578714871614,30,30,30,30
1680679578716629954,30,30,30,30
1680679578718333626,30,30,30,30
1680679578720035280,30,30,30,30
1680679578721716851,30,30,30,30
1680679578723399022,30,30,30,30
1680679578725077600,30,30,30,30
1680679578726870077,30,30,30,30
1680679578728652275,30,30,30,30
1680679578730348173,30,30,30,30
1680679578732034150,30,30,30,30
1680679578733724585,30,30,30,30
1680679578735513097,30,30,30,30
1680679578737189887,30,30,30,30
1680679578738878197,30,30,30,30
1680679578740648768,30,30,30,30
1680679578742332260,30,30,30,30
1680679578744012719,30,30,30,30
1680679578745693939,30,30,30,30
1680679578747392212,30,30,30,30
1680679578749073476,30,30,30,30
1680679578750752873,30,30,30,30
1680679578752436464,30,30,30,30
1680679578754196435,30,30,30,30
1680679578755969799,30,30,30,30
1680679578757656518,30,30,30,30
1680679578759343195,30,30,30,30
1680679578761033015,30,30,30,30
1680679578762733700,30,30,30,30
1680679578764424440,30,30,30,30
1680679578766126858,30,30,30,30
1680679578767846789,30,30,30,30
1680679578769533945,30,30,30,30
1680679578771218106,30,30,30,30
1680679578772894809,30,30,30,30
1680679578774633634,30,30,30,30
1680679578776449437,30,30,30,30
1680679578778145622,30,30,30,30
1680679578779829097,30,30,30,30
1680679578781510282,30,30,30,30
1680679578783191418,30,30,30,30
1680679578784876638,30,30,30,30
1680679578786581814,30,30,30,30
1680679578788271868,30,30,30,30
1680679578789972727,30,30,30,30
1680679578791673379,30,30,30,30
1680679578793353750,30,30,30,30
1680679578795034627,30,30,30,30
1680679578796787617,30,30,30,30
1680679578798483661,30,30,30,30
1680679578800164441,30,30,30,30
1680679578801851181,30,30,30,30
1680679578803539785,30,30,30,30
1680679578805221759,30,30,30,30
1680679578806920695,30,30,30,30
1680679578808591063,30,30,30,30
1680679578810272101,30,30,30,30
1680679578811935053,30,30,30,30
1680679578813663901,30,30,30,30
1680679578815327297,30,30,30,30
1680679578817047958,30,30,30,30
1680679578818732696,30,30,30,30
1680679578820422715,30,30,30,30
1680679578822119724,30,30,30,30
1680679578823800092,30,30,30,30
1680679578825481266,30,30,30,30
1680679578827222096,30,30,30,30
1680679578828909825,30,30,30,30
1680679578830620783,30,30,30,30
1680679578832325618,30,30,30,30
1680679578834057497,30,30,30,30
1680679578835823878,30,30,30,30
1680679578837524610,30,30,30,30
1680679578839220282,30,30,30,30
1680679578840883068,30,30,30,30
1680679578842549926,30,30,30,30
1680679578844214700,30,30,30,30
1680679578845886222,30,30,30,30
1680679578847607956,30,30,30,30
1680679578849297928,30,30,30,30
1680679578851086154,30,30,30,30
1680679578852726693,30,30,30,30
1680679578854462824,30,30,30,30
1680679578856289927,30,30,30,30
1680679578857980584,30,30,30,30
1680679578859670436,30,30,30,30
1680679578861353295,30,30,30,30
1680679578863035132,30,30,30,30
1680679578864719424,30,30,30,30
1680679578866507896,30,30,30,30
1680679578868372278,30,30,30,30
1680679578870241143,30,30,30,30
1680679578872036942,30,30,30,30
1680679578873722080,30,30,30,30
1680679578875410419,30,30,30,30
1680679578877225630,30,30,30,30
1680679578878915739,30,30,30,30
1680679578880601418,30,30,30,30
1680679578882267363,30,30,30,30
1680679578883937559,30,30,30,30
1680679578885609311,30,30,30,30
1680679578887282121,30,30,30,30
1680679578888943842,30,30,30,30
1680679578890606877,30,30,30,30
1680679578892269858,30,30,30,30
1680679578893955506,30,30,30,30
1680679578895632001,30,30,30,30
1680679578897446007,30,30,30,30
1680679578899117856,30,30,30,30
1680679578900790919,30,30,30,30
1680679578902465051,30,30,30,30
1680679578904143363,30,30,30,30
1680679578905833025,30,30,30,30
1680679578907572139,30,30,30,30
1680679578909268950,30,30,30,30
1680679578910953716,30,30,30,30
1680679578912638814,30,30,30,30
1680679578914368381,30,30,30,30
1680679578916086076,30,30,30,30
1680679578917811085,30,30,30,30
1680679578919519609,30,30,30,30
1680679578921231780,30,30,30,30
1680679578923140639,30,30,30,30
1680679578924786095,30,30,30,30
1680679578926431190,30,30,30,30
1680679578928138857,30,30,30,30
1680679578929796753,30,30,30,30
1680679578931445956,30,30,30,30
1680679578933095687,30,30,30,30
1680679578934869221,30,30,30,30
1680679578936618023,30,30,30,30
1680679578938334049,30,30,30,30
1680679578940042095,30,30,30,30
1680679578941750625,30,30,30,30
1680679578943458234,30,30,30,30
1680679578945173217,30,30,30,30
1680679578946874200,30,30,30,30
1680679578948569790,30,30,30,30
1680679578950278747,30,30,30,30
1680679578951968253,30,30,30,30
1680679578953652054,30,30,30,30
1680679578955462896,30,30,30,30
1680679578957228222,30,30,30,30
1680679578958922424,30,30,30,30
1680679578960601127,30,30,30,30
1680679578962294842,30,30,30,30
1680679578963978072,30,30,30,30
1680679578965666706,30,30,30,30
1680679578967359686,30,30,30,30
1680679578969048218,30,30,30,30
1680679578970747278,30,30,30,30
1680679578972849794,30,30,30,30
1680679578975008961,30,30,30,30
1680679578976967170,30,30,30,30
1680679578978891076,30,30,30,30
1680679578980805635,30,30,30,30
1680679578982719006,30,30,30,30
1680679578984411778,30,30,30,30
1680679578986075786,30,30,30,30
1680679578987813269,30,30,30,30
1680679578989471887,30,30,30,30
1680679578991133161,30,30,30,30
1680679578992954690,30,30,30,30
1680679578994690616,30,30,30,30
1680679578996437454,30,30,30,30
1680679578998251489,30,30,30,30
1680679578999939996,30,30,30,30
1680679579001633760,30,30,30,30
1680679579003321708,30,30,30,30
1680679579005008860,30,30,30,30
1680679579006703919,30,30,30,30
1680679579008401364,30,30,30,30
1680679579010102504,30,30,30,30
1680679579011804364,30,30,30,30
1680679579013647611,30,30,30,30
1680679579015387361,30,30,30,30
1680679579017110182,30,30,30,30
1680679579018804282,30,30,30,30
1680679579020498206,30,30,30,30
1680679579022193353,30,30,30,30
1680679579023880287,30,30,30,30
1680679579025578152,30,30,30,30
1680679579027282153,30,30,30,30
1680679579028970635,30,30,30,30
1680679579030658775,30,30,30,30
1680679579032350898,30,30,30,30
1680679579034044903,30,30,30,30
1680679579035743659,30,30,30,30
1680679579037530380,30,30,30,30
1680679579039228232,30,30,30,30
1680679579040926080,30,30,30,30
1680679579042626039,30,30,30,30
1680679579044314145,30,30,30,30
1680679579046018554,30,30,30,30
1680679579047738786,30,30,30,30
1680679579049431837,30,30,30,30
1680679579051153300,30,30,30,30
1680679579052850591,30,30,30,30
1680679579054542139,30,30,30,30
1680679579056269921,30,30,30,30
1680679579058113817,30,30,30,30
1680679579059808807,30,30,30,30
1680679579061496085,30,30,30,30
1680679579063191844,30,30,30,30
1680679579064882989,30,30,30,30
1680679579066565241,30,30,30,30
1680679579068282866,30,30,30,30
1680679579069990306,30,30,30,30
1680679579071677070,30,30,30,30
1680679579073373155,30,30,30,30
1680679579075147921,30,30,30,30
1680679579076900422,30,30,30,30
1680679579078590121,30,30,30,30
1680679579080281737,30,30,30,30
1680679579081985887,30,30,30,30
1680679579083685107,30,30,30,30
1680679579085380817,30,30,30,30
1680679579087079531,30,30,30,30
1680679579088726918,30,30,30,30
1680679579090417096,30,30,30,30
1680679579092128134,30,30,30,30
1680679579093959757,30,30,30,30
1680679579095669679,30,30,30,30
1680679579097499674,30,30,30,30
1680679579099182722,30,30,30,30
1680679579100881885,30,30,30,30
1680679579102563606,30,30,30,30
1680679579104275311,30,30,30,30
1680679579105987902,30,30,30,30
1680679579107699800,30,30,30,30
1680679579109396488,30,30,30,30
1680679579111087276,30,30,30,30
1680679579112780956,30,30,30,30
1680679579114482293,30,30,30,30
1680679579116184948,30,30,30,30
1680679579117987254,30,30,30,30
1680679579119693828,30,30,30,30
1680679579121387873,30,30,30,30
1680679579123082696,30,30,30,30
1680679579124729155,30,30,30,30
1680679579126416312,30,30,30,30
1680679579128168143,30,30,30,30
1680679579129868766,30,30,30,30
1680679579131564426,30,30,30,30
1680679579133255801,30,30,30,30
1680679579135015834,30,30,30,30
1680679579136786789,30,30,30,30
1680679579138475527,30,30,30,30
1680679579140168238,30,30,30,30
1680679579141870985,30,30,30,30
1680679579143567614,30,30,30,30
1680679579145263248,30,30,30,30
1680679579146959917,30,30,30,30
1680679579148655774,30,30,30,30
1680679579150355149,30,30,30,30
1680679579152048822,30,30,30,30
1680679579153816605,30,30,30,30
1680679579155570671,30,30,30,30
1680679579157356251,30,30,30,30
1680679579159047649,30,30,30,30
1680679579160729385,30,30,30,30
1680679579162406592,30,30,30,30
1680679579164074591,30,30,30,30
1680679579165751094,30,30,30,30
1680679579167450504,30,30,30,30
1680679579169126583,30,30,30,30
1680679579170862513,30,30,30,30
1680679579172606539,30,30,30,30
1680679579174441535,30,30,30,30
1680679579176168325,30,30,30,30
1680679579177970215,30,30,30,30
1680679579179690965,30,30,30,30
1680679579181412865,30,30,30,30
1680679579183115802,30,30,30,30
1680679579184804044,30,30,30,30
1680679579186493801,30,30,30,30
1680679579188239247,30,30,30,30
1680679579189947449,30,30,30,30
1680679579191641646,30,30,30,30
1680679579193335432,30,30,30,30
1680679579195033616,30,30,30,30
1680679579196832973,30,30,30,30
1680679579198537775,30,30,30,30
1680679579200238211,30,30,30,30
1680679579201951200,30,30,30,30
1680679579203644138,30,30,30,30
1680679579205338161,30,30,30,30
1680679579207033809,30,30,30,30
1680679579208730017,30,30,30,30
1680679579210414991,30,30,30,30
1680679579212107102,30,30,30,30
1680679579213818485,30,30,30,30
1680679579215560120,30,30,30,30
1680679579217325082,30,30,30,30
1680679579219029243,30,30,30,30
1680679579220743956,30,30,30,30
1680679579222441897,30,30,30,30
1680679579224135025,30,30,30,30
1680679579225846408,30,30,30,30
1680679579227647250,30,30,30,30
1680679579229345608,30,30,30,30
1680679579231038039,30,30,30,30
1680679579232730250,30,30,30,30
1680679579234420719,30,30,30,30
1680679579236120738,30,30,30,30
1680679579237897524,30,30,30,30
1680679579239604248,30,30,30,30
1680679579241374654,30,30,30,30
1680679579243055993,30,30,30,30
1680679579244726391,30,30,30,30
1680679579246399816,30,30,30,30
1680679579248110407,30,30,30,30
1680679579249801941,30,30,30,30
1680679579251601214,30,30,30,30
1680679579253269087,30,30,30,30
1680679579255004589,30,30,30,30
1680679579256780867,30,30,30,30
1680679579258472091,30,30,30,30
1680679579260163623,30,30,30,30
1680679579261862063,30,30,30,30
1680679579263557741,30,30,30,30
1680679579265253080,30,30,30,30
1680679579266947694,30,30,30,30
1680679579268742058,30,30,30,30
1680679579270442368,30,30,30,30
1680679579272128083,30,30,30,30
1680679579273833874,30,30,30,30
1680679579275550330,30,30,30,30
1680679579277298754,30,30,30,30
1680679579278990603,30,30,30,30
1680679579280682619,30,30,30,30
1680679579282452248,30,30,30,30
1680679579284151453,30,30,30,30
1680679579285870494,30,30,30,30
1680679579287648840,30,30,30,30
1680679579289358908,30,30,30,30
1680679579291068906,30,30,30,30
1680679579292778898,30,30,30,30
1680679579294489414,30,30,30,30
1680679579296190461,30,30,30,30
1680679579297934042,30,30,30,30
1680679579299624561,30,30,30,30
1680679579301315303,30,30,30,30
1680679579303006709,30,30,30,30
1680679579304702336,30,30,30,30
1680679579306403927,30,30,30,30
1680679579308104870,30,30,30,30
1680679579309812030,30,30,30,30
1680679579311508286,30,30,30,30
1680679579313199935,30,30,30,30
1680679579314916745,30,30,30,30
1680679579316613875,30,30,30,30
1680679579318438318,30,30,30,30
1680679579320126426,30,30,30,30
1680679579321824888,30,30,30,30
1680679579323518160,30,30,30,30
1680679579325219900,30,30,30,30
1680679579326907139,30,30,30,30
1680679579328629421,30,30,30,30
1680679579330305436,30,30,30,30
1680679579331980785,30,30,30,30
1680679579333652754,30,30,30,30
1680679579335332167,30,30,30,30
1680679579337082907,30,30,30,30
1680679579338780741,30,30,30,30
1680679579340474990,30,30,30,30
1680679579342173619,30,30,30,30
1680679579343860010,30,30,30,30
1680679579345558660,30,30,30,30
1680679579347250653,30,30,30,30
1680679579349081415,30,30,30,30
1680679579350826412,30,30,30,30
1680679579352571517,30,30,30,30
1680679579354314746,30,30,30,30
1680679579356109618,30,30,30,30
1680679579357989822,30,30,30,30
1680679579359702387,30,30,30,30
1680679579361370891,30,30,30,30
1680679579363036723,30,30,30,30
1680679579364713461,30,30,30,30
1680679579366394068,30,30,30,30
1680679579368086428,30,30,30,30
1680679579369792995,30,30,30,30
1680679579371486750,30,30,30,30
1680679579373201660,30,30,30,30
1680679579374924112,30,30,30,30
1680679579376615677,30,30,30,30
1680679579378390326,30,30,30,30
1680679579380094863,30,30,30,30
1680679579381790500,30,30,30,30
1680679579383552823,30,30,30,30
1680679579385249292,30,30,30,30
1680679579386935617,30,30,30,30
1680679579388644486,30,30,30,30
1680679579390335369,30,30,30,30
1680679579392032059,30,30,30,30
1680679579393718727,30,30,30,30
1680679579395435742,30,30,30,30
1680679579397264540,30,30,30,30
1680679579399190278,30,30,30,30
1680679579400879327,30,30,30,30
1680679579402548993,30,30,30,30
1680679579404224208,30,30,30,30
1680679579405900708,30,30,30,30
1680679579407573782,30,30,30,30
1680679579409242426,30,30,30,30
1680679579410910888,30,30,30,30
1680679579412584440,30,30,30,30
1680679579414270412,30,30,30,30
1680679579415996357,30,30,30,30
1680679579417689510,30,30,30,30
1680679579419364412,30,30,30,30
1680679579421033786,30,30,30,30
1680679579422722609,30,30,30,30
1680679579424433941,30,30,30,30
1680679579426137255,30,30,30,30
1680679579427978317,30,30,30,30
1680679579429677517,30,30,30,30
1680679579431364291,30,30,30,30
1680679579433056628,30,30,30,30
1680679579434751708,30,30,30,30
1680679579436443230,30,30,30,30
1680679579438265836,30,30,30,30
1680679579439978680,30,30,30,30
1680679579441735606,30,30,30,30
1680679579443425851,30,30,30,30
1680679579445120531,30,30,30,30
1680679579446814923,30,30,30,30
1680679579448529116,30,30,30,30
1680679579450237481,30,30,30,30
1680679579451988277,30,30,30,30
1680679579453717817,30,30,30,30
1680679579455446565,30,30,30,30
1680679579457231145,30,30,30,30
1680679579458942720,30,30,30,30
1680679579460660551,30,30,30,30
1680679579462389351,30,30,30,30
1680679579464096979,30,30,30,30
1680679579465787050,30,30,30,30
1680679579467475478,30,30,30,30
1680679579469219510,30,30,30,30
1680679579470908687,30,30,30,30
1680679579472603401,30,30,30,30
1680679579474302381,30,30,30,30
1680679579476054107,30,30,30,30
1680679579477902533,30,30,30,30
1680679579479604030,30,30,30,30
1680679579481295747,30,30,30,30
1680679579482992762,30,30,30,30
1680679579484687607,30,30,30,30
1680679579486454793,30,30,30,30
1680679579488256281,30,30,30,30
1680679579489954493,30,30,30,30
1680679579491639230,30,30,30,30
1680679579493334638,30,30,30,30
1680679579495024892,30,30,30,30
1680679579496728957,30,30,30,30
1680679579498528600,30,30,30,30
1680679579500224444,30,30,30,30
1680679579501924734,30,30,30,30
1680679579503613464,30,30,30,30
1680679579505312986,30,30,30,30
1680679579506995823,30,30,30,30
1680679579508711483,30,30,30,30
1680679579510408099,30,30,30,30
1680679579512097160,30,30,30,30
1680679579513792999,30,30,30,30
1680679579515522550,30,30,30,30
1680679579517231540,30,30,30,30
1680679579519026186,30,30,30,30
1680679579520729505,30,30,30,30
1680679579522425343,30,30,30,30
1680679579524122801,30,30,30,30
1680679579525825868,30,30,30,30
1680679579527517905,30,30,30,30
1680679579529229716,30,30,30,30
1680679579530921298,30,30,30,30
1680679579532618850,30,30,30,30
1680679579534321706,30,30,30,30
1680679579536066083,30,30,30,30
1680679579537857982,30,30,30,30
1680679579539571956,30,30,30,30
1680679579541261612,30,30,30,30
1680679579542962004,30,30,30,30
1680679579544656712,30,30,30,30
1680679579546347918,30,30,30,30
1680679579548040138,30,30,30,30
1680679579549741387,30,30,30,30
1680679579551429341,30,30,30,30
1680679579553126091,30,30,30,30
1680679579554857812,30,30,30,30
1680679579556697171,30,30,30,30
1680679579558455826,30,30,30,30
1680679579560151797,30,30,30,30
1680679579561843317,30,30,30,30
1680679579563541855,30,30,30,30
1680679579565221712,30,30,30,30
1680679579566902846,30,30,30,30
1680679579568913237,30,30,30,30
1680679579570592683,30,30,30,30
1680679579572270339,30,30,30,30
1680679579574021067,30,30,30,30
1680679579575885587,30,30,30,30
1680679579577694830,30,30,30,30
1680679579579412210,30,30,30,30
1680679579581129061,30,30,30,30
1680679579582911062,30,30,30,30
1680679579584711579,30,30,30,30
1680679579586438033,30,30,30,30
1680679579588147504,30,30,30,30
1680679579589852302,30,30,30,30
1680679579591527061,30,30,30,30
1680679579593201360,30,30,30,30
1680679579594880823,30,30,30,30
1680679579596633406,30,30,30,30
1680679579598472689,30,30,30,30
1680679579600170452,30,30,30,30
1680679579601857215,30,30,30,30
1680679579603554180,30,30,30,30
1680679579605244469,30,30,30,30
1680679579606933609,30,30,30,30
1680679579608636671,30,30,30,30
1680679579610337622,30,30,30,30
1680679579612030211,30,30,30,30
1680679579613723996,30,30,30,30
1680679579615428285,30,30,30,30
1680679579617125613,30,30,30,30
1680679579618896140,30,30,30,30
1680679579620589481,30,30,30,30
1680679579622284579,30,30,30,30
1680679579623974490,30,30,30,30
1680679579625672785,30,30,30,30
1680679579627360347,30,30,30,30
1680679579629068024,30,30,30,30
1680679579630758529,30,30,30,30
1680679579632457844,30,30,30,30
1680679579634386715,30,30,30,30
1680679579636272303,30,30,30,30
1680679579638176952,30,30,30,30
1680679579640102252,30,30,30,30
1680679579642024227,30,30,30,30
1680679579643925970,30,30,30,30
1680679579645845817,30,30,30,30
1680679579647786257,30,30,30,30
1680679579649714795,30,30,30,30
1680679579651588601,30,30,30,30
1680679579653465848,30,30,30,30
1680679579655473467,30,30,30,30
1680679579657353745,30,30,30,30
1680679579659251550,30,30,30,30
1680679579661416051,30,30,30,30
1680679579664301170,30,30,30,30
1680679579666232612,30,30,30,30
1680679579668127412,30,30,30,30
1680679579670078111,30,30,30,30
1680679579671997429,30,30,30,30
1680679579674011109,30,30,30,30
1680679579676057741,30,30,30,30
1680679579678049143,30,30,30,30
1680679579680583756,30,30,30,30
1680679579682496211,30,30,30,30
1680679579684370385,30,30,30,30
1680679579686279618,30,30,30,30
1680679579688171521,30,30,30,30
1680679579690074482,30,30,30,30
1680679579691969240,30,30,30,30
1680679579693865966,30,30,30,30
1680679579696416040,30,30,30,30
1680679579699051637,30,30,30,30
1680679579701324122,30,30,30,30
1680679579734412574,30,30,30,30
1680679579798854964,30,30,30,30
1680679579832539081,30,30,30,30
1680679579834557957,30,30,30,30
1680679579836490076,30,30,30,30
1680679579838493610,30,30,30,30
1680679579840306092,30,30,30,30
1680679579842273312,30,30,30,30
1680679579844064974,30,30,30,30
1680679579845702839,30,30,30,30
1680679579847340925,30,30,30,30
1680679579849000068,30,30,30,30
1680679579850642563,30,30,30,30
1680679579852318178,30,30,30,30
1680679579854011088,30,30,30,30
1680679579855724011,30,30,30,30
1680679579857419632,30,30,30,30
1680679579859249008,30,30,30,30
1680679579860945985,30,30,30,30
1680679579862637911,30,30,30,30
1680679579864335554,30,30,30,30
1680679579866032811,30,30,30,30
1680679579867733928,30,30,30,30
1680679579869488642,30,30,30,30
1680679579871192051,30,30,30,30
1680679579872884279,30,30,30,30
1680679579874574468,30,30,30,30
1680679579876306385,30,30,30,30
1680679579878005482,30,30,30,30
1680679579879723190,30,30,30,30
1680679579881416422,30,30,30,30
1680679579883104482,30,30,30,30
1680679579884785951,30,30,30,30
1680679579886474387,30,30,30,30
1680679579888173109,30,30,30,30
1680679579889883210,30,30,30,30
1680679579891569890,30,30,30,30
1680679579893268070,30,30,30,30
1680679579894954760,30,30,30,30
1680679579896667129,30,30,30,30
1680679579898447854,30,30,30,30
1680679579900144217,30,30,30,30
1680679579901847786,30,30,30,30
1680679579903539449,30,30,30,30
1680679579905230352,30,30,30,30
1680679579906915088,30,30,30,30
1680679579908600091,30,30,30,30
1680679579910313602,30,30,30,30
1680679579912015526,30,30,30,30
1680679579913815145,30,30,30,30
1680679579915510376,30,30,30,30
1680679579917229509,30,30,30,30
1680679579919190746,30,30,30,30
1680679579920900105,30,30,30,30
1680679579922596642,30,30,30,30
1680679579924292898,30,30,30,30
1680679579925970979,30,30,30,30
1680679579927643223,30,30,30,30
1680679579929395284,30,30,30,30
1680679579931068810,30,30,30,30
1680679579932728302,30,30,30,30
1680679579934414930,30,30,30,30
1680679579936129005,30,30,30,30
1680679579937835479,30,30,30,30
1680679579939602824,30,30,30,30
1680679579941299108,30,30,30,30
1680679579942995468,30,30,30,30
1680679579944695967,30,30,30,30
1680679579946407465,30,30,30,30
1680679579948112084,30,30,30,30
1680679579949833467,30,30,30,30
1680679579951537336,30,30,30,30
1680679579953232850,30,30,30,30
1680679579954923992,30,30,30,30
1680679579956605447,30,30,30,30
1680679579958295584,30,30,30,30
1680679579959968996,30,30,30,30
1680679579961644872,30,30,30,30
1680679579963309106,30,30,30,30
1680679579964974192,30,30,30,30
1680679579966690631,30,30,30,30
1680679579968411328,30,30,30,30
1680679579970172787,30,30,30,30
1680679579971892682,30,30,30,30
1680679579973618394,30,30,30,30
1680679579975334564,30,30,30,30
1680679579977063517,30,30,30,30
1680679579978817911,30,30,30,30
1680679579980521020,30,30,30,30
1680679579982316424,30,30,30,30
1680679579984011590,30,30,30,30
1680679579985704001,30,30,30,30
1680679579987397707,30,30,30,30
1680679579989092539,30,30,30,30
1680679579990784795,30,30,30,30
1680679579992477958,30,30,30,30
1680679579994172030,30,30,30,30
1680679579995864783,30,30,30,30
1680679579997612330,30,30,30,30
1680679579999415860,30,30,30,30
1680679580001120927,30,30,30,30
1680679580002805261,30,30,30,30
1680679580004506141,30,30,30,30
1680679580006193194,30,30,30,30
1680679580007881860,30,30,30,30
1680679580009584480,30,30,30,30
1680679580011274069,30,30,30,30
1680679580012963756,30,30,30,30
1680679580014657042,30,30,30,30
1680679580016409572,30,30,30,30
1680679580018103605,30,30,30,30
1680679580019869660,30,30,30,30
1680679580021559508,30,30,30,30
1680679580023251864,30,30,30,30
1680679580024945325,30,30,30,30
1680679580026633764,30,30,30,30
1680679580028327758,30,30,30,30
1680679580030057881,30,30,30,30
1680679580031749033,30,30,30,30
1680679580033435805,30,30,30,30
1680679580035123088,30,30,30,30
1680679580036920345,30,30,30,30
1680679580038696110,30,30,30,30
1680679580040440115,30,30,30,30
1680679580042137826,30,30,30,30
1680679580043845125,30,30,30,30
1680679580045625401,30,30,30,30
1680679580047319896,30,30,30,30
1680679580049014041,30,30,30,30
1680679580050762256,30,30,30,30
1680679580052460401,30,30,30,30
1680679580054167719,30,30,30,30
1680679580055883880,30,30,30,30
1680679580057702304,30,30,30,30
1680679580059432761,30,30,30,30
1680679580061127393,30,30,30,30
1680679580062813196,30,30,30,30
1680679580064501450,30,30,30,30
1680679580066203591,30,30,30,30
1680679580067984778,30,30,30,30
1680679580069731353,30,30,30,30
1680679580071430741,30,30,30,30
1680679580073119768,30,30,30,30
1680679580074809609,30,30,30,30
1680679580076566672,30,30,30,30
1680679580078270768,30,30,30,30
1680679580080041267,30,30,30,30
1680679580081730595,30,30,30,30
1680679580083427911,30,30,30,30
1680679580085119714,30,30,30,30
1680679580086803973,30,30,30,30
1680679580088500886,30,30,30,30
1680679580090270386,30,30,30,30
1680679580091965630,30,30,30,30
1680679580093669848,30,30,30,30
1680679580095354665,30,30,30,30
1680679580097074631,30,30,30,30
1680679580098874583,30,30,30,30
1680679580100566384,30,30,30,30
1680679580102268696,30,30,30,30
1680679580103958614,30,30,30,30
1680679580105648907,30,30,30,30
1680679580107345310,30,30,30,30
1680679580109035233,30,30,30,30
1680679580110739799,30,30,30,30
1680679580112427332,30,30,30,30
1680679580114133329,30,30,30,30
1680679580115820423,30,30,30,30
1680679580117528732,30,30,30,30
1680679580119398844,30,30,30,30
1680679580121093033,30,30,30,30
1680679580122784359,30,30,30,30
1680679580124443482,30,30,30,30
1680679580126154677,30,30,30,30
1680679580127807347,30,30,30,30
1680679580129455911,30,30,30,30
1680679580131158160,30,30,30,30
1680679580132821377,30,30,30,30
1680679580134507348,30,30,30,30
1680679580136252457,30,30,30,30
1680679580138016980,30,30,30,30
1680679580139882686,30,30,30,30
1680679580141583711,30,30,30,30
1680679580143270379,30,30,30,30
1680679580144975914,30,30,30,30
1680679580146687598,30,30,30,30
1680679580148405118,30,30,30,30
1680679580150188929,30,30,30,30
1680679580151970150,30,30,30,30
1680679580153813583,30,30,30,30
1680679580155526634,30,30,30,30
1680679580157254194,30,30,30,30
1680679580158952500,30,30,30,30
1680679580160650280,30,30,30,30
1680679580162350759,30,30,30,30
1680679580164052793,30,30,30,30
1680679580165744740,30,30,30,30
1680679580167445013,30,30,30,30
1680679580169135490,30,30,30,30
1680679580170882588,30,30,30,30
1680679580172575936,30,30,30,30
1680679580174272367,30,30,30,30
1680679580175962384,30,30,30,30
1680679580177673646,30,30,30,30
1680679580179433615,30,30,30,30
1680679580181128096,30,30,30,30
1680679580182823793,30,30,30,30
1680679580184517570,30,30,30,30
1680679580186218443,30,30,30,30
1680679580187911395,30,30,30,30
1680679580189608152,30,30,30,30
1680679580191300926,30,30,30,30
1680679580193001662,30,30,30,30
1680679580194692337,30,30,30,30
1680679580196392117,30,30,30,30
1680679580198100849,30,30,30,30
1680679580199872380,30,30,30,30
1680679580201571951,30,30,30,30
1680679580203264402,30,30,30,30
1680679580204956789,30,30,30,30
1680679580206641680,30,30,30,30
1680679580208336010,30,30,30,30
1680679580210095454,30,30,30,30
1680679580211785616,30,30,30,30
1680679580213478181,30,30,30,30
1680679580215170875,30,30,30,30
1680679580216889516,30,30,30,30
1680679580218582944,30,30,30,30
1680679580220348241,30,30,30,30
1680679580222037475,30,30,30,30
1680679580223722303,30,30,30,30
1680679580225409801,30,30,30,30
1680679580227110067,30,30,30,30
1680679580228890533,30,30,30,30
1680679580230595895,30,30,30,30
1680679580232291716,30,30,30,30
1680679580233990990,30,30,30,30
1680679580235686214,30,30,30,30
1680679580237413778,30,30,30,30
1680679580239128591,30,30,30,30
1680679580240820321,30,30,30,30
1680679580242511043,30,30,30,30
1680679580244211998,30,30,30,30
1680679580245915695,30,30,30,30
1680679580247611640,30,30,30,30
1680679580249385854,30,30,30,30
1680679580251115949,30,30,30,30
1680679580252815683,30,30,30,30
1680679580254503285,30,30,30,30
1680679580256195643,30,30,30,30
1680679580257950167,30,30,30,30
1680679580259703394,30,30,30,30
1680679580261394925,30,30,30,30
1680679580263085082,30,30,30,30
1680679580264784325,30,30,30,30
1680679580266475551,30,30,30,30
1680679580268174152,30,30,30,30
1680679580269885027,30,30,30,30
1680679580271676896,30,30,30,30
1680679580273368635,30,30,30,30
1680679580275118504,30,30,30,30
1680679580276810450,30,30,30,30
1680679580278501709,30,30,30,30
1680679580280254993,30,30,30,30
1680679580281959121,30,30,30,30
1680679580283651983,30,30,30,30
1680679580285348227,30,30,30,30
1680679580287044955,30,30,30,30
1680679580288728674,30,30,30,30
1680679580290480277,30,30,30,30
1680679580292175551,30,30,30,30
1680679580293867005,30,30,30,30
1680679580295561891,30,30,30,30
1680679580297297860,30,30,30,30
1680679580298993929,30,30,30,30
1680679580300688192,30,30,30,30
1680679580302364788,30,30,30,30
1680679580304045208,30,30,30,30
1680679580305722985,30,30,30,30
1680679580307394351,30,30,30,30
1680679580309071147,30,30,30,30
1680679580310784048,30,30,30,30
1680679580312474516,30,30,30,30
1680679580314173376,30,30,30,30
1680679580315869859,30,30,30,30
1680679580317572776,30,30,30,30
1680679580319289756,30,30,30,30
1680679580321260661,30,30,30,30
1680679580322970679,30,30,30,30
1680679580324686522,30,30,30,30
1680679580326459201,30,30,30,30
1680679580328167419,30,30,30,30
1680679580329881982,30,30,30,30
1680679580331602170,30,30,30,30
1680679580333265289,30,30,30,30
1680679580334940820,30,30,30,30
1680679580336610809,30,30,30,30
1680679580338362039,30,30,30,30
1680679580340075345,30,30,30,30
1680679580341784530,30,30,30,30
1680679580343477149,30,30,30,30
1680679580345170398,30,30,30,30
1680679580346863355,30,30,30,30
1680679580348728151,30,30,30,30
1680679580350452020,30,30,30,30
1680679580352152383,30,30,30,30
1680679580353869631,30,30,30,30
1680679580355568512,30,30,30,30
1680679580357296246,30,30,30,30
1680679580358989562,30,30,30,30
1680679580360728520,30,30,30,30
1680679580362429516,30,30,30,30
1680679580364144396,30,30,30,30
1680679580365846099,30,30,30,30
1680679580367534440,30,30,30,30
1680679580369223573,30,30,30,30
1680679580370938251,30,30,30,30
1680679580372631941,30,30,30,30
1680679580374324541,30,30,30,30
1680679580376021990,30,30,30,30
1680679580377771970,30,30,30,30
1680679580379463513,30,30,30,30
1680679580381162081,30,30,30,30
1680679580382846276,30,30,30,30
1680679580384524748,30,30,30,30
1680679580386295403,30,30,30,30
1680679580387967395,30,30,30,30
1680679580389647797,30,30,30,30
1680679580391361577,30,30,30,30
1680679580393036832,30,30,30,30
1680679580394723058,30,30,30,30
1680679580396487061,30,30,30,30
1680679580398234374,30,30,30,30
1680679580399961850,30,30,30,30
1680679580401666523,30,30,30,30
1680679580403356574,30,30,30,30
1680679580405049375,30,30,30,30
1680679580406742554,30,30,30,30
1680679580408441145,30,30,30,30
1680679580410150929,30,30,30,30
1680679580411888311,30,30,30,30
1680679580413591977,30,30,30,30
1680679580415284431,30,30,30,30
1680679580416980514,30,30,30,30
1680679580418755890,30,30,30,30
1680679580420608788,30,30,30,30
1680679580422306837,30,30,30,30
1680679580424004834,30,30,30,30
1680679580425713320,30,30,30,30
1680679580427426277,30,30,30,30
1680679580429143476,30,30,30,30
1680679580430888377,30,30,30,30
1680679580432596024,30,30,30,30
1680679580434326136,30,30,30,30
1680679580436035870,30,30,30,30
1680679580437750695,30,30,30,30
1680679580439455673,30,30,30,30
1680679580441149587,30,30,30,30
1680679580442838604,30,30,30,30
1680679580444527473,30,30,30,30
1680679580446218499,30,30,30,30
1680679580447914435,30,30,30,30
1680679580449606790,30,30,30,30
1680679580451348792,30,30,30,30
1680679580453040812,30,30,30,30
1680679580454726598,30,30,30,30
1680679580456422383,30,30,30,30
1680679580458153281,30,30,30,30
1680679580459932217,30,30,30,30
1680679580461715781,30,30,30,30
1680679580463407166,30,30,30,30
1680679580465098626,30,30,30,30
1680679580466789645,30,30,30,30
1680679580468469893,30,30,30,30
1680679580470155921,30,30,30,30
1680679580471893634,30,30,30,30
1680679580473573392,30,30,30,30
1680679580475252635,30,30,30,30
1680679580476921220,30,30,30,30
1680679580478631207,30,30,30,30
1680679580480449621,30,30,30,30
1680679580482146347,30,30,30,30
1680679580483841924,30,30,30,30
1680679580485534315,30,30,30,30
1680679580487227133,30,30,30,30
1680679580488954997,30,30,30,30
1680679580490755489,30,30,30,30
1680679580492474967,30,30,30,30
1680679580494184712,30,30,30,30
1680679580495893520,30,30,30,30
1680679580497639041,30,30,30,30
1680679580499360778,30,30,30,30
1680679580501140919,30,30,30,30
1680679580502791092,30,30,30,30
1680679580504446183,30,30,30,30
1680679580506107576,30,30,30,30
1680679580507770188,30,30,30,30
1680679580509424955,30,30,30,30
1680679580511180988,30,30,30,30
1680679580512885485,30,30,30,30
1680679580514577520,30,30,30,30
1680679580516273900,30,30,30,30
1680679580518008932,30,30,30,30
1680679580519706994,30,30,30,30
1680679580521558435,30,30,30,30
1680679580523279510,30,30,30,30
1680679580524987551,30,30,30,30
1680679580526769516,30,30,30,30
1680679580528540558,30,30,30,30
1680679580530266926,30,30,30,30
1680679580532015673,30,30,30,30
1680679580533693472,30,30,30,30
1680679580535364599,30,30,30,30
1680679580537038088,30,30,30,30
1680679580538760668,30,30,30,30
1680679580540563772,30,30,30,30
1680679580542265930,30,30,30,30
1680679580543962593,30,30,30,30
1680679580545654104,30,30,30,30
1680679580547339260,30,30,30,30
1680679580549035276,30,30,30,30
1680679580550724093,30,30,30,30
1680679580552419716,30,30,30,30
1680679580554155873,30,30,30,30
1680679580555848673,30,30,30,30
1680679580557598482,30,30,30,30
1680679580559286126,30,30,30,30
1680679580561056462,30,30,30,30
1680679580562721945,30,30,30,30
1680679580564391072,30,30,30,30
1680679580566099948,30,30,30,30
1680679580567778287,30,30,30,30
1680679580569451794,30,30,30,30
1680679580571144871,30,30,30,30
1680679580572869836,30,30,30,30
1680679580574578449,30,30,30,30
1680679580576296938,30,30,30,30
1680679580578047536,30,30,30,30
1680679580579769728,30,30,30,30
1680679580581541129,30,30,30,30
1680679580583251220,30,30,30,30
1680679580584911906,30,30,30,30
1680679580586561846,30,30,30,30
1680679580588215335,30,30,30,30
1680679580589873842,30,30,30,30
1680679580591611190,30,30,30,30
1680679580593291108,30,30,30,30
1680679580595018561,30,30,30,30
1680679580596787136,30,30,30,30
1680679580598578202,30,30,30,30
1680679580600372218,30,30,30,30
1680679580602170296,30,30,30,30
1680679580603952271,30,30,30,30
1680679580605729686,30,30,30,30
1680679580607425127,30,30,30,30
1680679580609099596,30,30,30,30
1680679580610995928,30,30,30,30
1680679580612671270,30,30,30,30
1680679580614355807,30,30,30,30
1680679580616027100,30,30,30,30
1680679580617751093,30,30,30,30
1680679580619445308,30,30,30,30
1680679580621245497,30,30,30,30
1680679580622935919,30,30,30,30
1680679580624630521,30,30,30,30
1680679580626326590,30,30,30,30
1680679580628025001,30,30,30,30
1680679580629720429,30,30,30,30
1680679580631436106,30,30,30,30
1680679580633127973,30,30,30,30
1680679580634819804,30,30,30,30
1680679580636510092,30,30,30,30
1680679580638236867,30,30,30,30
1680679580639945604,30,30,30,30
1680679580641650363,30,30,30,30
1680679580643335575,30,30,30,30
1680679580645029749,30,30,30,30
1680679580646722963,30,30,30,30
1680679580648419248,30,30,30,30
1680679580650125494,30,30,30,30
1680679580651871105,30,30,30,30
1680679580653563080,30,30,30,30
1680679580655251740,30,30,30,30
1680679580656940996,30,30,30,30
1680679580658713306,30,30,30,30
1680679580660537985,30,30,30,30
1680679580662235070,30,30,30,30
1680679580664099845,30,30,30,30
1680679580665814845,30,30,30,30
1680679580667512845,30,30,30,30
1680679580669211662,30,30,30,30
1680679580670898731,30,30,30,30
1680679580672658140,30,30,30,30
1680679580674353496,30,30,30,30
1680679580676073884,30,30,30,30
1680679580677875397,30,30,30,30
1680679580679572834,30,30,30,30
1680679580681322788,30,30,30,30
1680679580683020379,30,30,30,30
1680679580684722410,30,30,30,30
1680679580686418677,30,30,30,30
1680679580688117507,30,30,30,30
1680679580689825431,30,30,30,30
1680679580691543645,30,30,30,30
1680679580693236219,30,30,30,30
1680679580694924065,30,30,30,30
1680679580696616850,30,30,30,30
1680679580698330887,30,30,30,30
1680679580700027733,30,30,30,30
1680679580701756946,30,30,30,30
1680679580703449129,30,30,30,30
1680679580705141508,30,30,30,30
1680679580706833629,30,30,30,30
1680679580708531178,30,30,30,30
1680679580710246575,30,30,30,30
1680679580711989284,30,30,30,30
1680679580713679183,30,30,30,30
1680679580715362031,30,30,30,30
1680679580717053363,30,30,30,30
1680679580718803237,30,30,30,30
1680679580720573657,30,30,30,30
1680679580722279148,30,30,30,30
1680679580723964497,30,30,30,30
1680679580725652810,30,30,30,30
1680679580727363977,30,30,30,30
1680679580729063423,30,30,30,30
1680679580730750960,30,30,30,30
1680679580732446785,30,30,30,30
1680679580734122207,30,30,30,30
1680679580735797094,30,30,30,30
1680679580737475427,30,30,30,30
1680679580739229686,30,30,30,30
1680679580740962932,30,30,30,30
1680679580742671096,30,30,30,30
1680679580744382107,30,30,30,30
1680679580746104950,30,30,30,30
1680679580747822331,30,30,30,30
1680679580749533944,30,30,30,30
1680679580751350412,30,30,30,30
1680679580753064820,30,30,30,30
1680679580754753649,30,30,30,30
1680679580756452298,30,30,30,30
1680679580758180103,30,30,30,30
1680679580759870389,30,30,30,30
1680679580761633838,30,30,30,30
1680679580763327392,30,30,30,30
1680679580765015175,30,30,30,30
1680679580766706440,30,30,30,30
1680679580768420466,30,30,30,30
1680679580770122442,30,30,30,30
1680679580771826049,30,30,30,30
1680679580773519479,30,30,30,30
1680679580775209571,30,30,30,30
1680679580776900656,30,30,30,30
1680679580778638110,30,30,30,30
1680679580780336990,30,30,30,30
1680679580782061884,30,30,30,30
1680679580783756838,30,30,30,30
1680679580785447631,30,30,30,30
1680679580787140658,30,30,30,30
1680679580788836850,30,30,30,30
1680679580790529504,30,30,30,30
1680679580792273601,30,30,30,30
1680679580793978450,30,30,30,30
1680679580795666901,30,30,30,30
1680679580797363647,30,30,30,30
1680679580799109864,30,30,30,30
1680679580800849489,30,30,30,30
1680679580802549060,30,30,30,30
1680679580804240952,30,30,30,30
1680679580805937626,30,30,30,30
1680679580807628078,30,30,30,30
1680679580809315163,30,30,30,30
1680679580811009968,30,30,30,30
1680679580812707783,30,30,30,30
1680679580814413648,30,30,30,30
1680679580817210375,30,30,30,30
1680679580818971297,30,30,30,30
1680679580820727763,30,30,30,30
1680679580822449670,30,30,30,30
1680679580824156189,30,30,30,30
1680679580825872194,30,30,30,30
1680679580827577712,30,30,30,30
1680679580829300762,30,30,30,30
1680679580831015569,30,30,30,30
1680679580832727358,30,30,30,30
1680679580834419079,30,30,30,30
1680679580836110325,30,30,30,30
1680679580837830466,30,30,30,30
1680679580839585070,30,30,30,30
1680679580841319120,30,30,30,30
1680679580843010056,30,30,30,30
1680679580844707050,30,30,30,30
1680679580846440677,30,30,30,30
1680679580848173163,30,30,30,30
1680679580849963242,30,30,30,30
1680679580851694777,30,30,30,30
1680679580853402766,30,30,30,30
1680679580855111821,30,30,30,30
1680679580856843731,30,30,30,30
1680679580858734391,30,30,30,30
1680679580860445923,30,30,30,30
1680679580862437443,30,30,30,30
1680679580864529979,30,30,30,30
1680679580866249064,30,30,30,30
1680679580867935761,30,30,30,30
1680679580869636267,30,30,30,30
1680679580871607690,30,30,30,30
1680679580873341991,30,30,30,30
1680679580875036171,30,30,30,30
1680679580876728582,30,30,30,30
1680679580878604640,30,30,30,30
1680679580880316563,30,30,30,30
1680679580882083408,30,30,30,30
1680679580883992418,30,30,30,30
1680679580885737018,30,30,30,30
1680679580887426017,30,30,30,30
1680679580889121796,30,30,30,30
1680679580891035178,30,30,30,30
1680679580892728188,30,30,30,30
1680679580894431814,30,30,30,30
1680679580896137719,30,30,30,30
1680679580897852366,30,30,30,30
1680679580899563219,30,30,30,30
1680679580901364566,30,30,30,30
1680679580903061054,30,30,30,30
1680679580904725802,30,30,30,30
1680679580906421802,30,30,30,30
1680679580908118445,30,30,30,30
1680679580909829487,30,30,30,30
1680679580911595500,30,30,30,30
1680679580913296377,30,30,30,30
1680679580914984636,30,30,30,30
1680679580916680995,30,30,30,30
1680679580918407956,30,30,30,30
1680679580920103852,30,30,30,30
1680679580921868110,30,30,30,30
1680679580923565088,30,30,30,30
1680679580925261062,30,30,30,30
1680679580926952201,30,30,30,30
1680679580928654067,30,30,30,30
1680679580930353238,30,30,30,30
1680679580932086038,30,30,30,30
1680679580933816603,30,30,30,30
1680679580935589033,30,30,30,30
1680679580937285793,27,30,30,30
1680679580939045847,27,30,30,30
1680679580940727510,27,30,30,30
1680679580942420343,27,30,30,30
1680679580944311946,27,30,30,30
1680679580946204256,27,30,30,30
1680679580948123059,27,30,30,30
1680679580950034837,27,30,30,30
1680679580951985989,27,30,30,30
1680679580953843412,27,30,30,30
1680679580955744345,27,30,30,30
1680679580958667209,27,30,30,30
1680679580960611240,27,30,30,30
1680679580962632476,27,30,30,30
1680679580964577200,27,30,30,30
1680679580966520167,27,30,30,30
1680679580968455235,27,30,30,30
1680679580970416138,27,30,30,30
1680679580972381899,27,30,30,30
1680679580975090189,27,30,30,30
1680679580977027088,27,30,30,30
1680679580979025257,27,30,30,30
1680679580980931209,27,30,30,30
1680679580982865739,27,30,30,30
1680679580984798295,27,30,30,30
1680679580986691227,27,30,30,30
1680679580988629293,27,30,30,30
1680679580991331290,27,30,30,30
1680679580993311065,27,30,30,30
1680679580995243643,27,30,30,30
1680679580997134853,27,30,30,30
1680679580999056416,27,30,30,30
1680679581000999211,27,30,30,30
1680679581002917252,27,30,30,30
1680679581004825027,27,30,30,30
1680679581007549307,27,30,30,30
1680679581010074377,27,30,30,30
1680679581012359731,27,30,30,30
1680679581047628170,27,30,30,30
1680679581113647537,0,30,30,30
1680679581147384588,0,30,30,30
1680679581149528799,0,30,30,30
1680679581151453018,0,30,30,30
1680679581153370406,0,30,30,30
1680679581155246892,0,30,30,30
1680679581157065693,0,30,30,30
1680679581158918980,0,30,30,30
1680679581160747720,0,30,30,30
1680679581162630925,0,30,30,30
1680679581164262767,0,30,30,30
1680679581165892393,0,30,30,30
1680679581167539408,0,30,30,30
1680679581169175770,0,30,30,30
1680679581170797703,0,30,30,30
1680679581172464624,0,30,30,30
1680679581174157779,0,30,30,30
1680679581175853469,0,30,30,30
1680679581177586813,0,30,30,30
1680679581179288140,0,30,30,30
1680679581181006005,0,30,30,30
1680679581182782502,0,30,30,30
1680679581184488264,0,30,30,30
1680679581186184677,0,30,30,30
1680679581187882914,0,30,30,30
1680679581189574447,0,30,30,30
1680679581191277011,0,30,30,30
1680679581193024059,0,30,30,30
1680679581194722098,0,30,30,30
1680679581196416198,0,30,30,30
1680679581198132222,0,30,30,30
1680679581199876475,0,30,30,30
1680679581201575453,0,30,30,30
1680679581203303259,0,30,30,30
1680679581205023895,0,30,30,30
1680679581206723783,0,30,30,30
1680679581208419617,0,30,30,30
1680679581210127138,0,30,30,30
1680679581211840035,0,30,30,30
1680679581213589203,0,30,30,30
1680679581215283241,0,30,30,30
1680679581216976040,0,30,30,30
1680679581218663563,0,30,30,30
1680679581220388337,0,30,30,30
1680679581222204575,0,30,30,30
1680679581223900591,0,30,30,30
1680679581225604252,0,30,30,30
1680679581227301972,0,30,30,30
1680679581229002953,0,30,30,30
1680679581230696782,0,30,30,30
1680679581232389242,0,30,30,30
1680679581234173899,0,30,30,30
1680679581235870493,0,30,30,30
1680679581237569497,0,30,30,30
1680679581239294785,0,30,30,30
1680679581240994285,0,30,30,30
1680679581242761807,0,30,30,30
1680679581244463317,0,30,30,30
1680679581246181625,0,30,30,30
1680679581247881028,0,30,30,30
1680679581249577538,0,30,30,30
1680679581251268494,0,30,30,30
1680679581252992478,0,30,30,30
1680679581254705156,0,30,30,30
1680679581256412162,0,30,30,30
1680679581258125196,0,30,30,30
1680679581259841529,0,30,30,30
1680679581261537324,0,30,30,30
1680679581263309698,0,30,30,30
1680679581265017202,0,30,30,30
1680679581266714746,0,30,30,30
1680679581268406156,0,30,30,30
1680679581270099307,0,30,30,30
1680679581271791291,0,30,30,30
1680679581273576723,0,30,30,30
1680679581275276807,0,30,30,30
1680679581276971198,0,30,30,30
1680679581278671731,0,30,30,30
1680679581280492767,0,30,30,30
1680679581282320653,0,30,30,30
1680679581284021632,0,30,30,30
1680679581285717590,0,30,30,30
1680679581287419006,0,30,30,30
1680679581289113820,0,30,30,30
1680679581290810732,0,30,30,30
1680679581292509491,0,30,30,30
1680679581294217822,0,30,30,30
1680679581295920757,0,30,30,30
1680679581297617149,0,30,30,30
1680679581299326086,0,30,30,30
1680679581301037892,0,30,30,30
1680679581302823200,0,30,30,30
1680679581304518091,0,30,30,30
1680679581306217022,0,30,30,30
1680679581307910022,0,30,30,30
1680679581309610951,0,30,30,30
1680679581311322630,0,30,30,30
1680679581313060854,0,30,30,30
1680679581314752408,0,30,30,30
1680679581316544688,0,30,30,30
1680679581318269480,0,30,30,30
1680679581320028533,0,30,30,30
1680679581321733482,0,30,30,30
1680679581323499537,0,30,30,30
1680679581325197596,0,30,30,30
1680679581326889835,0,30,30,30
1680679581328631828,0,30,30,30
1680679581330336655,0,30,30,30
1680679581332030584,0,30,30,30
1680679581333796706,0,30,30,30
1680679581373819067,0,30,30,30
1680679581377198726,0,30,30,30
1680679581380504123,0,30,30,30
1680679581383754709,0,30,30,30
1680679581386316894,0,30,30,30
1680679581388153778,0,30,30,30
1680679581389951583,0,30,30,30
1680679581391736174,0,30,30,30
1680679581393544475,0,30,30,30
1680679581395330385,0,30,30,30
1680679581397098665,0,30,30,30
1680679581398759900,0,30,30,30
1680679581400526849,0,30,30,30
1680679581402285235,0,30,30,30
1680679581403958148,0,30,30,30
1680679581405614615,0,30,30,30
1680679581407274962,0,30,30,30
1680679581408968244,0,30,30,30
1680679581410673971,0,30,30,30
1680679581412368507,0,30,30,30
1680679581414203615,0,30,30,30
1680679581415906720,0,30,30,30
1680679581417599835,0,30,30,30
1680679581419304066,0,30,30,30
1680679581421090409,0,30,30,30
1680679581422896804,0,30,30,30
1680679581424592584,0,30,30,30
1680679581426298438,0,30,30,30
1680679581427993259,0,30,30,30
1680679581429690325,0,30,30,30
1680679581431410383,0,30,30,30
1680679581433157349,0,30,30,30
1680679581434854114,0,30,30,30
1680679581436557954,0,30,30,30
1680679581438259530,0,30,30,30
1680679581439996737,0,30,30,30
1680679581441695707,0,30,30,30
1680679581443462079,0,30,30,30
1680679581445159153,0,30,30,30
1680679581446849602,0,30,30,30
1680679581448549005,0,30,30,30
1680679581450262908,0,30,30,30
1680679581451966285,0,30,30,30
1680679581453698873,0,30,30,30
1680679581455394053,0,30,30,30
1680679581457087381,0,30,30,30
1680679581458771040,0,30,30,30
1680679581460509929,0,30,30,30
1680679581462289003,0,30,30,30
1680679581463986086,0,30,30,30
1680679581465680961,0,30,30,30
1680679581467374233,0,30,30,30
1680679581469069301,0,30,30,30
1680679581470759714,0,30,30,30
1680679581472556617,0,30,30,30
1680679581474317469,0,30,30,30
1680679581476001002,0,30,30,30
1680679581477735687,0,30,30,30
1680679581479415134,0,30,30,30
1680679581481240550,0,30,30,30
1680679581483086910,0,30,30,30
1680679581484889965,0,30,30,30
1680679581486565433,0,30,30,30
1680679581488237415,0,30,30,30
1680679581489920133,0,30,30,30
1680679581491593942,0,30,30,30
1680679581493363378,0,30,30,30
1680679581495074224,0,30,30,30
1680679581496778911,0,30,30,30
1680679581498475637,0,30,30,30
1680679581500201341,0,30,30,30
1680679581501906749,0,30,30,30
1680679581503684219,0,30,30,30
1680679581505385896,0,30,30,30
1680679581507088294,0,30,30,30
1680679581508879495,0,30,30,30
1680679581510569706,0,30,30,30
1680679581512274174,0,30,30,30
1680679581514041502,0,30,30,30
1680679581515735714,0,30,30,30
1680679581517434372,0,30,30,30
1680679581519136860,0,30,30,30
1680679581520876311,0,30,30,30
1680679581522621350,0,30,30,30
1680679581524320233,0,30,30,30
1680679581525997853,0,30,30,30
1680679581527682206,0,30,30,30
1680679581529353676,0,30,30,30
1680679581531029431,0,30,30,30
1680679581532710696,0,30,30,30
1680679581534458945,0,30,30,30
1680679581536184720,0,30,30,30
1680679581537993791,0,30,30,30
1680679581539712294,0,30,30,30
1680679581541435503,0,30,30,30
1680679581543203152,0,30,30,30
1680679581544956086,0,30,30,30
1680679581546723555,0,30,30,30
1680679581548434081,0,30,30,30
1680679581550196673,0,30,30,30
1680679581552010477,0,30,30,30
1680679581553790728,0,30,30,30
1680679581555512386,0,30,30,30
1680679581557299601,0,30,30,30
1680679581559036268,0,30,30,30
1680679581560832311,0,30,30,30
1680679581562618129,0,30,30,30
1680679581564402357,0,30,30,30
1680679581566158794,0,30,30,30
1680679581567947827,0,30,30,30
1680679581569674940,0,30,30,30
1680679581571439790,0,30,30,30
1680679581573168932,0,30,30,30
1680679581574971627,0,30,30,30
1680679581576699366,0,30,30,30
1680679581578465925,0,30,30,30
1680679581580209944,0,30,30,30
1680679581581984898,0,30,30,30
1680679581583818879,0,30,30,30
1680679581585593176,0,30,30,30
1680679581587330537,0,30,30,30
1680679581589103995,0,30,30,30
1680679581590846914,0,30,30,30
1680679581592590378,0,30,30,30
1680679581594396737,0,30,30,30
1680679581596147283,0,30,30,30
1680679581597881657,0,30,30,30
1680679581599642801,0,30,30,30
1680679581601440327,0,30,30,30
1680679581603301537,0,30,30,30
1680679581605057812,0,30,30,30
1680679581606764926,1,30,30,30
1680679581608511664,1,30,30,30
1680679581610238417,1,30,30,30
1680679581612072957,1,30,30,30
1680679581613813640,1,30,30,30
1680679581615565794,1,30,30,30
1680679581617284567,1,30,30,30
1680679581619029524,1,30,30,30
1680679581620807668,1,30,30,30
1680679581622579413,1,30,30,30
1680679581624317222,1,30,30,30
1680679581626085977,1,30,30,30
1680679581627816971,1,30,30,30
1680679581629588769,1,30,30,30
1680679581631326732,1,30,30,30
1680679581633070932,1,30,30,30
1680679581634813788,1,30,30,30
1680679581636494510,1,30,30,30
1680679581638175032,1,30,30,30
1680679581639846341,1,30,30,30
1680679581641587817,1,30,30,30
1680679581643363690,1,30,30,30
1680679581645055319,1,30,30,30
1680679581646746298,1,30,30,30
1680679581648451016,1,30,30,30
1680679581650150507,1,30,30,30
1680679581651843470,1,30,30,30
1680679581653595701,1,30,30,30
1680679581655288033,1,30,30,30
1680679581656979839,1,30,30,30
1680679581658674221,1,30,30,30
1680679581660401984,1,30,30,30
1680679581662106853,1,30,30,30
1680679581663883438,1,30,30,30
1680679581665573463,1,30,30,30
1680679581667272560,1,30,30,30
1680679581668965197,1,30,30,30
1680679581670654646,1,30,30,30
1680679581672352794,1,30,30,30
1680679581674078675,1,30,30,30
1680679581675783829,1,30,30,30
1680679581677481551,1,30,30,30
1680679581679165054,1,30,30,30
1680679581680916054,1,30,30,30
1680679581682610168,1,30,30,30
1680679581684319509,1,30,30,30
1680679581686015765,1,30,30,30
1680679581687710116,1,30,30,30
1680679581689409359,1,30,30,30
1680679581691103744,1,30,30,30
1680679581692796268,1,30,30,30
1680679581694564485,1,30,30,30
1680679581696261181,1,30,30,30
1680679581697973251,1,30,30,30
1680679581699675108,1,30,30,30
1680679581701420542,1,30,30,30
1680679581703161125,1,30,30,30
1680679581704835381,1,30,30,30
1680679581706514766,1,30,30,30
1680679581708208481,1,30,30,30
1680679581709903808,1,30,30,30
1680679581711574324,1,30,30,30
1680679581713252837,1,30,30,30
1680679581714958241,1,30,30,30
1680679581716664309,1,30,30,30
1680679581718372284,1,30,30,30
1680679581720069149,1,30,30,30
1680679581721768977,1,30,30,30
1680679581723502119,1,30,30,30
1680679581725225413,1,30,30,30
1680679581726946676,1,30,30,30
1680679581728686023,1,30,30,30
1680679581730490201,1,30,30,30
1680679581732209915,1,30,30,30
1680679581733949560,1,30,30,30
1680679581735659191,1,30,30,30
1680679581737357420,1,30,30,30
1680679581739056685,1,30,30,30
1680679581740859612,1,30,30,30
1680679581742556309,1,30,30,30
1680679581744365340,1,30,30,30
1680679581746070609,1,30,30,30
1680679581747765177,1,30,30,30
1680679581749456559,1,30,30,30
1680679581751148542,1,30,30,30
1680679581752839344,1,30,30,30
1680679581754552542,1,30,30,30
1680679581756245074,1,30,30,30
1680679581757950550,1,30,30,30
1680679581759705605,1,30,30,30
1680679581761512320,1,30,30,30
1680679581763249153,1,30,30,30
1680679581764949166,1,30,30,30
1680679581766638544,1,30,30,30
1680679581768314642,1,30,30,30
1680679581769989103,1,30,30,30
1680679581775213598,1,30,30,30
1680679581779038218,1,30,30,30
1680679581781228712,1,30,30,30
1680679581783031926,1,30,30,30
1680679581784810769,1,30,30,30
1680679581786578555,1,30,30,30
1680679581788278787,1,30,30,30
1680679581789977642,1,30,30,30
1680679581791676856,1,30,30,30
1680679581793369527,1,30,30,30
1680679581795075461,1,30,30,30
1680679581796731155,1,30,30,30
1680679581798452365,1,30,30,30
1680679581800169412,1,30,30,30
1680679581801923553,1,30,30,30
1680679581803840117,1,30,30,30
1680679581805569656,1,30,30,30
1680679581807281694,1,30,30,30
1680679581808992797,1,30,30,30
1680679581810658510,1,30,30,30
1680679581812329401,1,30,30,30
1680679581814066473,1,30,30,30
1680679581815746124,1,30,30,30
1680679581817427880,1,30,30,30
1680679581819127049,1,30,30,30
1680679581820835766,1,30,30,30
1680679581822526914,1,30,30,30
1680679581824296414,1,30,30,30
1680679581825995276,1,30,30,30
1680679581827690159,1,30,30,30
1680679581829402676,1,30,30,30
1680679581831088908,1,30,30,30
1680679581832781104,1,30,30,30
1680679581834509096,1,30,30,30
1680679581836208839,1,30,30,30
1680679581837909258,1,30,30,30
1680679581839648361,1,30,30,30
1680679581841411594,1,30,30,30
1680679581843125310,1,30,30,30
1680679581844825024,1,30,30,30
1680679581846514027,1,30,30,30
1680679581848206581,1,30,30,30
1680679581849909364,1,30,30,30
1680679581851600412,1,30,30,30
1680679581853300123,1,30,30,30
1680679581855052061,1,30,30,30
1680679581856876733,1,30,30,30
1680679581858562490,1,30,30,30
1680679581860343980,1,30,30,30
1680679581862057001,1,30,30,30
1680679581863835150,1,30,30,30
1680679581865518998,1,30,30,30
1680679581867199970,1,30,30,30
1680679581868891749,1,30,30,30
1680679581870582987,1,30,30,30
1680679581872264483,1,30,30,30
1680679581874057270,1,30,30,30
1680679581875755110,1,30,30,30
1680679581877535411,1,30,30,30
1680679581879218235,1,30,30,30
1680679581880928115,1,30,30,30
1680679581882613325,1,30,30,30
1680679581884403608,1,30,30,30
1680679581886101168,1,30,30,30
1680679581887796197,1,30,30,30
1680679581889493335,1,30,30,30
1680679581891186362,1,30,30,30
1680679581892883000,1,30,30,30
1680679581894625468,1,30,30,30
1680679581896319882,1,30,30,30
1680679581898017310,1,30,30,30
1680679581899705991,1,30,30,30
1680679581901456380,1,30,30,30
1680679581903154797,1,30,30,30
1680679581904853896,1,30,30,30
1680679581906546490,1,30,30,30
1680679581908238713,1,30,30,30
1680679581909932486,1,30,30,30
1680679581911626338,1,30,30,30
1680679581913317369,1,30,30,30
1680679581915029696,1,30,30,30
1680679581916726926,1,30,30,30
1680679581918421909,1,30,30,30
1680679581920121838,1,30,30,30
1680679581921847904,1,30,30,30
1680679581923572771,1,30,30,30
1680679581925273065,1,30,30,30
1680679581926972781,1,30,30,30
1680679581928666903,1,30,30,30
1680679581930367863,1,30,30,30
1680679581932057977,1,30,30,30
1680679581933746777,1,30,30,30
1680679581935499183,1,30,30,30
1680679581937187106,1,30,30,30
1680679581938871605,1,30,30,30
1680679581940561440,11,30,30,30
1680679581942297147,11,30,30,30
1680679581944135788,11,30,30,30
1680679581945835408,11,30,30,30
1680679581947526150,11,30,30,30
1680679581949221119,11,30,30,30
1680679581950911508,11,30,30,30
1680679581952607119,11,30,30,30
1680679581954362387,11,30,30,30
1680679581956059673,11,30,30,30
1680679581957760338,11,30,30,30
1680679581959451007,11,30,30,30
1680679581961181307,11,30,30,30
1680679581962871955,11,30,30,30
1680679581964632485,11,30,30,30
1680679581966314164,11,30,30,30
1680679581967993290,11,30,30,30
1680679581969673501,11,30,30,30
1680679581971354454,11,30,30,30
1680679581973041559,11,30,30,30
1680679581974771877,11,30,30,30
1680679581976479961,11,30,30,30
1680679581978191385,11,30,30,30
1680679581979900141,11,30,30,30
1680679581981667895,11,30,30,30
1680679581983381343,11,30,30,30
1680679581985130511,11,30,30,30
1680679581986818682,11,30,30,30
1680679581988507549,11,30,30,30
1680679581990196880,11,30,30,30
1680679581991885551,11,30,30,30
1680679581993581454,11,30,30,30
1680679581995306173,11,30,30,30
1680679581997004242,11,30,30,30
1680679581998697156,11,30,30,30
1680679582000393301,11,30,30,30
1680679582002118536,11,30,30,30
1680679582003914945,11,30,30,30
1680679582005650193,11,30,30,30
1680679582007338936,11,30,30,30
1680679582009026099,11,30,30,30
1680679582010719945,11,30,30,30
1680679582012413133,11,30,30,30
1680679582014122893,11,30,30,30
1680679582015808313,11,30,30,30
1680679582017500681,11,30,30,30
1680679582019184855,11,30,30,30
1680679582020880044,11,30,30,30
1680679582022582966,11,30,30,30
1680679582024373423,11,30,30,30
1680679582026095527,11,30,30,30
1680679582027883195,11,30,30,30
1680679582029577841,11,30,30,30
1680679582031265388,11,30,30,30
1680679582032956154,11,30,30,30
1680679582034662549,11,30,30,30
1680679582036359300,11,30,30,30
1680679582038064154,11,30,30,30
1680679582039758736,11,30,30,30
1680679582041458103,11,30,30,30
1680679582043152162,11,30,30,30
1680679582044913983,11,30,30,30
1680679582046606734,11,30,30,30
1680679582048300410,11,30,30,30
1680679582049996541,11,30,30,30
1680679582051697527,11,30,30,30
1680679582053387418,11,30,30,30
1680679582055143325,11,30,30,30
1680679582056831853,11,30,30,30
1680679582058525518,11,30,30,30
1680679582060223369,11,30,30,30
1680679582061950139,11,30,30,30
1680679582063664450,11,30,30,30
1680679582065367998,11,30,30,30
1680679582067059055,11,30,30,30
1680679582068728437,11,30,30,30
1680679582070421235,11,30,30,30
1680679582072121423,11,30,30,30
1680679582073960080,11,30,30,30
1680679582075675673,11,30,30,30
1680679582077371401,11,30,30,30
1680679582079113314,11,30,30,30
1680679582080800322,11,30,30,30
1680679582082539832,11,30,30,30
1680679582084252091,11,30,30,30
1680679582085957015,11,30,30,30
1680679582087638415,11,30,30,30
1680679582089321763,11,30,30,30
1680679582091004609,11,30,30,30
1680679582092696466,11,30,30,30
1680679582094530000,11,30,30,30
1680679582096217903,11,30,30,30
1680679582097913239,11,30,30,30
1680679582099630080,11,30,30,30
1680679582101377563,11,30,30,30
1680679582103062083,11,30,30,30
1680679582104874194,11,30,30,30
1680679582106567040,11,30,30,30
1680679582108261934,0,30,30,30
1680679582109964240,0,30,30,30
1680679582111655899,0,30,30,30
1680679582113353947,0,30,30,30
1680679582115065333,0,30,30,30
1680679582116730184,0,30,30,30
1680679582118419029,0,30,30,30
1680679582120103998,0,30,30,30
1680679582121836664,0,30,30,30
1680679582123522441,0,30,30,30
1680679582125267027,0,30,30,30
1680679582126957517,0,30,30,30
1680679582128649134,0,30,30,30
1680679582130339446,0,30,30,30
1680679582132032549,0,30,30,30
1680679582133721231,0,30,30,30
1680679582135473202,0,30,30,30
1680679582137169409,0,30,30,30
1680679582138860452,0,30,30,30
1680679582140537787,0,30,30,30
1680679582142242162,0,30,30,30
1680679582143974999,0,30,30,30
1680679582145651276,0,30,30,30
1680679582147326728,0,30,30,30
1680679582149040071,0,30,30,30
1680679582150765378,0,30,30,30
1680679582152476684,0,30,30,30
1680679582154240469,0,30,30,30
1680679582155970711,0,30,30,30
1680679582157710646,0,30,30,30
1680679582159425544,0,30,30,30
1680679582161147810,0,30,30,30
1680679582162863265,0,30,30,30
1680679582164673757,0,30,30,30
1680679582166375759,0,30,30,30
1680679582168072221,0,30,30,30
1680679582169761370,0,30,30,30
1680679582171463202,0,30,30,30
1680679582217487155,0,30,30,30
1680679582219531553,0,30,30,30
1680679582221671884,0,30,30,30
1680679582223595674,0,30,30,30
1680679582225550401,0,30,30,30
1680679582227460652,0,30,30,30
1680679582229226735,0,30,30,30
1680679582230852401,0,30,30,30
1680679582232486996,0,30,30,30
1680679582234281472,0,30,30,30
1680679582235966636,0,30,30,30
1680679582237596026,0,30,30,30
1680679582239271125,0,30,30,30
1680679582241227818,0,30,30,30
1680679582243203988,0,30,30,30
1680679582244920386,0,30,30,30
1680679582246593736,0,30,30,30
1680679582248311381,0,30,30,30
1680679582250027497,0,30,30,30
1680679582251746358,0,30,30,30
1680679582253467938,0,30,30,30
1680679582255207156,0,30,30,30
1680679582256922932,0,30,30,30
1680679582258629596,0,30,30,30
1680679582260321728,0,30,30,30
1680679582262087823,0,30,30,30
1680679582263786934,0,30,30,30
1680679582265507217,0,30,30,30
1680679582267190810,0,30,30,30
1680679582268883911,0,30,30,30
1680679582270574798,0,30,30,30
1680679582272266829,0,30,30,30
1680679582273961023,0,30,30,30
1680679582275684127,0,30,30,30
1680679582277375109,0,30,30,30
1680679582279203682,0,30,30,30
1680679582280891750,0,30,30,30
1680679582282660085,0,30,30,30
1680679582284444304,0,30,30,30
1680679582286148930,0,30,30,30
1680679582287846958,0,30,30,30
1680679582289540358,0,30,30,30
1680679582291227673,0,30,30,30
1680679582292923813,0,30,30,30
1680679582294619066,0,30,30,30
1680679582296309810,0,30,30,30
1680679582298011092,0,30,30,30
1680679582299712186,0,30,30,30
1680679582301403349,0,30,30,30
1680679582303160455,0,30,30,30
1680679582305137830,0,30,30,30
1680679582307019436,0,30,30,30
1680679582308895368,0,30,30,30
1680679582310797334,0,30,30,30
1680679582312688072,0,30,30,30
1680679582314589110,0,30,30,30
1680679582316459052,0,30,30,30
1680679582318494402,0,30,30,30
1680679582320363582,0,30,30,30
1680679582322251203,0,30,30,30
1680679582324147503,0,30,30,30
1680679582326024629,0,30,30,30
1680679582327916813,0,30,30,30
1680679582329819566,0,30,30,30
1680679582331722606,0,30,30,30
1680679582334385069,0,30,30,30
1680679582336365198,0,30,30,30
1680679582338267717,0,30,30,30
1680679582340180503,0,30,30,30
1680679582342120240,0,30,30,30
1680679582344042156,0,30,30,30
1680679582345953322,0,30,30,30
1680679582347873254,0,30,30,30
1680679582350504051,0,30,30,30
1680679582352534514,0,30,30,30
1680679582354511180,0,30,30,30
1680679582356702573,0,30,30,30
1680679582358817769,0,30,30,30
1680679582360878313,0,30,30,30
1680679582362893379,0,30,30,30
1680679582364810217,0,30,30,30
1680679582366684906,0,30,30,30
1680679582368573335,0,30,30,30
1680679582370450018,0,30,30,30
1680679582372697583,0,30,30,30
1680679582375188979,0,30,30,30
1680679582377437702,0,30,30,30
1680679582413729136,0,30,30,30
1680679582481457202,0,30,30,30
1680679582515808909,0,30,30,30
1680679582517978547,0,30,30,30
1680679582519885361,0,30,30,30
1680679582521800164,0,30,30,30
1680679582523773838,0,30,30,30
1680679582525542631,0,30,30,30
1680679582527183769,0,30,30,30
1680679582528830686,0,30,30,30
1680679582530470220,0,30,30,30
1680679582532104742,0,30,30,30
1680679582533762440,0,30,30,30
1680679582535670442,0,30,30,30
1680679582537344956,0,30,30,30
1680679582539010828,0,30,30,30
1680679582540686723,0,30,30,30
1680679582542381139,0,30,30,30
1680679582544053770,0,30,30,30
1680679582545929826,0,30,30,30
1680679582547625542,0,30,30,30
1680679582549313863,0,30,30,30
1680679582551003824,0,30,30,30
1680679582552703289,0,30,30,30
1680679582554405047,0,30,30,30
1680679582556131969,0,30,30,30
1680679582557848973,0,30,30,30
1680679582559542295,0,30,30,30
1680679582561234352,0,30,30,30
1680679582562944500,0,30,30,30
1680679582564637635,0,30,30,30
1680679582566353332,0,30,30,30
1680679582568072430,0,30,30,30
1680679582569795329,0,30,30,30
1680679582571518698,0,30,30,30
1680679582573238247,0,30,30,30
1680679582574950738,0,30,30,30
1680679582576687238,0,30,30,30
1680679582578395366,0,30,30,30
1680679582580119496,0,30,30,30
1680679582581827588,0,30,30,30
1680679582583597540,0,30,30,30
1680679582585305813,0,30,30,30
1680679582586984003,0,30,30,30
1680679582588673117,0,30,30,30
1680679582590366517,0,30,30,30
1680679582592057984,0,30,30,30
1680679582593746093,0,30,30,30
1680679582595475564,0,30,30,30
1680679582597162644,0,30,30,30
1680679582598910402,0,30,30,30
1680679582600606650,0,30,30,30
1680679582602305972,0,30,30,30
1680679582604062402,0,30,30,30
1680679582605847633,0,30,30,30
1680679582607553542,0,30,30,30
1680679582609246924,0,30,30,30
1680679582610939884,0,30,30,30
1680679582612637832,0,30,30,30
1680679582614335564,0,30,30,30
1680679582616067541,0,30,30,30
1680679582617772887,0,30,30,30
1680679582619469192,0,30,30,30
1680679582621155894,0,30,30,30
1680679582622856875,0,30,30,30
1680679582624546965,0,30,30,30
1680679582626324303,0,30,30,30
1680679582628024232,0,30,30,30
1680679582629711988,0,30,30,30
1680679582631410186,0,30,30,30
1680679582633186848,0,30,30,30
1680679582634864986,0,30,30,30
1680679582636580276,0,30,30,30
1680679582638282119,0,30,30,30
1680679582639969582,0,30,30,30
1680679582641658881,0,30,30,30
1680679582643419570,0,30,30,30
1680679582645125273,0,30,30,30
1680679582646813259,0,30,30,30
1680679582648505705,0,30,30,30
1680679582650205513,0,30,30,30
1680679582651987041,0,30,30,30
1680679582653680176,0,30,30,30
1680679582655376644,0,30,30,30
1680679582657098175,0,30,30,30
1680679582658924842,0,30,30,30
1680679582660626392,0,30,30,30
1680679582662385281,0,30,30,30
1680679582664095384,0,30,30,30
1680679582665891125,0,30,30,30
1680679582667589322,0,30,30,30
1680679582669279105,0,30,30,30
1680679582670956781,0,30,30,30
1680679582672629202,0,30,30,30
1680679582674312789,0,30,30,30
1680679582676138036,0,30,30,30
1680679582677826010,0,30,30,30
1680679582679497085,0,30,30,30
1680679582681164689,0,30,30,30
1680679582682937749,0,30,30,30
1680679582684634684,0,30,30,30
1680679582686433426,0,30,30,30
1680679582688130038,0,30,30,30
1680679582689834720,0,30,30,30
1680679582691528925,0,30,30,30
1680679582693229329,0,30,30,30
1680679582694915874,0,30,30,30
1680679582696663769,0,30,30,30
1680679582698345446,0,30,30,30
1680679582700031466,0,30,30,30
1680679582701725679,0,30,30,30
1680679582703436803,0,30,30,30
1680679582705153524,0,30,30,30
1680679582706891688,0,30,30,30
1680679582708579902,0,30,30,30
1680679582710287693,0,30,30,30
1680679582711981428,0,30,30,30
1680679582713710885,0,30,30,30
1680679582715420917,0,30,30,30
1680679582717191120,0,30,30,30
1680679582718905321,0,30,30,30
1680679582720625510,0,30,30,30
1680679582722344032,0,30,30,30
1680679582724073822,0,30,30,30
1680679582725925688,0,30,30,30
1680679582727629298,0,30,30,30
1680679582729327481,0,30,30,30
1680679582731018962,0,30,30,30
1680679582732724887,0,30,30,30
1680679582734507833,0,30,30,30
1680679582736213633,0,30,30,30
1680679582737918613,0,30,30,30
1680679582739615744,0,30,30,30
1680679582741307356,0,30,30,30
1680679582743008316,0,30,30,30
1680679582744695549,0,30,30,30
1680679582746479895,0,30,30,30
1680679582748171973,0,30,30,30
1680679582749861417,0,30,30,30
1680679582751550907,0,30,30,30
1680679582753249203,0,30,30,30
1680679582754940083,0,30,30,30
1680679582756697801,0,30,30,30
1680679582758410545,0,30,30,30
1680679582760206731,0,30,30,30
1680679582761904277,0,30,30,30
1680679582763617548,0,30,30,30
1680679582765332692,0,30,30,30
1680679582767044617,0,30,30,30
1680679582768727279,0,30,30,30
1680679582770416671,0,30,30,30
1680679582772111202,0,30,30,30
1680679582773809528,0,30,30,30
1680679582775504657,0,30,30,30
1680679582777215814,0,30,30,30
1680679582778910776,0,30,30,30
1680679582780622708,0,30,30,30
1680679582782314191,0,30,30,30
1680679582784063106,0,30,30,30
1680679582785886902,0,30,30,30
1680679582787588265,0,30,30,30
1680679582789274705,0,30,30,30
1680679582790964872,0,30,30,30
1680679582792659628,0,30,30,30
1680679582794352124,0,30,30,30
1680679582796079035,0,30,30,30
1680679582797860610,0,30,30,30
1680679582799559222,0,30,30,30
1680679582801258575,0,30,30,30
1680679582802947409,0,30,30,30
1680679582804788516,0,30,30,30
1680679582806596453,0,30,30,30
1680679582808285468,0,30,30,30
1680679582810001027,0,30,30,30
1680679582811684759,0,30,30,30
1680679582813369526,0,30,30,30
1680679582815055226,0,30,30,30
1680679582816840246,0,30,30,30
1680679582818529675,0,30,30,30
1680679582820232285,0,30,30,30
1680679582822023355,0,30,30,30
1680679582823730761,0,30,30,30
1680679582825447278,0,30,30,30
1680679582827188540,0,30,30,30
1680679582828843559,0,30,30,30
1680679582830493418,0,30,30,30
1680679582832233677,0,30,30,30
1680679582833895248,0,30,30,30
1680679582835548931,0,30,30,30
1680679582837238840,0,30,30,30
1680679582838931042,0,30,30,30
1680679582840626207,0,30,30,30
1680679582842341136,0,30,30,30
1680679582844093162,0,30,30,30
1680679582845828502,0,30,30,30
1680679582847529413,0,30,30,30
1680679582849240291,0,30,30,30
1680679582850942120,0,30,30,30
1680679582852651216,0,30,30,30
1680679582854367707,0,30,30,30
1680679582856217391,0,30,30,30
1680679582857938501,0,30,30,30
1680679582859656279,0,30,30,30
1680679582861339527,0,30,30,30
1680679582863027999,0,30,30,30
1680679582864727149,0,30,30,30
1680679582866495532,0,30,30,30
1680679582868189263,0,30,30,30
1680679582869878719,0,30,30,30
1680679582871571399,0,30,30,30
1680679582873258236,0,30,30,30
1680679582874944478,0,30,30,30
1680679582876696575,0,30,30,30
1680679582878520924,0,30,30,30
1680679582880209843,0,30,30,30
1680679582881910724,0,30,30,30
1680679582883620067,0,30,30,30
1680679582885314394,0,30,30,30
1680679582887051011,0,30,30,30
1680679582888727158,0,30,30,30
1680679582890421705,0,30,30,30
1680679582892115892,0,30,30,30
1680679582893815529,0,30,30,30
1680679582895507769,0,30,30,30
1680679582897274090,0,30,30,30
1680679582898959591,0,30,30,30
1680679582900658343,0,30,30,30
1680679582902348279,0,30,30,30
1680679582904068383,0,30,30,30
1680679582905790356,0,30,30,30
1680679582907517507,0,30,30,30
1680679582909207090,0,30,30,30
1680679582910898473,0,30,30,30
1680679582912574269,0,30,30,30
1680679582914258315,0,30,30,30
1680679582915933890,0,30,30,30
1680679582917656923,0,30,30,30
1680679582919327795,0,30,30,30
1680679582921003766,0,30,30,30
1680679582922685583,0,30,30,30
1680679582924425430,0,30,30,30
1680679582926212614,0,30,30,30
1680679582927906192,0,30,30,30
1680679582929595320,0,30,30,30
1680679582931285435,0,30,30,30
1680679582932998740,0,30,30,30
1680679582934712389,0,30,30,30
1680679582936445941,0,30,30,30
1680679582938178100,0,30,30,30
1680679582939898746,0,30,30,30
1680679582941615249,0,30,30,30
1680679582977361169,0,30,29,30
1680679582982072717,0,30,29,30
1680679582985352282,0,30,29,30
1680679582988600046,0,30,29,30
1680679582991728109,0,30,29,30
1680679582994202877,0,30,29,30
1680679582996071756,0,30,29,30
1680679582998017983,0,30,29,30
1680679582999718485,0,30,29,30
1680679583001407100,0,30,29,30
1680679583003101214,0,30,29,30
1680679583004858799,0,30,29,30
1680679583006689740,0,30,29,30
1680679583008459993,0,30,29,30
1680679583010136890,0,30,29,30
1680679583011806144,0,30,29,30
1680679583013485752,0,30,29,30
1680679583015149347,0,30,29,30
1680679583016855085,0,30,29,30
1680679583018524490,0,30,29,30
1680679583020219790,0,30,29,30
1680679583021934841,0,30,29,30
1680679583023627398,0,30,29,30
1680679583025321047,0,30,29,30
1680679583027057517,0,30,29,30
1680679583028744352,0,30,29,30
1680679583030469129,0,30,29,30
1680679583032180662,0,30,29,30
1680679583033902885,0,30,29,30
1680679583035619952,0,30,29,30
1680679583037353033,0,30,29,30
1680679583039067482,0,30,29,30
1680679583040788521,0,30,29,30
1680679583042473945,0,30,29,30
1680679583044205286,0,30,29,30
1680679583045907311,0,30,29,30
1680679583047651274,0,30,29,30
1680679583049344600,0,30,29,30
1680679583051032432,0,30,29,30
1680679583052724857,0,30,29,30
1680679583054416616,0,30,29,30
1680679583056109876,0,30,29,30
1680679583057858260,0,30,29,30
1680679583059622205,0,30,29,30
1680679583061319288,0,30,29,30
1680679583063102653,0,30,29,30
1680679583064856599,0,30,29,30
1680679583066647476,0,30,29,30
1680679583068339471,0,30,29,30
1680679583070037325,0,30,29,30
1680679583071723827,0,30,29,30
1680679583073407999,0,30,29,30
1680679583075093998,0,30,29,30
1680679583076802136,0,30,29,30
1680679583078494504,0,30,29,30
1680679583080187970,0,30,29,30
1680679583081878206,0,30,29,30
1680679583083570870,0,30,29,30
1680679583085316856,0,30,29,30
1680679583087121446,0,30,29,30
1680679583088814807,0,30,29,30
1680679583090507181,0,30,29,30
1680679583092203287,0,30,29,30
1680679583093907043,0,30,29,30
1680679583095606760,0,30,29,30
1680679583097325887,0,30,29,30
1680679583099020971,0,30,29,30
1680679583100702515,0,30,29,30
1680679583102407206,0,30,29,30
1680679583104118056,0,30,29,30
1680679583105819806,0,30,29,30
1680679583107565451,0,30,29,30
1680679583109255457,0,30,29,30
1680679583110944702,0,30,29,30
1680679583112637268,0,30,29,30
1680679583114324782,0,30,29,30
1680679583116005953,0,30,29,30
1680679583117715562,0,30,29,30
1680679583119397632,0,30,30,30
1680679583121084518,0,30,30,30
1680679583122769693,0,30,30,30
1680679583124469616,0,30,30,30
1680679583126179602,0,30,30,30
1680679583127949037,0,30,30,30
1680679583129623052,0,30,30,30
1680679583131296295,0,30,30,30
1680679583132962952,0,30,30,30
1680679583134658743,0,30,30,30
1680679583136357083,0,30,30,30
1680679583138158152,0,30,30,30
1680679583139855357,0,30,30,30
1680679583141543894,0,30,30,30
1680679583143235425,0,30,30,30
1680679583145018561,0,30,30,30
1680679583146792969,0,30,30,30
1680679583148507194,0,30,30,30
1680679583150232152,0,30,30,30
1680679583151949533,0,30,30,30
1680679583153754071,0,30,30,30
1680679583155633727,0,30,30,30
1680679583157463072,0,30,30,30
1680679583159280569,0,30,30,30
1680679583161103202,0,30,30,30
1680679583162937548,0,30,30,30
1680679583164782338,0,30,30,30
1680679583166779131,0,30,30,30
1680679583168636115,0,30,30,30
1680679583170502296,0,30,30,30
1680679583172361890,0,30,30,30
1680679583174219213,0,30,30,30
1680679583176078529,0,30,30,30
1680679583177923250,0,30,30,30
1680679583179716463,0,30,30,30
1680679583181618861,0,30,30,30
1680679583183411712,0,30,30,30
1680679583185233366,0,30,30,30
1680679583187152749,0,30,30,30
1680679583188996720,0,30,30,30
1680679583190832131,0,30,30,30
1680679583192673347,0,30,30,30
1680679583194520943,0,30,30,30
1680679583196362789,0,30,30,30
1680679583198187001,0,30,30,30
1680679583199996807,0,30,30,30
1680679583201821173,0,30,30,30
1680679583203629839,0,30,30,30
1680679583205501070,0,30,30,30
1680679583207372171,0,30,30,30
1680679583209225965,0,30,30,30
1680679583211067660,0,30,30,30
1680679583212906334,0,30,30,30
1680679583214750636,0,30,30,30
1680679583216592796,0,30,30,30
1680679583218448207,0,30,30,30
1680679583220268587,0,30,30,30
1680679583222105576,0,30,30,30
1680679583223926253,0,30,30,30
1680679583225754638,0,30,30,30
1680679583227744563,0,30,30,30
1680679583229558977,0,30,30,30
1680679583231362689,0,30,30,30
1680679583233171931,0,30,30,30
1680679583234814044,0,30,30,30
1680679583236455181,0,30,30,30
1680679583238157672,0,30,30,30
1680679583239849310,0,30,30,30
1680679583241542331,0,30,30,30
1680679583243229969,0,30,30,30
1680679583244923264,0,30,30,30
1680679583246642420,0,30,30,30
1680679583248335027,0,30,30,30
1680679583250011115,0,30,30,30
1680679583251686151,0,30,30,30
1680679583253357385,0,30,30,30
1680679583255033053,0,30,30,30
1680679583256704235,0,30,30,30
1680679583258386562,0,30,30,30
1680679583260149171,0,30,30,30
1680679583261864397,0,30,30,30
1680679583263613854,0,30,30,30
1680679583265368939,0,30,30,30
1680679583267121919,0,30,30,30
1680679583268833894,0,30,30,30
1680679583270545321,0,30,30,30
1680679583272234001,0,30,30,30
1680679583273930809,0,30,30,30
1680679583275628058,0,30,30,30
1680679583277359196,0,30,30,30
1680679583279051450,0,30,30,30
1680679583280726935,1,30,30,30
1680679583282422966,1,30,30,30
1680679583284124858,1,30,30,30
1680679583285853654,1,30,30,30
1680679583287638889,1,30,30,30
1680679583289340921,1,30,30,30
1680679583291030244,1,30,30,30
1680679583292727075,1,30,30,30
1680679583294416526,1,30,30,30
1680679583296116128,1,30,30,30
1680679583297889600,1,30,30,30
1680679583299575538,1,30,30,30
1680679583301261765,1,30,30,30
1680679583302953751,1,30,30,30
1680679583304660886,1,30,30,30
1680679583306354531,1,30,30,30
1680679583308067739,1,30,30,30
1680679583309763520,1,30,30,30
1680679583311459699,1,30,30,30
1680679583313152382,1,30,30,30
1680679583314848771,1,30,30,30
1680679583316545496,1,30,30,30
1680679583318270984,1,30,30,30
1680679583319972833,1,30,30,30
1680679583321662542,1,30,30,30
1680679583323353075,1,30,30,30
1680679583325060633,1,30,30,30
1680679583326806429,1,30,30,30
1680679583328646187,1,30,30,30
1680679583330348173,1,30,30,30
1680679583332038690,1,30,30,30
1680679583333751258,1,30,30,30
1680679583335445566,1,30,30,30
1680679583337136134,1,30,30,30
1680679583338823651,1,30,30,30
1680679583340517032,1,30,30,30
1680679583342209209,1,30,30,30
1680679583343899106,1,30,30,30
1680679583345612351,1,30,30,30
1680679583347411069,1,30,30,30
1680679583349100060,1,30,30,30
1680679583350782812,1,30,30,30
1680679583352474305,1,30,30,30
1680679583354173789,1,30,30,30
1680679583355864616,1,30,30,30
1680679583357575063,1,30,30,30
1680679583359266736,1,30,30,30
1680679583360961871,1,30,30,30
1680679583362653400,1,30,30,30
1680679583364326692,1,30,30,30
1680679583366013810,1,30,30,30
1680679583367769715,1,30,30,30
1680679583369666072,1,30,30,30
1680679583371335920,1,30,30,30
1680679583373004962,1,30,30,30
1680679583374700611,1,30,30,30
1680679583376394405,1,30,30,30
1680679583378168110,1,30,30,30
1680679583379861685,1,30,30,30
1680679583381560135,1,30,30,30
1680679583383247915,1,30,30,30
1680679583384985552,1,30,30,30
1680679583386707758,1,30,30,30
1680679583388468831,1,30,30,30
1680679583390190255,1,30,30,30
1680679583391955987,1,30,30,30
1680679583393676691,1,30,30,30
1680679583395387218,1,30,30,30
1680679583397081879,1,30,30,30
1680679583398798359,1,30,30,30
1680679583400551941,1,30,30,30
1680679583402253131,1,30,30,30
1680679583403950061,1,30,30,30
1680679583405668143,1,30,30,30
1680679583407415131,1,30,30,30
1680679583409103954,1,30,30,30
1680679583410788620,1,30,30,30
1680679583412484252,1,30,30,30
1680679583414177702,1,30,30,30
1680679583415882125,1,30,30,30
1680679583417634233,1,30,30,30
1680679583419324685,1,30,30,30
1680679583421020210,1,30,30,30
1680679583422709985,1,30,30,30
1680679583424410877,1,30,30,30
1680679583426140547,1,30,30,30
1680679583427952191,1,30,30,30
1680679583429651906,1,30,30,30
1680679583431338345,1,30,30,30
1680679583433061348,1,30,30,30
1680679583434751850,1,30,30,30
1680679583436443195,1,30,30,30
1680679583438196828,1,30,30,30
1680679583439888058,1,30,30,30
1680679583441651265,1,30,30,30
1680679583443341242,1,30,30,30
1680679583445059328,1,30,30,30
1680679583446773875,0,30,30,30
1680679583448493323,0,30,30,30
1680679583450168441,0,30,30,30
1680679583451847663,0,30,30,30
1680679583453592349,0,30,30,30
1680679583455281600,0,30,30,30
1680679583456946603,0,30,30,30
1680679583458685854,0,30,30,30
1680679583460443232,0,30,30,30
1680679583462137132,0,30,30,30
1680679583463880167,0,30,30,30
1680679583465603898,0,30,30,30
1680679583467397398,0,30,30,30
1680679583469091387,0,30,30,30
1680679583470784589,0,30,30,30
1680679583472485052,0,30,30,30
1680679583474182012,0,30,30,30
1680679583475875201,0,30,30,30
1680679583477650843,0,30,30,30
1680679583479355091,0,30,30,30
1680679583481064446,0,30,30,30
1680679583482756997,0,30,30,30
1680679583484456048,0,30,30,30
1680679583486211108,0,30,30,30
1680679583487958163,0,30,30,30
1680679583489685147,0,30,30,30
1680679583491398275,0,30,30,30
1680679583493109648,0,30,30,30
1680679583494819866,0,30,30,30
1680679583496539068,0,30,30,30
1680679583498276644,0,30,30,30
1680679583500000620,0,30,30,30
1680679583501695660,0,30,30,30
1680679583503394379,0,30,30,30
1680679583505121331,0,30,30,30
1680679583506820027,0,30,30,30
1680679583508530362,0,30,30,30
1680679583510232019,0,30,30,30
1680679583511911739,0,30,30,30
1680679583513593955,0,30,30,30
1680679583515272876,0,30,30,30
1680679583516956355,0,30,30,30
1680679583518668250,0,30,30,30
1680679583520368952,0,30,30,30
1680679583522064304,0,30,30,30
1680679583523753452,0,30,30,30
1680679583525462495,0,30,30,30
1680679583527160029,0,30,30,30
1680679583528869235,0,30,30,30
1680679583530569786,0,30,30,30
1680679583532263149,0,30,30,30
1680679583533965210,0,30,30,30
1680679583535661428,0,30,30,30
1680679583537357386,0,30,30,30
1680679583539070379,0,30,30,30
1680679583540727674,0,30,30,30
1680679583542428981,0,30,30,30
1680679583544127108,0,30,30,30
1680679583546311380,0,30,30,30
1680679583548073678,0,30,30,30
1680679583549768031,0,30,30,30
1680679583551459312,0,30,30,30
1680679583553257064,0,30,30,30
1680679583554955858,0,30,30,30
1680679583556650642,0,30,30,30
1680679583558381186,0,30,30,30
1680679583560275747,0,30,30,30
1680679583561998738,0,30,30,30
1680679583563734103,0,30,30,30
1680679583565449691,0,30,30,30
1680679583567320310,0,30,30,30
1680679583569037907,0,30,30,30
1680679583570723851,0,30,30,30
1680679583572417112,0,30,30,30
1680679583574127649,0,30,30,30
1680679583575818581,0,30,30,30
1680679583577517289,0,30,30,30
1680679583579209934,0,30,30,30
1680679583580903430,0,30,30,30
1680679583582595266,0,30,30,30
1680679583584292907,0,30,30,30
1680679583586071143,0,30,30,30
1680679583587790819,0,30,30,30
1680679583589487380,0,30,30,30
1680679583591187474,0,30,30,30
1680679583592877211,0,30,30,30
1680679583594572884,0,30,30,30
1680679583596268212,0,30,30,30
1680679583597990838,0,30,30,30
1680679583599688856,0,30,30,30
1680679583601376393,0,30,30,30
1680679583603068536,0,30,30,30
1680679583604726490,0,30,30,30
1680679583606462834,0,30,30,30
1680679583608252497,0,30,30,30
1680679583609930397,0,30,30,30
1680679583611599581,0,30,30,30
1680679583613273248,0,30,30,30
1680679583614968608,0,30,30,30
1680679583616669328,0,30,30,30
1680679583618388368,0,30,30,30
1680679583620087611,0,30,30,30
1680679583621859505,0,30,30,30
1680679583623549815,0,30,30,30
1680679583625548473,0,30,30,30
1680679583627441082,0,30,30,30
1680679583629334495,0,30,30,30
1680679583631249842,0,30,30,30
1680679583633147129,0,30,30,30
1680679583635028847,0,30,30,30
1680679583636968270,0,30,30,30
1680679583639158685,0,30,30,30
1680679583641078639,0,30,30,30
1680679583642995551,0,30,30,30
1680679583644908307,0,30,30,30
1680679583646788264,0,30,30,30
1680679583648726008,0,30,30,30
1680679583650627158,0,30,30,30
1680679583652522924,0,30,30,30
1680679583655282854,0,30,30,30
1680679583657209023,0,30,30,30
1680679583659282391,0,30,30,30
1680679583661467389,0,30,30,30
1680679583663382380,0,30,30,30
1680679583665506500,0,30,30,30
1680679583667355177,0,30,30,30
1680679583669209085,0,30,30,30
1680679583671069950,0,30,30,30
1680679583672921118,0,30,30,30
1680679583674766510,0,30,30,30
1680679583676668381,0,30,30,30
1680679583678633408,0,30,30,30
1680679583680556467,0,30,30,30
1680679583682528175,0,30,30,30
1680679583684446906,0,30,30,30
1680679583686479724,0,30,30,29
1680679583689018139,0,30,30,29
1680679583691545617,0,30,30,29
1680679583693502390,0,30,30,29
1680679583695805637,0,30,30,29
1680679583760875980,0,30,30,30
1680679583879009473,0,30,30,30
1680679583881043678,0,30,30,30
1680679583882995881,0,30,30,30
1680679583884911267,0,30,30,30
1680679583886847331,0,30,30,30
1680679583888783107,0,30,30,30
1680679583890459611,0,30,30,30
1680679583892116103,0,30,30,30
1680679583893782254,0,30,30,30
1680679583895432218,0,30,30,30
1680679583897083125,0,30,30,30
1680679583898825353,0,30,30,30
1680679583900505039,0,30,30,30
1680679583902208279,0,30,30,30
1680679583903900091,0,30,30,30
1680679583905592503,0,30,30,30
1680679583907339570,0,30,30,30
1680679583909168550,0,30,30,30
1680679583910862180,0,30,30,30
1680679583912558716,0,30,30,30
1680679583914278079,0,30,30,30
1680679583915973236,0,30,30,30
1680679583917671257,0,30,30,30
1680679583919381376,0,30,30,30
1680679583921078484,0,30,30,30
1680679583922767607,0,30,30,30
1680679583924460622,0,30,30,30
1680679583926174059,0,30,30,30
1680679583927904275,0,30,30,30
1680679583929659942,0,30,30,30
1680679583931347150,0,30,30,30
1680679583933018059,0,30,30,30
1680679583934684688,0,30,30,30
1680679583936359506,0,30,30,30
1680679583938041149,0,30,30,30
1680679583939773121,0,30,30,30
1680679583941443460,0,30,30,30
1680679583943139749,0,30,30,30
1680679583944833243,0,30,30,30
1680679583946539611,0,30,30,30
1680679583948252083,0,30,30,30
1680679583949971736,0,30,30,30
1680679583951663993,0,30,30,30
1680679583953381442,0,30,30,30
1680679583955098130,0,30,30,30
1680679583956821651,0,30,30,30
1680679583958539339,0,30,30,30
1680679583960279722,0,30,30,30
1680679583962345657,0,30,30,30
1680679583964089277,0,30,30,30
1680679583965820705,0,30,30,30
1680679583967547764,0,30,30,30
1680679583969335403,0,30,30,30
1680679583971044203,0,30,30,30
1680679583972732315,0,30,30,30
1680679583974487261,0,30,30,30
1680679583976168927,0,30,30,30
1680679583977863534,0,30,30,30
1680679583979584806,0,30,30,30
1680679583981286801,0,30,30,30
1680679583983035450,0,30,30,30
1680679583984730265,0,30,30,30
1680679583986476582,0,30,30,30
1680679583988267128,0,30,30,30
1680679583990003313,0,30,30,30
1680679583991699931,0,30,30,30
1680679583993404351,0,30,30,30
1680679583995097719,0,30,30,30
1680679583996743660,0,30,30,30
1680679583998407613,0,30,30,30
1680679584000097687,0,30,30,30
1680679584001857057,0,30,30,30
1680679584003517146,0,30,30,30
1680679584005172841,0,30,30,30
1680679584006905889,0,30,30,30
1680679584008709586,0,30,30,30
1680679584010415033,0,30,30,30
1680679584012110299,0,30,30,30
1680679584013820243,0,30,30,30
1680679584015519770,0,30,30,30
1680679584017210987,0,30,30,30
1680679584018948433,0,30,30,30
1680679584020640215,0,30,30,30
1680679584022340643,0,30,30,30
1680679584024033940,0,30,30,30
1680679584025746628,0,30,30,30
1680679584027498709,0,30,30,30
1680679584029238898,0,30,30,30
1680679584030945386,0,30,30,30
1680679584032649186,0,30,30,30
1680679584034351937,0,30,30,30
1680679584036044111,0,30,30,30
1680679584037735779,0,30,30,30
1680679584039443013,0,30,30,30
1680679584041141303,0,30,30,30
1680679584042871940,0,30,30,30
1680679584044562224,0,30,30,30
1680679584046288502,0,30,30,30
1680679584048044493,0,30,30,30
1680679584049824049,0,30,30,30
1680679584051525973,0,30,30,30
1680679584053223564,0,30,30,30
1680679584054924159,0,30,30,30
1680679584056621512,0,30,30,30
1680679584058336070,0,30,30,30
1680679584060087851,0,30,30,30
1680679584061793293,0,30,30,30
1680679584063491855,0,30,30,30
1680679584065212239,0,30,30,30
1680679584066942058,0,30,30,30
1680679584068655607,0,30,30,30
1680679584070351945,0,30,30,30
1680679584072044975,0,30,30,30
1680679584073752630,0,30,30,30
1680679584075466469,0,30,30,30
1680679584077160634,0,30,30,30
1680679584078860518,0,30,30,30
1680679584080533321,0,30,30,30
1680679584082238837,0,30,30,30
1680679584083910609,0,30,30,30
1680679584085591268,0,30,30,30
1680679584087296904,0,30,30,30
1680679584089180250,0,30,30,30
1680679584090888883,0,30,30,30
1680679584092615368,0,30,30,30
1680679584094319883,0,30,30,30
1680679584096031273,0,30,30,30
1680679584097831838,0,30,30,30
1680679584099579948,0,30,30,30
1680679584101320738,0,30,30,30
1680679584103033955,0,30,30,30
1680679584104728598,0,30,30,30
1680679584106461058,0,30,30,30
1680679584108230136,0,30,30,30
1680679584109973020,0,30,30,30
1680679584111672908,0,30,30,30
1680679584113363108,0,30,30,30
1680679584115056828,0,30,30,30
1680679584116727896,0,30,30,30
1680679584118434503,0,30,30,30
1680679584120179245,0,30,30,30
1680679584121876627,0,30,30,30
1680679584123584825,0,30,19,30
1680679584125282228,0,30,19,30
1680679584127115423,0,30,19,30
1680679584128842505,0,30,19,30
1680679584130596599,0,30,19,30
1680679584132298883,0,30,19,30
1680679584134090051,0,30,19,30
1680679584135785622,0,30,19,30
1680679584137477885,0,30,19,30
1680679584139172804,0,30,19,30
1680679584140875601,0,30,19,30
1680679584142579485,0,30,19,30
1680679584144282064,0,30,19,30
1680679584145987050,0,30,19,30
1680679584147746033,0,30,19,30
1680679584149599877,0,30,19,30
1680679584151299616,0,30,19,30
1680679584153023108,0,30,19,30
1680679584154727133,0,30,19,30
1680679584156420772,0,30,19,30
1680679584158122045,0,30,19,30
1680679584159831129,0,30,19,30
1680679584161537809,0,30,19,30
1680679584163235433,0,30,19,30
1680679584165018085,0,30,19,30
1680679584166704886,0,30,19,30
1680679584168406389,0,30,19,30
1680679584170176524,0,30,19,30
1680679584171880889,0,30,19,30
1680679584173576584,0,30,19,30
1680679584175272713,0,30,19,30
1680679584176980737,0,30,19,30
1680679584178668557,0,30,19,30
1680679584180412161,0,30,19,30
1680679584182119508,0,30,19,30
1680679584183841134,0,30,19,30
1680679584185533441,0,30,19,30
1680679584187258686,0,30,19,30
1680679584189035589,0,30,19,30
1680679584190731598,0,30,19,30
1680679584192428839,0,30,19,30
1680679584194131165,0,30,19,30
1680679584195840374,0,30,19,30
1680679584197551377,0,30,19,30
1680679584199251316,0,30,19,30
1680679584200948959,0,30,19,30
1680679584202641851,0,30,19,30
1680679584204340814,0,30,19,30
1680679584206042762,0,30,19,30
1680679584207801497,0,30,19,30
1680679584209724419,0,30,19,30
1680679584211425857,0,30,19,30
1680679584213127399,0,30,19,30
1680679584214806252,0,30,19,30
1680679584216496905,0,30,19,30
1680679584218170208,0,30,19,30
1680679584219879662,0,30,19,30
1680679584221659338,0,30,19,30
1680679584223327652,0,30,19,30
1680679584225048890,0,30,19,30
1680679584226763279,0,30,19,30
1680679584228486014,0,30,19,30
1680679584230371666,0,30,19,30
1680679584232095348,0,30,19,30
1680679584233819607,0,30,19,30
1680679584235544848,0,30,19,30
1680679584237248184,0,30,19,30
1680679584238952108,0,30,19,30
1680679584240678276,0,30,19,30
1680679584242376298,0,30,19,30
1680679584244071939,0,30,19,30
1680679584245764496,0,30,19,30
1680679584247561569,0,30,19,30
1680679584249367788,0,30,19,30
1680679584251069858,0,30,19,30
1680679584252774936,0,30,19,30
1680679584254464388,0,30,19,30
1680679584256155081,0,30,19,30
1680679584257853919,0,30,19,30
1680679584259581099,0,30,19,30
1680679584261274634,0,30,19,30
1680679584262966614,0,30,19,30
1680679584264669684,0,30,19,30
1680679584266373363,0,30,19,30
1680679584268121010,0,30,19,30
1680679584269968421,0,30,19,30
1680679584271666564,0,30,19,30
1680679584273366375,0,30,19,30
1680679584275067547,0,30,19,30
1680679584276726909,0,30,19,30
1680679584278412951,0,30,19,30
1680679584280121597,0,30,19,30
1680679584281840734,0,30,19,30
1680679584283559405,0,30,19,30
1680679584285249096,0,30,19,30
1680679584286932686,0,30,19,30
1680679584288630189,0,30,19,30
1680679584290402439,0,30,19,30
1680679584292108234,0,30,0,30
1680679584293813502,0,30,0,30
1680679584295507520,0,30,0,30
1680679584297196127,0,30,0,30
1680679584298889794,0,30,0,30
1680679584300624268,0,30,0,30
1680679584302339428,0,30,0,30
1680679584304041774,0,30,0,30
1680679584305742939,0,30,0,30
1680679584307461942,0,30,0,30
1680679584309246533,0,30,0,30
1680679584310945036,0,30,0,30
1680679584312649673,0,30,0,30
1680679584314356062,0,30,0,30
1680679584316057283,0,30,0,30
1680679584317850676,0,30,0,30
1680679584319641802,0,30,0,30
1680679584321330348,0,30,0,30
1680679584323021390,0,30,0,30
1680679584324726698,0,30,0,30
1680679584326447702,0,30,0,30
1680679584328159243,0,30,0,30
1680679584329907532,0,30,0,30
1680679584331599655,0,30,0,30
1680679584333287221,0,30,0,30
1680679584334983383,0,30,0,30
1680679584336686661,0,30,0,30
1680679584338471998,0,30,0,30
1680679584340274759,0,30,0,30
1680679584341979580,0,30,0,30
1680679584343682140,0,30,0,30
1680679584345470970,0,30,0,30
1680679584347186872,0,30,0,30
1680679584348886930,0,30,0,30
1680679584350644537,0,30,0,30
1680679584352362426,0,30,0,30
1680679584354065035,0,30,0,30
1680679584355757998,0,30,0,30
1680679584357454551,0,30,0,30
1680679584359152592,0,30,0,30
1680679584360851349,0,30,0,30
1680679584362604899,0,30,0,30
1680679584364279352,0,30,0,30
1680679584366050807,0,29,0,30
1680679584367775967,0,29,0,30
1680679584369767837,0,29,0,30
1680679584371494036,0,29,0,30
1680679584373206783,0,29,0,30
1680679584374915844,0,29,0,30
1680679584376631954,0,29,0,30
1680679584378360581,0,29,0,30
1680679584380096155,0,29,0,30
1680679584381843071,0,29,0,30
1680679584383563932,0,29,0,30
1680679584385275100,0,29,0,30
1680679584386983728,0,29,0,30
1680679584388700815,0,29,0,30
1680679584390477335,0,29,0,30
1680679584392175126,0,29,0,30
1680679584393880919,0,29,0,30
1680679584395665845,0,29,0,30
1680679584397370002,0,29,0,30
1680679584399062439,0,29,0,30
1680679584400786926,0,29,0,30
1680679584402481957,0,29,0,30
1680679584404182299,0,29,0,30
1680679584405888829,0,29,0,30
1680679584407628394,0,29,0,30
1680679584409349656,0,29,0,30
1680679584411092386,0,29,0,30
1680679584412791230,0,29,0,30
1680679584414486681,0,29,0,30
1680679584416185468,0,29,0,30
1680679584417973228,0,29,0,30
1680679584419674807,0,29,0,30
1680679584421373171,0,29,0,30
1680679584423063167,0,29,0,30
1680679584424727195,0,29,0,30
1680679584426425504,0,29,0,30
1680679584428157833,0,29,0,30
1680679584429892207,0,29,0,30
1680679584431591782,0,29,0,30
1680679584433294043,0,29,0,30
1680679584434985524,0,29,0,30
1680679584436678398,0,29,0,30
1680679584438397359,0,29,0,30
1680679584440194258,0,29,0,30
1680679584441882427,0,29,0,30
1680679584443576412,0,29,0,30
1680679584445269143,0,29,0,30
1680679584446957728,0,29,0,30
1680679584448667597,0,29,0,30
1680679584450462506,0,29,0,30
1680679584452156012,0,29,0,30
1680679584453854448,0,29,0,30
1680679584455555225,0,29,0,30
1680679584457253575,0,29,0,30
1680679584458945416,0,29,0,30
1680679584460692514,0,29,0,30
1680679584462392840,0,29,0,30
1680679584464094151,0,29,0,30
1680679584465812266,0,29,0,30
1680679584467581836,0,29,0,30
1680679584502676831,0,29,0,30
1680679584505753763,0,29,0,30
1680679584508896648,0,29,0,30
1680679584511997863,0,29,0,30
1680679584514778965,0,29,0,30
1680679584516598947,0,29,0,30
1680679584518403408,0,29,0,30
1680679584520216172,0,29,0,30
1680679584522012805,0,29,0,30
1680679584523766951,0,29,0,30
1680679584525464956,0,29,0,30
1680679584527173312,0,29,0,30
1680679584528895278,0,29,0,30
1680679584530681456,0,29,0,30
1680679584532385116,0,29,0,30
1680679584534086013,0,30,0,30
1680679584535793952,0,30,0,30
1680679584537496739,0,30,0,30
1680679584539186744,0,30,0,30
1680679584540925281,0,30,0,30
1680679584542663670,0,30,0,30
1680679584544370586,0,30,0,30
1680679584546161018,0,30,0,30
1680679584547890496,0,30,0,30
1680679584549607301,0,30,0,30
1680679584551371011,0,30,0,30
1680679584553152840,0,30,0,30
1680679584554829987,0,30,0,30
1680679584556507321,0,30,0,30
1680679584558190980,0,30,0,30
1680679584559879815,0,30,0,30
1680679584561549651,0,30,0,30
1680679584563227096,0,30,0,30
1680679584564952949,0,30,0,30
1680679584566663790,0,30,0,30
1680679584568546711,0,30,0,30
1680679584570337881,0,30,0,30
1680679584572062442,0,30,0,30
1680679584573789541,0,30,0,30
1680679584575472296,0,30,0,30
1680679584577152901,0,30,0,30
1680679584578836820,0,30,0,30
1680679584580536055,0,30,0,30
1680679584582221229,0,30,0,30
1680679584583897905,0,30,0,30
1680679584585612396,0,30,0,30
1680679584587310477,0,30,0,30
1680679584589058803,0,30,0,30
1680679584590885897,0,30,0,30
1680679584592576143,0,30,0,30
1680679584594281763,0,30,0,30
1680679584596044436,0,30,0,30
1680679584597734296,0,30,0,30
1680679584599429679,0,30,0,30
1680679584601153587,0,30,0,30
1680679584602859507,0,30,0,30
1680679584604601224,0,30,0,30
1680679584606308781,0,30,0,30
1680679584608049280,0,30,0,30
1680679584609816307,0,30,0,30
1680679584611519659,0,30,0,30
1680679584649039519,0,30,0,30
1680679584652469460,0,30,0,30
1680679584655614454,0,30,0,30
1680679584658869081,0,30,0,30
1680679584661448604,0,30,0,30
1680679584663330639,0,30,0,30
1680679584665401087,0,30,0,30
1680679584667136818,0,30,0,30
1680679584668927645,0,30,0,30
1680679584670836747,0,30,0,30
1680679584672602371,0,30,0,30
1680679584674421460,0,30,0,30
1680679584676209620,0,30,0,30
1680679584678048918,0,30,0,30
1680679584679803212,0,30,0,30
1680679584681645423,0,30,0,30
1680679584683422514,0,30,0,30
1680679584685250548,0,30,0,30
1680679584687020556,0,30,0,30
1680679584688780085,0,30,0,30
1680679584690577881,0,30,0,30
1680679584692296867,0,30,0,30
1680679584694065541,0,30,0,30
1680679584695795353,0,30,0,30
1680679584697545494,0,30,0,30
1680679584699263067,0,30,0,30
1680679584701026835,0,30,0,30
1680679584702746304,0,30,0,30
1680679584704495833,0,30,0,30
1680679584706221777,0,30,0,30
1680679584708082099,0,30,0,30
1680679584709824802,0,30,0,30
1680679584711598885,0,30,0,30
1680679584713313890,0,30,0,30
1680679584715068872,0,30,0,30
1680679584716784807,0,30,0,30
1680679584718536808,0,30,0,30
1680679584720256983,0,30,0,30
1680679584722017481,0,30,0,30
1680679584723733464,0,30,0,30
1680679584725488699,0,30,0,30
1680679584727203932,0,30,0,30
1680679584728984865,0,30,0,30
1680679584730771913,0,30,0,30
1680679584732525865,0,30,0,30
1680679584734249728,0,30,0,30
1680679584736009998,0,30,0,30
1680679584737732426,0,30,0,30
1680679584739475786,0,30,0,30
1680679584741221920,0,30,0,30
1680679584742988515,0,30,0,30
1680679584744729540,0,30,0,30
1680679584746498661,0,30,0,30
1680679584748251317,0,30,0,30
1680679584750036172,0,30,0,30
1680679584751764386,0,30,0,30
1680679584753518546,0,30,0,30
1680679584755284962,0,30,0,30
1680679584757040090,0,30,0,30
1680679584758749592,0,30,0,30
1680679584760520177,0,30,0,30
1680679584762221106,0,30,0,30
1680679584763921949,0,30,0,30
1680679584765629674,0,30,0,30
1680679584767330134,0,30,0,30
1680679584769044409,0,30,0,30
1680679584770807663,0,30,0,30
1680679584772504835,0,30,0,30
1680679584774204094,0,30,0,30
1680679584775913357,0,30,0,30
1680679584777607720,0,30,0,30
1680679584779298065,0,30,0,30
1680679584781001113,0,30,0,30
1680679584782693974,0,30,0,30
1680679584784397702,0,30,0,30
1680679584786078170,0,30,0,30
1680679584787755932,0,30,0,30
1680679584789463240,0,30,0,30
1680679584791257874,0,30,0,30
1680679584792936321,0,30,2,30
1680679584794636938,0,30,2,30
1680679584796336301,0,30,2,30
1680679584798025425,0,30,2,30
1680679584799720198,0,30,2,30
1680679584801428221,0,30,2,30
1680679584803121277,0,30,2,30
1680679584804847678,0,30,2,30
1680679584806556187,0,30,2,30
1680679584808369896,0,30,2,30
1680679584810332178,0,30,2,30
1680679584812057857,0,30,2,30
1680679584813776558,0,30,2,30
1680679584815500165,0,30,2,30
1680679584817167407,0,30,2,30
1680679584818836080,0,30,2,30
1680679584820547122,0,30,2,30
1680679584822399394,0,30,2,30
1680679584824243829,0,30,2,30
1680679584826123563,0,30,2,30
1680679584828012343,0,30,2,30
1680679584829954363,0,30,2,30
1680679584831841458,0,30,2,30
1680679584833710787,0,30,2,30
1680679584835596805,0,30,2,30
1680679584837463357,0,30,2,30
1680679584839303687,0,30,2,30
1680679584841157858,0,30,2,30
1680679584842987525,0,30,2,30
1680679584844820833,0,30,2,30
1680679584846650687,0,30,2,30
1680679584848519043,0,30,2,30
1680679584850396703,0,30,2,30
1680679584852262105,0,30,2,30
1680679584854084311,0,30,2,30
1680679584855906684,0,30,2,30
1680679584857757557,0,30,2,30
1680679584859616911,0,30,2,30
1680679584861616859,0,30,2,30
1680679584863468967,0,30,2,30
1680679584865306729,0,30,2,30
1680679584867142657,0,30,2,30
1680679584868997102,0,30,2,30
1680679584870869952,0,30,2,30
1680679584872668278,0,30,2,30
1680679584874476348,0,30,2,30
1680679584876276827,0,30,2,30
1680679584878121278,0,30,2,30
1680679584879959121,0,30,2,30
1680679584881880259,0,30,2,30
1680679584883728513,0,30,2,30
1680679584885565153,0,30,2,30
1680679584887400851,0,30,2,30
1680679584889232331,0,30,2,30
1680679584891056665,0,30,2,30
1680679584892855646,0,30,2,30
1680679584894653358,0,30,2,30
1680679584896457664,0,30,2,30
1680679584898319311,0,30,2,30
1680679584900226943,0,30,2,30
1680679584902024550,0,30,2,30
1680679584903701946,0,30,2,30
1680679584905376929,0,30,2,30
1680679584907122458,0,30,2,30
1680679584909317015,0,30,2,30
1680679584911062591,0,30,2,30
1680679584912726579,0,30,2,30
1680679584914403139,0,30,2,30
1680679584916235080,0,30,2,30
1680679584917929070,0,30,2,30
1680679584919627732,0,30,2,30
1680679584921371127,0,30,2,30
1680679584923290830,0,30,2,30
1680679584924991748,0,30,2,30
1680679584930051687,0,30,2,30
1680679584934290818,0,30,2,30
1680679584936896039,0,30,2,30
1680679584938638033,0,30,2,30
1680679584940379382,0,30,2,30
1680679584942225844,0,30,2,30
1680679584944040396,0,30,2,30
1680679584945866633,0,30,2,30
1680679584947684324,0,30,2,30
1680679584949556090,0,30,2,30
1680679584951529925,0,30,2,30
1680679584953165178,1,30,2,30
1680679584954809796,1,30,2,30
1680679584956462206,1,30,2,30
1680679584958112593,1,30,2,30
1680679584959760226,1,30,3,30
1680679584961428097,1,30,3,30
1680679584963119188,1,30,3,30
1680679584964813262,1,30,3,30
1680679584966567019,1,30,3,30
1680679584968258464,1,30,3,30
1680679584969997998,1,30,3,30
1680679584971782445,1,30,3,30
1680679584973496716,1,30,3,30
1680679584975210896,1,30,3,30
1680679584976989057,1,30,3,30
1680679584978704113,1,30,3,30
1680679584980418811,1,30,3,30
1680679584982186250,1,30,3,30
1680679584983889867,1,30,3,30
1680679584985580399,1,30,3,30
1680679584987265018,1,30,3,30
1680679584988976832,1,30,3,30
1680679584990690789,1,30,3,30
1680679584992387880,1,30,3,30
1680679584994091980,1,30,3,30
1680679584995930133,1,30,3,30
1680679584997817481,1,30,3,30
1680679584999717131,1,30,3,30
1680679585001643160,1,30,3,30
1680679585003546962,1,30,3,30
1680679585005424818,1,30,3,30
1680679585007292170,1,30,3,30
1680679585009200390,1,30,3,30
1680679585011094053,1,30,3,30
1680679585012980671,1,30,3,30
1680679585014890442,1,30,3,30
1680679585016804005,1,30,3,30
1680679585018722931,1,30,3,30
1680679585020642228,1,30,3,30
1680679585022559372,1,30,3,30
1680679585024463606,1,30,3,30
1680679585027066095,1,30,3,30
1680679585028993538,1,30,3,30
1680679585030887695,1,30,3,30
1680679585032726067,1,30,3,30
1680679585034585857,1,30,3,30
1680679585036486565,1,30,3,30
1680679585038408207,1,30,3,30
1680679585040327895,1,30,3,30
1680679585042972197,1,30,3,30
1680679585044882094,1,30,3,30
1680679585046788292,1,30,3,30
1680679585048704586,1,30,3,30
1680679585050598642,1,30,3,30
1680679585052500445,1,30,3,30
1680679585054422870,1,30,3,30
1680679585056312119,1,30,3,30
1680679585058951139,1,30,3,30
1680679585061464915,1,30,3,30
1680679585063749369,1,30,3,30
1680679585100374425,0,30,8,30
1680679585167091147,0,30,8,30
1680679585202304358,0,30,8,30
1680679585204425232,0,30,8,30
1680679585206290142,0,30,8,30
1680679585208155801,0,30,8,30
1680679585210101390,0,30,8,30
1680679585211986046,0,30,8,30
1680679585213676284,0,30,8,30
1680679585215335594,0,30,8,30
1680679585217001562,0,30,8,30
1680679585218659688,0,30,8,30
1680679585220419897,0,30,8,30
1680679585222154412,0,30,8,30
1680679585223847626,0,30,8,30
1680679585225540780,0,30,8,30
1680679585227229085,0,30,8,30
1680679585228923033,0,30,8,30
1680679585230668828,0,30,8,30
1680679585232535742,0,30,8,30
1680679585234247545,0,30,8,30
1680679585235947702,0,30,8,30
1680679585237643686,0,30,8,30
1680679585239343114,0,30,8,30
1680679585241035457,0,30,8,30
1680679585242754928,0,30,8,30
1680679585244432158,0,30,8,30
1680679585246115790,0,30,8,30
1680679585247797473,0,30,8,30
1680679585249572920,0,30,8,30
1680679585251255166,0,30,8,30
1680679585286442593,0,30,8,30
1680679585288241256,0,30,8,30
1680679585290117011,0,30,8,30
1680679585291995824,0,30,8,30
1680679585293819660,0,30,8,30
1680679585295628446,0,30,0,30
1680679585297437828,0,30,0,30
1680679585299076351,0,30,0,30
1680679585300719874,0,30,0,30
1680679585302391611,0,30,0,30
1680679585304032430,0,30,0,30
1680679585305669229,0,30,0,30
1680679585307312407,0,30,0,30
1680679585309000454,0,30,0,30
1680679585310739494,0,30,0,30
1680679585312494922,0,30,0,30
1680679585314189511,0,30,0,30
1680679585315894347,0,30,0,30
1680679585317651048,0,30,0,30
1680679585319338351,0,30,0,30
1680679585321039099,0,30,0,30
1680679585322783326,0,30,0,30
1680679585324480368,0,30,0,30
1680679585326174759,0,30,0,30
1680679585327869659,0,30,0,30
1680679585329615164,0,30,0,30
1680679585331305059,0,30,0,30
1680679585333036776,0,30,0,30
1680679585334723110,0,30,0,30
1680679585336523373,0,30,0,30
1680679585338219779,0,30,0,30
1680679585339913082,0,30,0,30
1680679585341607065,0,30,0,30
1680679585343316727,0,30,0,30
1680679585345005453,0,30,0,30
1680679585346702022,0,30,0,30
1680679585348404290,0,30,0,30
1680679585350143115,0,30,0,30
1680679585351949803,0,30,0,30
1680679585353644856,0,30,0,30
1680679585355333726,0,30,0,30
1680679585357030940,0,30,0,30
1680679585358713774,0,30,0,30
1680679585360407575,0,30,0,30
1680679585362135478,0,30,0,30
1680679585363859652,0,30,0,30
1680679585365553168,0,30,0,30
1680679585367245414,0,30,0,30
1680679585368937828,0,30,0,30
1680679585370681614,0,30,0,30
1680679585372436311,0,30,0,30
1680679585374141695,0,30,0,30
1680679585375844440,0,30,0,30
1680679585377542666,0,30,0,30
1680679585379230972,0,30,0,30
1680679585380919223,0,30,0,30
1680679585382664988,0,30,0,30
1680679585384362879,0,30,0,30
1680679585386096050,0,30,0,30
1680679585387787885,0,30,0,30
1680679585389560703,0,30,0,30
1680679585391247114,0,30,0,30
1680679585392979994,0,30,0,30
1680679585394669736,0,30,0,30
1680679585396363379,0,30,0,30
1680679585398065684,0,30,0,30
1680679585399758919,0,30,0,30
1680679585401442413,0,30,0,30
1680679585403176659,0,30,0,30
1680679585404859399,0,30,0,30
1680679585406540660,0,30,0,30
1680679585408237777,0,30,0,30
1680679585409976218,0,30,0,30
1680679585411669721,0,30,0,30
1680679585413378372,0,30,0,30
1680679585415065124,0,30,0,30
1680679585416726880,0,30,0,30
1680679585418425375,0,30,0,30
1680679585420120951,0,30,0,30
1680679585421823982,0,30,0,30
1680679585423641765,0,30,0,30
1680679585425334231,0,30,0,30
1680679585427030979,0,30,0,30
1680679585428725572,0,30,0,30
1680679585430451696,0,30,0,30
1680679585432247709,0,30,0,30
1680679585433951925,0,30,0,30
1680679585435639243,0,30,0,30
1680679585437336748,0,30,0,30
1680679585439024421,0,30,0,30
1680679585440711978,0,30,0,30
1680679585442445607,0,30,0,30
1680679585444137331,0,30,0,30
1680679585445834028,0,30,0,30
1680679585447527901,0,30,0,30
1680679585449218699,0,30,0,30
1680679585450980176,0,30,0,30
1680679585494965683,0,30,0,30
1680679585496786609,0,30,0,30
1680679585498596999,0,30,0,30
1680679585500407740,0,30,0,30
1680679585502252926,0,30,0,30
1680679585504073306,0,30,0,30
1680679585505795274,0,30,0,30
1680679585507493121,0,30,0,30
1680679585509194007,0,30,0,30
1680679585510906596,0,30,0,30
1680679585512653658,0,30,0,30
1680679585514347752,0,30,0,30
1680679585516045099,0,30,0,30
1680679585517741693,0,30,0,30
1680679585519435281,0,30,0,30
1680679585521127866,0,30,0,30
1680679585522835135,0,30,0,30
1680679585524529772,0,30,0,30
1680679585526241846,0,30,0,30
1680679585527938311,0,30,0,30
1680679585529632015,0,30,0,30
1680679585531334042,0,30,0,30
1680679585533184812,0,30,0,30
1680679585534873915,0,30,0,30
1680679585536580697,0,30,0,30
1680679585538288666,0,30,0,30
1680679585539982069,0,30,0,30
1680679585541670600,0,30,0,30
1680679585543387408,0,30,0,30
1680679585545085994,0,30,0,30
1680679585546776071,0,30,0,30
1680679585548449034,0,30,0,30
1680679585550149324,0,30,0,30
1680679585551826789,0,30,0,30
1680679585553556116,0,30,0,30
1680679585555226412,0,30,0,30
1680679585556900665,0,30,0,30
1680679585558613071,0,30,0,30
1680679585560375955,0,30,0,30
1680679585562097893,0,30,0,30
1680679585563823867,0,30,0,30
1680679585565540679,0,30,0,30
1680679585567260595,0,30,0,30
1680679585568991138,0,30,0,30
1680679585570704073,0,30,0,30
1680679585572417610,0,30,0,30
1680679585574118617,0,30,0,30
1680679585575811946,0,30,0,30
1680679585577581004,0,30,0,30
1680679585579278140,0,30,0,30
1680679585580973430,0,30,0,30
1680679585582688729,0,30,0,30
1680679585584381595,0,30,0,30
1680679585586095354,0,30,0,30
1680679585587790858,0,30,0,30
1680679585589480689,0,30,0,30
1680679585591226289,0,30,0,30
1680679585592962354,0,30,0,30
1680679585594648992,0,30,0,30
1680679585596344100,0,30,0,30
1680679585598038483,0,30,0,30
1680679585599730826,0,30,0,30
1680679585601424313,0,30,0,30
1680679585603174225,0,30,0,30
1680679585604862974,0,30,0,30
1680679585606557797,0,30,0,30
1680679585608262991,0,30,0,30
1680679585610022119,0,30,0,30
1680679585611715253,0,30,0,30
1680679585613451156,0,30,0,30
1680679585615131138,0,30,0,30
1680679585616830018,0,30,0,30
1680679585618517452,0,30,0,30
1680679585620206781,0,30,0,30
1680679585621904927,0,30,0,30
1680679585623644975,0,30,0,30
1680679585625333103,0,30,0,30
1680679585627020317,0,30,0,30
1680679585628720267,0,30,0,30
1680679585630644299,0,30,0,30
1680679585632363112,0,30,0,30
1680679585634091381,0,30,0,30
1680679585635791304,0,30,0,30
1680679585637487672,0,30,0,30
1680679585639183270,0,30,0,30
1680679585640874067,0,30,0,30
1680679585642606612,0,30,0,30
1680679585644311701,0,30,0,30
1680679585646024111,0,30,0,30
1680679585647715737,0,30,0,30
1680679585649410552,0,30,0,30
1680679585651126128,0,30,0,30
1680679585652901175,0,30,0,30
1680679585654631454,0,30,0,30
1680679585656322118,0,30,0,30
1680679585658017818,0,30,0,30
1680679585659710776,0,30,0,30
1680679585661488911,0,30,0,30
1680679585663242692,0,30,0,30
1680679585665016720,0,30,0,30
1680679585666704739,0,30,0,30
1680679585668476437,0,30,0,30
1680679585670238581,0,30,0,30
1680679585671944098,0,30,0,30
1680679585673690126,0,30,0,30
1680679585675378643,0,30,0,30
1680679585677080863,0,30,0,30
1680679585678775811,0,30,0,30
1680679585680561913,0,30,0,30
1680679585682274682,0,30,0,30
1680679585683993791,0,30,0,30
1680679585685688929,0,30,0,30
1680679585687388046,0,30,0,30
1680679585689082686,0,30,0,30
1680679585690838489,0,30,0,30
1680679585692554337,0,30,0,30
1680679585694259988,0,30,0,30
1680679585695954622,0,30,0,30
1680679585697650461,0,30,0,30
1680679585699366868,0,30,0,30
1680679585701068933,0,30,0,30
1680679585702815668,0,30,0,30
1680679585704505987,0,30,0,30
1680679585706204415,0,30,0,30
1680679585707899768,0,30,0,30
1680679585709592524,0,30,0,30
1680679585719449693,0,30,0,30
1680679585723834348,0,30,0,30
1680679585752960223,0,30,0,30
1680679585754842957,0,30,0,30
1680679585756680009,0,30,0,30
1680679585758558447,0,30,0,30
1680679585760422288,0,30,0,30
1680679585762206272,0,30,0,30
1680679585763955977,0,30,0,30
1680679585765662937,0,30,0,30
1680679585767350500,0,30,0,30
1680679585769053239,0,30,0,30
1680679585770795205,0,30,0,30
1680679585772517094,0,30,0,30
1680679585774278277,0,30,0,30
1680679585775975137,0,30,0,30
1680679585777668443,0,30,0,30
1680679585779360105,0,30,0,30
1680679585781057068,0,30,0,30
1680679585782749108,0,30,0,30
1680679585784425491,0,30,0,30
1680679585786109554,0,30,0,30
1680679585787787973,0,30,0,30
1680679585789466854,6,30,0,30
1680679585791156861,6,30,0,30
1680679585792847729,6,30,0,30
1680679585794555440,6,30,0,30
1680679585796271106,6,30,0,30
1680679585797995010,6,30,0,30
1680679585799713522,6,30,0,30
1680679585801423236,6,30,0,30
1680679585803230713,6,30,0,30
1680679585804946647,6,30,0,30
1680679585806641051,6,30,0,30
1680679585808328397,6,30,0,30
1680679585810017552,6,30,0,30
1680679585811810237,6,30,0,30
1680679585813588569,6,30,0,30
1680679585815283231,6,30,0,30
1680679585816972402,6,30,0,30
1680679585818668328,6,30,0,30
1680679585820358112,6,30,0,30
1680679585822061637,6,30,0,30
1680679585823805085,6,30,0,30
1680679585825495174,6,30,0,30
1680679585827188549,6,30,0,30
1680679585828882705,6,30,0,30
1680679585830620571,6,30,0,30
1680679585832326502,6,30,0,30
1680679585834042134,6,30,0,30
1680679585835740414,6,30,0,30
1680679585837549900,6,30,0,30
1680679585839238553,6,30,0,30
1680679585840938841,6,30,0,30
1680679585842633762,6,30,0,30
1680679585844348442,6,30,0,30
1680679585846046236,6,30,0,30
1680679585847803236,6,30,0,30
1680679585849490473,6,30,0,30
1680679585851199410,6,30,0,30
1680679585852975136,6,30,0,30
1680679585854665967,6,30,0,30
1680679585856361966,6,30,0,30
1680679585858058730,6,30,0,30
1680679585859753296,6,30,0,30
1680679585861448438,6,30,0,30
1680679585863175920,6,30,0,30
1680679585864873747,6,30,0,30
1680679585866565046,6,30,0,30
1680679585868261409,6,30,0,30
1680679585869971951,6,30,0,30
1680679585871683523,6,30,0,30
1680679585873458511,6,30,0,30
1680679585875155755,6,30,0,30
1680679585876846655,6,30,0,30
1680679585878529237,6,30,0,30
1680679585880218195,6,30,0,30
1680679585881930652,6,30,0,30
1680679585883654691,6,30,0,30
1680679585885345423,6,30,0,30
1680679585887089525,6,30,0,30
1680679585888790696,6,30,0,30
1680679585890479594,6,30,0,30
1680679585892178091,6,30,0,30
1680679585893924251,6,30,0,30
1680679585895621762,6,30,0,30
1680679585897314154,6,30,0,30
1680679585899011188,6,30,0,30
1680679585900702708,6,30,0,30
1680679585902401302,6,30,0,30
1680679585904152392,6,30,0,30
1680679585905849573,6,30,0,30
1680679585907541101,6,30,0,30
1680679585909229438,6,30,0,30
1680679585910931015,6,30,0,30
1680679585912724342,6,30,0,30
1680679585914815603,6,30,0,30
1680679585916657091,6,30,0,30
1680679585918564604,6,30,0,30
1680679585920430111,4,30,0,30
1680679585960536690,4,30,0,30
1680679585962352727,4,30,0,30
1680679585964198640,4,30,0,30
1680679585966084772,4,30,0,30
1680679585967852671,4,30,0,30
1680679585969628360,4,30,0,30
1680679585971304004,4,30,0,30
1680679585973013686,4,30,0,30
1680679585974677063,4,30,0,30
1680679585976317189,4,30,0,30
1680679585977963242,4,30,0,30
1680679585979608420,4,30,0,30
1680679585981267667,4,30,0,30
1680679585982958126,4,30,0,30
1680679585984685733,4,30,0,30
1680679585986386872,4,30,0,30
1680679585988089588,4,30,0,30
1680679585989810871,4,30,0,30
1680679585991514818,4,30,0,30
1680679586025135029,4,30,0,30
1680679586028131529,4,30,0,30
1680679586031278534,4,30,0,30
1680679586034534530,4,30,0,30
1680679586037438324,4,30,0,30
1680679586039331490,4,30,0,30
1680679586041243606,4,30,0,30
1680679586043099133,4,30,0,30
1680679586044833094,4,30,0,30
1680679586046510347,4,30,0,30
1680679586048190165,4,30,0,30
1680679586049872701,4,30,0,30
1680679586051575224,4,30,0,30
1680679586053279018,4,30,0,30
1680679586054979301,4,30,0,30
1680679586056675197,4,30,0,30
1680679586058377531,4,30,0,30
1680679586060084377,4,30,0,30
1680679586061770900,4,30,0,30
1680679586063478563,4,30,0,30
1680679586065211097,4,30,0,30
1680679586066926238,4,30,0,30
1680679586068651847,4,30,0,30
1680679586070379293,4,30,0,30
1680679586072157444,4,30,0,30
1680679586074077951,4,30,0,30
1680679586075803831,4,30,0,30
1680679586077485433,4,30,0,30
1680679586079158862,4,30,0,30
1680679586080837480,4,30,0,30
1680679586082509390,4,30,0,30
1680679586084224528,4,30,0,30
1680679586085946000,4,30,0,30
1680679586087717878,4,30,0,30
1680679586089419119,4,30,0,30
1680679586091202140,4,30,0,30
1680679586092900294,4,30,0,30
1680679586094715317,4,30,0,30
1680679586096502445,4,30,0,30
1680679586098200339,4,30,0,30
1680679586099906394,4,30,0,30
1680679586101600049,4,30,0,30
1680679586103297129,4,30,0,30
1680679586105018780,4,30,0,30
1680679586106710446,4,30,0,30
1680679586108392441,4,30,0,30
1680679586110090954,4,30,0,30
1680679586111846110,4,30,0,30
1680679586113549361,4,30,0,30
1680679586115227042,4,30,0,30
1680679586116930787,4,30,0,30
1680679586118626699,4,30,0,30
1680679586120322512,4,30,0,30
1680679586122021369,4,30,0,30
1680679586123744136,6,30,0,30
1680679586125436595,6,30,0,30
1680679586127135461,6,30,0,30
1680679586128832916,6,30,0,30
1680679586130526275,6,30,0,30
1680679586132242426,6,30,0,30
1680679586134076230,6,30,0,30
1680679586135786338,6,30,0,30
1680679586137482872,6,30,0,30
1680679586139175800,6,30,0,30
1680679586140868818,6,30,0,30
1680679586142560438,6,30,0,30
1680679586144306422,6,30,0,30
1680679586146112658,6,30,0,30
1680679586147811327,6,30,0,30
1680679586149504930,6,30,0,30
1680679586151229097,6,30,0,30
1680679586152924026,6,30,0,30
1680679586154688365,6,30,0,30
1680679586156387486,6,30,0,30
1680679586158101549,6,30,0,30
1680679586159885818,6,30,0,30
1680679586161580146,6,30,0,30
1680679586163267692,6,30,0,30
1680679586164990781,6,30,0,30
1680679586166678017,6,30,0,30
1680679586168391408,6,30,0,30
1680679586170122462,6,30,0,30
1680679586171847751,6,30,0,30
1680679586173603694,6,30,0,30
1680679586175297523,6,30,0,30
1680679586176988828,6,30,0,30
1680679586178670845,6,30,0,30
1680679586180351721,6,30,0,30
1680679586182031256,6,30,0,30
1680679586183714722,6,30,0,30
1680679586185393677,6,30,0,30
1680679586187071954,6,30,0,30
1680679586188788388,6,30,0,30
1680679586190504361,6,30,0,30
1680679586192248817,6,30,0,30
1680679586194018985,6,30,0,30
1680679586195796818,6,30,0,30
1680679586197682925,6,30,0,30
1680679586199540862,6,30,0,30
1680679586201378718,6,30,0,30
1680679586203232510,6,30,0,30
1680679586205129422,6,30,0,30
1680679586206965578,6,30,0,30
1680679586208812405,6,30,0,30
1680679586210629806,6,30,0,30
1680679586212492089,6,30,0,30
1680679586214335597,6,30,0,30
1680679586216163292,6,30,0,30
1680679586217995296,6,30,0,30
1680679586219828174,6,30,0,30
1680679586221663140,6,30,0,30
1680679586223491954,6,30,0,30
1680679586225353336,6,30,0,30
1680679586227184015,6,30,0,30
1680679586229016948,6,30,0,30
1680679586231066630,6,30,0,30
1680679586232939750,6,30,0,30
1680679586235072063,6,30,0,30
1680679586236890162,6,30,0,30
1680679586238718985,6,30,0,30
1680679586240728804,6,30,0,30
1680679586242573283,6,30,0,30
1680679586244451576,6,30,0,30
1680679586246315522,6,30,0,30
1680679586248431462,6,30,0,30
1680679586250291025,6,30,0,30
1680679586252136981,6,30,0,30
1680679586253991255,6,30,0,30
1680679586256145285,6,30,0,30
1680679586257989764,6,30,0,30
1680679586259815429,6,30,0,30
1680679586261637771,6,30,0,30
1680679586263473609,6,30,0,30
1680679586265306169,6,30,0,30
1680679586267119554,6,30,0,30
1680679586268927486,6,30,0,30
1680679586270758732,6,30,0,30
1680679586272628527,6,30,0,30
1680679586274554468,6,30,0,30
1680679586276397871,6,30,0,30
1680679586278079953,6,30,0,30
1680679586279761038,6,30,0,30
1680679586281437380,6,30,0,30
1680679586283116044,6,30,0,30
1680679586284843781,6,30,0,30
1680679586286605010,6,30,0,30
1680679586288281970,6,30,0,30
1680679586289966159,6,30,0,30
1680679586291655564,0,30,0,30
1680679586293334340,0,30,0,30
1680679586295139419,0,30,0,30
1680679586296840666,0,30,0,30
1680679586298529674,0,30,1,30
1680679586300224143,0,30,1,30
1680679586301932980,0,30,1,30
1680679586303627425,0,30,1,30
1680679586305375507,0,30,1,30
1680679586307068234,0,30,1,30
1680679586308887394,0,30,1,30
1680679586310742966,0,30,1,30
1680679586312663405,0,30,1,30
1680679586314621330,0,30,1,30
1680679586316474062,0,30,1,30
1680679586318330373,0,30,1,30
1680679586320182706,0,30,1,30
1680679586322116263,0,30,1,30
1680679586323998252,0,30,1,30
1680679586325876161,0,30,1,30
1680679586327724029,0,30,1,30
1680679586329592199,0,30,1,30
1680679586331459944,0,30,1,30
1680679586333301040,0,30,1,30
1680679586335218258,0,30,1,30
1680679586337125492,0,30,1,30
1680679586338980472,0,30,1,30
1680679586340858204,0,30,1,30
1680679586342764938,0,30,1,30
1680679586344681436,0,30,1,30
1680679586346590002,0,30,1,30
1680679586348478403,0,30,1,30
1680679586350347552,0,30,1,30
1680679586352224800,0,30,1,30
1680679586354145435,0,30,1,30
1680679586356001444,0,30,1,30
1680679586357902201,0,30,1,30
1680679586359753682,0,30,1,30
1680679586361596874,0,30,1,30
1680679586363461441,0,30,1,30
1680679586365359581,0,30,1,30
1680679586367363601,0,30,1,30
1680679586369690751,0,30,1,30
1680679586371745191,0,30,1,30
1680679586408039187,0,30,0,30
1680679586471147665,0,30,0,30
1680679586505939240,0,30,0,30
1680679586507868630,0,30,0,30
1680679586509798821,0,30,0,30
1680679586511719123,0,30,0,30
1680679586513632994,0,30,0,30
1680679586515486157,0,30,0,30
1680679586517125804,0,30,0,30
1680679586518774800,0,30,0,30
1680679586520416963,0,30,0,30
1680679586522064784,0,30,0,30
1680679586523706162,0,30,0,30
1680679586525478330,0,30,0,30
1680679586527169829,0,30,0,30
1680679586528860057,0,30,0,30
1680679586530554523,0,30,0,30
1680679586532265963,0,30,0,30
1680679586533965480,0,30,0,30
1680679586535763810,0,30,0,30
1680679586537451718,0,30,0,30
1680679586539141635,0,30,0,30
1680679586540838118,0,30,0,30
1680679586542527898,0,30,0,30
1680679586544224511,0,30,0,30
1680679586545977599,0,30,0,30
1680679586547672177,0,30,0,30
1680679586549361943,0,30,0,30
1680679586551058263,0,30,0,30
1680679586552726571,0,30,0,30
1680679586554438351,0,30,0,30
1680679586556188143,0,30,0,30
1680679586557975273,0,30,0,30
1680679586559671705,0,30,0,30
1680679586561353242,0,30,0,30
1680679586563038033,0,30,0,30
1680679586564825288,0,30,0,30
1680679586566517213,0,30,0,30
1680679586568206519,0,30,0,30
1680679586569905812,0,30,0,30
1680679586571596095,0,30,0,30
1680679586573324113,0,30,0,30
1680679586575101259,0,30,0,30
1680679586576796795,0,30,0,30
1680679586578486704,0,30,0,30
1680679586580182083,0,30,0,30
1680679586581877596,0,30,0,30
1680679586583576935,0,30,0,30
1680679586585288070,0,30,0,30
1680679586586973411,0,30,0,30
1680679586588727273,0,30,0,30
1680679586590407754,0,30,0,30
1680679586592084789,0,30,0,30
1680679586593763698,0,30,0,30
1680679586595624981,0,30,0,30
1680679586597318190,0,30,0,30
1680679586598995716,0,30,0,30
1680679586600673309,0,30,0,30
1680679586602353717,0,30,0,30
1680679586604029815,0,30,0,30
1680679586605719872,0,30,0,30
1680679586607396641,0,30,0,30
1680679586609106343,0,30,0,30
1680679586610834321,0,30,0,30
1680679586612659041,0,30,0,30
1680679586614380567,0,30,0,30
1680679586616114467,0,30,0,30
1680679586617843541,0,30,0,30
1680679586619553704,0,30,0,30
1680679586621244093,0,30,0,30
1680679586622933191,0,30,0,30
1680679586624627173,0,30,0,30
1680679586626323761,0,30,0,30
1680679586628012132,0,30,0,30
1680679586629698819,0,30,0,30
1680679586631389170,0,30,0,30
1680679586633135958,0,30,0,30
1680679586634840410,0,30,0,30
1680679586636537066,0,30,0,30
1680679586638243375,0,30,0,30
1680679586639936377,0,30,0,30
1680679586641642589,0,30,0,30
1680679586643327694,0,30,0,30
1680679586645109566,0,30,0,30
1680679586646796343,0,30,0,30
1680679586648487627,0,30,0,30
1680679586650183078,0,30,0,30
1680679586651877543,0,30,0,30
1680679586653609362,0,30,0,30
1680679586655357828,0,30,0,30
1680679586657052539,0,30,0,30
1680679586658741300,0,30,0,30
1680679586660441276,0,30,0,30
1680679586662320058,0,30,0,30
1680679586664015514,0,30,0,30
1680679586665999007,0,30,0,30
1680679586667699083,0,30,0,30
1680679586669382052,0,30,0,30
1680679586671067857,0,30,0,30
1680679586672860567,0,30,0,30
1680679586674544727,0,30,0,30
1680679586676281343,0,30,0,30
1680679586677968142,0,30,0,30
1680679586679645552,0,30,0,30
1680679586681320931,0,30,0,30
1680679586683014563,0,30,0,30
1680679586684719354,0,30,0,30
1680679586686435200,0,30,0,30
1680679586688134140,0,30,0,30
1680679586689838825,0,30,0,30
1680679586691531681,0,30,0,30
1680679586693293688,0,30,0,30
1680679586695037040,0,30,0,30
1680679586696729280,0,30,0,30
1680679586698455483,0,30,0,30
1680679586700167704,0,30,0,30
1680679586701882977,0,30,0,30
1680679586703612208,0,30,0,30
1680679586705352030,0,30,0,30
1680679586707042599,0,30,0,30
1680679586708727164,0,30,0,30
1680679586710432382,0,30,0,30
1680679586712128213,0,30,0,30
1680679586713851021,0,30,0,30
1680679586715595798,0,30,0,30
1680679586717289542,0,30,0,30
1680679586718975366,0,30,0,30
1680679586720672751,0,30,0,30
1680679586722454973,0,30,0,30
1680679586724154249,0,30,0,30
1680679586725906146,0,30,0,30
1680679586727597932,0,30,0,30
1680679586729289152,0,30,0,30
1680679586730977997,0,30,0,30
1680679586732684358,0,30,0,30
1680679586734384545,0,30,0,30
1680679586736216975,0,30,0,30
1680679586737917909,0,30,0,30
1680679586739616305,0,30,0,30
1680679586741307460,0,30,0,30
1680679586743005680,0,30,0,30
1680679586744699089,0,30,0,30
1680679586746456099,0,30,0,30
1680679586748153849,0,30,0,30
1680679586749852889,0,30,0,30
1680679586751555111,0,30,0,30
1680679586753266010,0,30,0,30
1680679586755073616,0,30,0,30
1680679586756726255,0,30,0,30
1680679586758405078,0,30,0,30
1680679586760076816,0,30,0,30
1680679586761752318,0,30,0,30
1680679586763422860,0,30,0,30
1680679586798358423,0,30,0,30
1680679586800292745,0,30,0,30
1680679586802227428,0,30,0,30
1680679586804148411,0,30,0,30
1680679586806047599,0,30,0,30
1680679586808019439,0,30,0,30
1680679586809809765,0,30,0,30
1680679586811472750,0,30,0,30
1680679586813187776,0,30,0,30
1680679586814856957,0,30,0,30
1680679586816585471,0,30,0,30
1680679586818250031,0,30,0,30
1680679586819924461,0,30,0,30
1680679586821612034,0,30,0,30
1680679586823302508,0,30,0,30
1680679586824994125,0,30,0,30
1680679586826682604,0,30,0,30
1680679586828376784,0,30,0,30
1680679586830090830,0,30,0,30
1680679586831779303,0,30,0,30
1680679586833495449,0,30,0,30
1680679586835250661,0,30,0,30
1680679586836964462,0,30,0,30
1680679586839023973,0,30,0,30
1680679586840939473,0,30,0,30
1680679586842841829,0,30,0,30
1680679586844748840,0,30,0,30
1680679586846706362,0,30,0,30
1680679586848613264,0,30,0,30
1680679586850366086,0,30,0,30
1680679586852034699,0,30,0,30
1680679586853727058,0,30,0,30
1680679586855472907,0,30,0,30
1680679586857186603,0,30,0,30
1680679586858854979,0,30,0,30
1680679586860542158,0,30,0,30
1680679586862239703,0,30,0,30
1680679586863927753,0,30,0,30
1680679586865654632,0,30,0,30
1680679586867338926,0,30,0,30
1680679586869023003,0,30,0,30
1680679586870742864,0,30,0,30
1680679586872424137,0,30,0,30
1680679586874171695,0,30,0,30
1680679586875885728,0,30,0,30
1680679586877567861,0,30,0,30
1680679586879252585,0,30,0,30
1680679586880933962,0,30,0,30
1680679586882706916,0,30,0,30
1680679586884405630,0,30,0,30
1680679586886266291,0,30,0,30
1680679586887958891,0,30,0,30
1680679586889646766,0,30,0,30
1680679586891325289,0,30,0,30
1680679586893003451,0,30,0,30
1680679586894689192,0,30,0,30
1680679586896595460,0,30,0,30
1680679586898279908,0,30,0,30
1680679586899959591,0,30,0,30
1680679586901642534,0,30,0,30
1680679586903322519,0,30,0,30
1680679586905004465,0,30,0,30
1680679586906738870,0,30,0,30
1680679586908421033,0,30,0,30
1680679586910150694,0,30,0,30
1680679586911839138,0,30,0,30
1680679586913581222,0,30,0,30
1680679586915406793,0,30,0,30
1680679586917195230,0,30,0,30
1680679586918873799,0,30,0,30
1680679586920566542,0,30,0,30
1680679586922266450,0,30,0,30
1680679586923962516,0,30,0,30
1680679586925658944,0,30,0,30
1680679586927337030,0,30,0,30
1680679586929015458,0,30,0,30
1680679586930696077,0,30,0,30
1680679586932388656,0,30,0,30
1680679586934272453,0,30,0,30
1680679586936003038,0,30,0,30
1680679586937690292,0,30,0,30
1680679586939420075,0,30,0,30
1680679586941108098,0,30,0,30
1680679586942780444,0,30,0,30
1680679586944443270,0,30,0,30
1680679586946144942,0,30,0,30
1680679586947815358,0,30,0,30
1680679586949479953,0,30,0,30
1680679586951150462,0,30,0,30
1680679586952867541,0,30,0,30
1680679586954566814,0,30,0,30
1680679586956312802,0,30,0,30
1680679586958028813,0,30,0,30
1680679586959803725,0,30,0,30
1680679586961515472,0,30,0,30
1680679586963211513,0,30,0,30
1680679586964893587,0,30,0,30
1680679586966616177,0,30,0,30
1680679586968422185,0,30,0,30
1680679586970118677,0,30,0,30
1680679586971804535,0,30,0,30
1680679586973526267,0,30,0,30
1680679586975206435,0,30,0,30
1680679586976939701,0,30,0,30
1680679586978620829,0,30,0,30
1680679586980301281,0,30,0,30
1680679586981989481,0,30,0,30
1680679586983677601,0,30,0,30
1680679586985370230,0,30,0,30
1680679586987052237,0,30,0,30
1680679586988727020,0,30,0,30
1680679586990415386,0,30,0,30
1680679586992105042,0,30,0,30
1680679586993820128,0,30,0,30
1680679586995628020,0,30,0,30
1680679586997316900,0,30,0,30
1680679586999005820,0,30,0,30
1680679587000710782,0,30,0,30
1680679587002442816,0,30,0,30
1680679587004151672,0,30,0,30
1680679587005982906,0,30,0,30
1680679587007684788,0,30,0,30
1680679587009379371,0,30,0,30
1680679587011070205,0,30,0,30
1680679587012726268,0,30,0,30
1680679587014438291,0,30,0,30
1680679587016168767,0,30,0,30
1680679587017863240,0,30,0,30
1680679587019555216,0,30,0,30
1680679587021242154,0,30,0,30
1680679587022927021,0,30,0,30
1680679587024618419,0,30,0,30
1680679587026336489,0,30,0,30
1680679587028014703,0,30,0,30
1680679587029710057,0,30,0,30
1680679587031393433,0,30,0,30
1680679587033072717,0,30,0,30
1680679587034881738,0,30,0,30
1680679587036624287,0,30,0,30
1680679587038298586,0,30,0,30
1680679587039964444,0,30,0,30
1680679587041630633,0,30,0,30
1680679587043287197,0,30,0,30
1680679587044950538,0,30,0,30
1680679587046665531,0,30,0,30
1680679587048371570,0,30,0,30
1680679587050086038,0,30,0,30
1680679587051795657,0,30,0,30
1680679587053515305,0,30,0,30
1680679587055223887,0,30,0,30
1680679587057053425,0,30,0,30
1680679587058742880,0,30,0,30
1680679587060431602,0,30,0,30
1680679587062135828,0,30,0,30
1680679587063820376,0,30,0,30
1680679587065501190,0,30,0,30
1680679587067241701,0,30,0,30
1680679587068921684,0,30,0,30
1680679587070601815,0,30,0,30
1680679587072281407,0,30,0,30
1680679587073994202,0,30,0,30
1680679587075716078,0,30,0,30
1680679587077422901,0,30,0,30
1680679587079109930,0,30,0,30
1680679587080788798,0,30,0,30
1680679587082468485,0,30,0,30
1680679587084150582,0,30,0,30
1680679587085863955,0,30,0,30
1680679587087554226,0,30,0,30
1680679587089379458,0,30,0,30
1680679587091060580,0,30,0,30
1680679587092727094,0,30,0,30
1680679587094522138,0,30,0,30
1680679587096521549,0,30,0,30
1680679587098484163,0,30,0,30
1680679587100422395,0,30,0,30
1680679587102431434,0,30,0,30
1680679587104378255,0,30,0,30
1680679587106329947,0,30,0,30
1680679587108161232,0,30,0,30
1680679587109867428,0,30,0,30
1680679587111578614,0,30,0,30
1680679587113257349,0,30,0,30
1680679587114934936,0,30,0,30
1680679587116698177,0,30,0,30
1680679587118406367,0,30,0,30
1680679587120103067,0,30,0,30
1680679587121814319,0,30,0,30
1680679587123514133,0,30,0,30
1680679587125205444,0,30,0,30
1680679587126932921,0,30,0,30
1680679587128628961,0,30,0,30
1680679587130324516,0,30,0,30
1680679587132022306,0,30,0,30
1680679587133732114,0,30,0,30
1680679587135428346,0,30,0,30
1680679587137229432,0,30,0,30
1680679587138926999,0,30,0,30
1680679587140606315,0,30,0,30
1680679587142288063,0,30,0,30
1680679587143966000,0,30,0,30
1680679587145641942,0,30,0,30
1680679587147363555,0,30,0,30
1680679587149034412,0,30,0,30
1680679587150724370,0,30,0,30
1680679587152417313,0,30,0,30
1680679587154135493,0,30,0,30
1680679587155838879,0,30,0,30
1680679587157532273,0,30,0,30
1680679587159225322,0,30,0,30
1680679587160959848,0,30,0,30
1680679587162674372,0,30,0,30
1680679587164388451,0,30,0,30
1680679587166166876,0,30,0,30
1680679587167898911,0,30,0,30
1680679587169618417,0,30,0,30
1680679587171382041,0,30,0,30
1680679587173081625,0,30,0,30
1680679587174795098,0,30,0,30
1680679587176551970,0,30,0,30
1680679587178244344,0,30,0,30
1680679587179933687,0,30,0,30
1680679587181633086,0,30,0,30
1680679587183314650,0,30,0,30
1680679587185001729,0,30,0,30
1680679587186765986,0,30,0,30
1680679587188467850,0,30,0,30
1680679587190275944,0,30,0,30
1680679587191970103,0,30,0,30
1680679587193673418,0,30,0,30
1680679587195377041,0,30,0,30
1680679587197122017,0,30,0,30
1680679587198814866,0,30,0,30
1680679587200507507,0,30,0,30
1680679587202211666,0,30,0,30
1680679587203912172,0,30,0,30
1680679587205606583,0,30,0,30
1680679587207324892,0,30,0,30
1680679587209025921,0,30,0,30
1680679587210715482,0,30,0,30
1680679587212414525,0,30,0,30
1680679587214163988,0,30,0,30
1680679587215867848,0,30,0,30
1680679587217722411,0,30,0,30
1680679587219413634,0,30,0,30
1680679587221115672,0,30,0,30
1680679587222788262,0,30,0,30
1680679587224463452,0,30,0,30
1680679587226169573,0,30,0,30
1680679587227840409,0,30,0,30
1680679587229516658,0,30,0,30
1680679587231189077,0,30,0,30
1680679587232899693,0,30,0,30
1680679587234666831,0,30,0,30
1680679587236536518,0,30,0,30
1680679587238268718,0,30,0,30
1680679587240015736,0,30,0,30
1680679587241744705,0,30,0,30
1680679587243465390,0,30,0,30
1680679587245138026,0,30,0,30
1680679587246863652,0,30,0,30
1680679587248546288,0,30,0,30
1680679587250231684,0,30,0,30
1680679587251910041,0,30,0,30
1680679587253600170,0,30,0,30
1680679587255286950,0,30,0,30
1680679587257040095,0,30,0,30
1680679587258736443,0,30,0,30
1680679587260449410,0,30,0,30
1680679587262154790,0,30,0,30
1680679587263851657,0,30,0,30
1680679587265544967,0,30,0,30
1680679587267273083,0,30,0,30
1680679587268967389,0,30,0,30
1680679587270658723,0,30,0,30
1680679587272355699,0,30,0,30
1680679587274139357,0,30,0,30
1680679587275838743,0,30,0,30
1680679587277555582,0,30,0,30
1680679587279247963,0,30,0,30
1680679587280946074,0,30,0,30
1680679587282644277,0,30,0,30
1680679587284335413,0,30,0,30
1680679587286036197,0,30,0,30
1680679587287746851,0,30,0,30
1680679587289438861,0,30,0,30
1680679587291134731,0,30,0,30
1680679587292828242,0,30,0,30
1680679587294563039,0,30,0,30
1680679587296318121,0,30,0,30
1680679587298018098,0,30,0,30
1680679587299711507,0,30,0,30
1680679587301403150,0,30,0,30
1680679587303092976,0,30,0,30
1680679587304779970,0,30,0,30
1680679587306480395,0,30,0,30
1680679587308173912,0,30,0,30
1680679587309873270,0,30,0,30
1680679587311562218,0,30,0,30
1680679587313250744,0,30,0,30
1680679587314992064,0,30,0,30
1680679587316725138,0,30,0,30
1680679587318400795,0,30,0,30
1680679587320077049,0,30,0,30
1680679587321758592,0,30,0,30
1680679587323434445,0,30,0,30
1680679587325111094,0,30,0,30
1680679587326830863,0,30,0,30
1680679587328613816,0,30,0,30
1680679587330318367,0,30,0,30
1680679587332017073,0,30,0,30
1680679587333704134,0,30,0,30
1680679587335413007,0,30,0,30
1680679587337312589,0,30,0,30
1680679587339030297,0,30,0,30
1680679587340727940,0,30,0,30
1680679587342451886,0,30,0,30
1680679587344171266,0,30,0,30
1680679587345885857,0,30,0,30
1680679587347610828,0,30,0,30
1680679587349304917,0,30,0,30
1680679587350998854,0,30,0,30
1680679587352697733,0,30,0,30
1680679587354438950,0,30,0,30
1680679587356158783,0,30,0,30
1680679587358015862,0,30,0,30
1680679587359716911,0,30,0,30
1680679587361417975,0,30,0,30
1680679587363104451,0,30,0,30
1680679587364785873,0,30,0,30
1680679587366492696,0,30,0,30
1680679587368184707,0,30,0,30
1680679587369900058,0,30,0,30
1680679587371591432,0,30,0,30
1680679587373280601,0,30,0,30
1680679587375036557,0,30,0,30
1680679587376848029,0,30,0,30
1680679587378539992,0,30,0,30
1680679587380236969,0,30,0,30
1680679587382032335,0,30,0,30
1680679587383729049,0,30,0,30
1680679587385421996,0,30,0,30
1680679587387178019,0,30,0,30
1680679587388872276,0,30,0,30
1680679587390572498,0,30,0,30
1680679587392264929,0,30,0,30
1680679587393969920,0,30,0,30
1680679587395654549,0,30,0,30
1680679587397448209,0,30,0,30
1680679587399135229,0,30,0,30
1680679587400827145,0,30,0,30
1680679587402524112,0,30,0,30
1680679587404214525,0,30,0,30
1680679587405926503,0,30,0,30
1680679587407684312,0,30,0,30
1680679587409375554,0,30,0,30
1680679587411071708,0,30,0,30
1680679587412727556,0,30,0,30
1680679587414469999,0,30,0,30
1680679587416171257,0,30,0,30
1680679587417939084,0,30,0,30
1680679587419628988,0,30,0,30
1680679587421315291,0,30,0,30
1680679587423009979,0,30,0,30
1680679587424702019,0,30,0,30
1680679587426405096,0,30,0,30
1680679587428094741,0,30,0,30
1680679587429809144,0,30,0,30
1680679587431505863,0,30,0,30
1680679587433202786,0,30,0,30
1680679587434922478,0,30,0,30
1680679587436645484,0,30,0,30
1680679587438347338,0,30,0,30
1680679587440044213,0,30,0,30
1680679587441743360,0,30,0,30
1680679587443442927,0,30,0,30
1680679587445136594,0,30,0,30
1680679587446939258,0,30,0,30
1680679587448632395,0,30,0,30
1680679587450324313,0,30,0,30
1680679587452108771,0,30,0,30
1680679587453813909,0,30,0,30
1680679587455528802,0,30,0,30
1680679587457312789,0,30,0,30
1680679587459003334,0,30,0,30
1680679587460699342,0,30,0,30
1680679587462401801,0,30,0,30
1680679587464106257,0,30,0,30
1680679587465810757,0,30,0,30
1680679587467532751,0,30,0,30
1680679587469223343,0,30,0,30
1680679587470925339,0,30,0,30
1680679587472597551,0,30,0,30
1680679587474278981,0,30,0,30
1680679587476013322,0,30,0,30
1680679587477770523,0,30,0,30
1680679587479439311,0,30,0,30
1680679587481118318,0,30,0,30
1680679587482833501,0,30,0,30
1680679587484556676,0,30,0,30
1680679587486293902,0,30,0,30
1680679587488373461,0,30,0,30
1680679587490336406,0,30,0,30
1680679587492073617,0,30,0,30
1680679587493745848,0,30,0,30
1680679587495679099,0,30,0,30
1680679587497635595,0,30,0,30
1680679587527608664,0,30,0,30
1680679587529565050,0,30,0,30
1680679587531497405,0,30,0,30
1680679587533430439,0,30,0,30
1680679587535474453,0,30,0,30
1680679587537977150,0,30,0,30
1680679587539780645,0,30,0,30
1680679587541422906,0,30,0,30
1680679587543066502,0,30,0,30
1680679587544913836,0,30,0,30
1680679587546556667,0,30,0,30
1680679587548202845,0,30,0,30
1680679587549874553,0,30,0,30
1680679587551774718,0,30,0,30
1680679587553468502,0,30,0,30
1680679587555214588,0,30,0,30
1680679587556921432,0,30,0,30
1680679587593480777,0,30,0,30
1680679587596750404,0,30,0,30
1680679587599948814,0,30,0,30
1680679587603249898,0,30,0,30
1680679587605870512,0,30,0,30
1680679587607785948,0,30,0,30
1680679587609622457,0,30,0,30
1680679587611346882,0,30,0,30
1680679587613074792,0,30,0,30
1680679587614812086,0,30,0,30
1680679587616572438,0,30,0,30
1680679587618337022,0,30,0,30
1680679587620057438,0,30,0,30
1680679587621758167,0,30,0,30
1680679587623460459,0,30,0,30
1680679587625154602,0,30,0,30
1680679587626921671,0,30,0,30
1680679587628621150,0,30,0,30
1680679587630329215,1,30,0,30
1680679587632030490,1,30,0,30
1680679587633822475,1,30,0,30
1680679587635577621,1,30,0,30
1680679587637374462,1,30,0,30
1680679587639074364,1,30,0,30
1680679587640796207,1,30,0,30
1680679587642492992,1,30,0,30
1680679587644191115,1,30,0,30
1680679587645899444,1,30,0,30
1680679587647608910,1,30,0,30
1680679587649305706,1,30,0,30
1680679587650998043,1,30,0,30
1680679587652724362,1,30,0,30
1680679587654586482,1,30,0,30
1680679587656517793,1,30,0,30
1680679587658466547,1,30,0,30
1680679587660378652,1,30,0,30
1680679587662562175,1,30,0,30
1680679587664467639,1,30,0,30
1680679587666505844,1,30,0,30
1680679587668425633,1,30,0,30
1680679587670382739,1,30,0,30
1680679587672308311,1,30,0,30
1680679587674189088,1,30,0,30
1680679587676099328,1,30,0,30
1680679587678053441,1,30,0,30
1680679587679933354,1,30,0,30
1680679587681813433,1,30,0,30
1680679587683689533,1,30,0,30
1680679587686397427,1,30,0,30
1680679587688403851,1,30,0,30
1680679587690319071,1,30,0,30
1680679587692239168,1,30,0,30
1680679587694163452,1,30,0,30
1680679587696096161,1,30,0,30
1680679587698042145,1,30,0,30
1680679587699958191,1,30,0,30
1680679587702538305,1,30,0,30
1680679587704482406,1,30,0,30
1680679587706376180,1,30,0,30
1680679587708268978,1,30,0,30
1680679587710174607,1,30,0,30
1680679587712084391,1,30,0,30
1680679587713984954,1,30,0,30
1680679587715948201,1,30,0,30
1680679587718551154,1,30,0,30
1680679587720945122,1,30,0,30
1680679587723156035,1,30,0,30
1680679587787392139,0,30,1,30
1680679587870604891,0,30,1,30
1680679587872691409,0,30,1,30
1680679587874653505,0,30,1,30
1680679587876628153,0,30,1,30
1680679587878612412,0,30,1,30
1680679587880531606,0,30,1,30
1680679587882260011,0,30,1,30
1680679587883934533,0,30,1,30
1680679587885604508,0,30,1,30
1680679587887274994,0,30,1,30
1680679587888948016,0,30,1,30
1680679587890626359,0,30,1,30
1680679587892403496,0,30,1,30
1680679587894117418,0,30,1,30
1680679587895846436,0,30,1,30
1680679587897672871,0,30,1,30
1680679587899360691,0,30,1,30
1680679587901058173,0,30,1,30
1680679587902748009,0,30,1,30
1680679587904422626,0,30,1,30
1680679587906112792,0,30,1,30
1680679587907813924,0,30,1,30
1680679587909488938,0,30,1,30
1680679587911163256,0,30,1,30
1680679587912858267,0,30,1,30
1680679587914568317,0,30,1,30
1680679587916305799,0,30,1,30
1680679587918146084,0,30,1,30
1680679587919857990,0,30,1,30
1680679587921625904,0,30,1,30
1680679587923337272,0,30,1,30
1680679587924998781,0,30,1,30
1680679587926653938,0,30,1,30
1680679587928359706,0,30,1,30
1680679587930017147,0,30,1,30
1680679587931664754,0,30,1,30
1680679587933319131,0,30,1,30
1680679587935015345,0,30,1,30
1680679587936839800,0,30,1,30
1680679587938605585,0,30,1,30
1680679587940307450,0,30,1,30
1680679587942015833,0,30,1,30
1680679587943722511,0,30,1,30
1680679587945439967,0,30,1,30
1680679587947156037,0,30,1,30
1680679587948924165,0,30,1,30
1680679587950637701,0,30,1,30
1680679587952351819,0,30,1,30
1680679587954075160,0,30,1,30
1680679587955819582,0,30,1,30
1680679587957513959,0,30,1,30
1680679587959221081,0,30,1,30
1680679587960912558,0,30,1,30
1680679587962603348,0,30,1,30
1680679587964316148,0,30,1,30
1680679587966108311,0,30,1,30
1680679587967833685,0,30,1,30
1680679587969525013,0,30,1,30
1680679587971219856,0,30,1,30
1680679587972928309,0,30,1,30
1680679587974626299,0,30,1,30
1680679587976494079,0,30,1,30
1680679587978322156,0,30,1,30
1680679587980020954,0,30,1,30
1680679587981715141,0,30,1,30
1680679587983410947,0,30,1,30
1680679587985100099,0,30,1,30
1680679587986770198,0,30,1,30
1680679587988497223,0,30,1,30
1680679587990189096,0,30,1,30
1680679587991868386,0,30,1,30
1680679587993544487,0,30,1,30
1680679587995214543,0,30,1,30
1680679587996947909,0,30,1,30
1680679587998699123,0,30,1,30
1680679588000420436,0,30,1,30
1680679588002144478,0,30,1,30
1680679588003860626,0,30,1,30
1680679588005577962,0,30,1,30
1680679588007266520,0,30,1,30
1680679588008961120,0,30,1,30
1680679588010653311,0,30,1,30
1680679588012342263,0,30,1,30
1680679588014042827,0,30,1,30
1680679588015911717,0,30,1,30
1680679588017612037,0,30,1,30
1680679588019355039,0,30,1,30
1680679588021044443,0,30,1,30
1680679588022744211,0,30,1,30
1680679588024439450,0,30,1,30
1680679588026168268,0,30,1,30
1680679588027896382,0,30,1,30
1680679588029596213,0,30,1,30
1680679588031289013,0,30,1,30
1680679588032985227,0,30,1,30
1680679588034680559,0,30,1,30
1680679588036419861,0,30,1,30
1680679588038166201,0,30,1,30
1680679588039874536,0,30,1,30
1680679588041592058,0,30,1,30
1680679588043288101,0,30,1,30
1680679588044974589,0,30,1,30
1680679588046663044,0,30,1,30
1680679588048472386,0,30,1,30
1680679588050175624,0,30,1,30
1680679588051870396,0,30,1,30
1680679588053559681,0,30,1,30
1680679588055256626,0,30,1,30
1680679588056971026,0,30,1,30
1680679588058695734,0,30,1,30
1680679588060397440,0,30,1,30
1680679588062093424,0,30,1,30
1680679588063781960,0,30,1,30
1680679588065469760,0,30,1,30
1680679588067162100,0,30,1,30
1680679588068911849,0,30,1,30
1680679588070620044,0,30,1,30
1680679588072339689,0,30,1,30
1680679588074072618,0,30,1,30
1680679588075878104,0,30,1,30
1680679588077591882,0,30,1,30
1680679588079383415,0,30,1,30
1680679588081081502,0,30,1,30
1680679588082772885,0,30,1,30
1680679588084499289,0,30,1,30
1680679588086225860,0,30,1,30
1680679588087947277,0,30,1,30
1680679588089644454,0,30,1,30
1680679588091383602,0,30,1,30
1680679588093070946,0,30,1,30
1680679588094765631,0,30,1,30
1680679588096486591,0,30,1,30
1680679588098212583,0,30,1,30
1680679588099907188,0,30,1,30
1680679588101596710,0,30,1,30
1680679588103295533,0,30,1,30
1680679588104984713,0,30,1,30
1680679588106677515,0,30,1,30
1680679588108378990,0,30,1,30
1680679588110087130,0,30,1,30
1680679588111778913,0,30,1,30
1680679588113474403,0,30,1,30
1680679588115165769,0,30,1,30
1680679588116984310,0,30,1,30
1680679588118728753,0,30,1,30
1680679588120425507,0,30,1,30
1680679588122126484,0,30,1,30
1680679588123821867,0,30,1,30
1680679588125516323,0,30,1,30
1680679588127204684,0,30,1,30
1680679588128927855,0,30,1,30
1680679588130619032,0,30,1,30
1680679588132296082,0,30,1,30
1680679588133980961,0,30,1,30
1680679588135648736,0,30,1,30
1680679588137319668,0,30,1,30
1680679588139063797,0,30,0,30
1680679588140727836,0,30,0,30
1680679588142430563,0,30,0,30
1680679588144146808,0,30,0,30
1680679588145868297,0,30,0,30
1680679588147589345,0,30,0,30
1680679588149334451,0,30,0,30
1680679588151049894,0,30,0,30
1680679588152726974,0,30,0,30
1680679588154429538,0,30,0,30
1680679588156308047,0,30,0,30
1680679588158016813,0,30,0,30
1680679588159736277,0,30,0,30
1680679588161430236,0,30,0,30
1680679588163122057,0,30,0,30
1680679588164775922,0,30,0,30
1680679588166430382,0,30,0,30
1680679588168112198,0,30,0,30
1680679588169771046,0,30,0,30
1680679588171426847,0,30,0,30
1680679588173084945,0,30,0,30
1680679588174797458,0,30,0,30
1680679588176564093,0,30,0,30
1680679588178351978,0,30,0,30
1680679588180068052,0,30,0,30
1680679588181808489,0,30,0,30
1680679588183537256,0,30,0,30
1680679588185260029,0,30,0,30
1680679588186951751,0,30,0,30
1680679588188671131,0,30,0,30
1680679588190378528,0,30,0,30
1680679588192138725,0,30,0,30
1680679588193844523,0,30,0,30
1680679588195543983,0,30,0,30
1680679588197251859,0,30,0,30
1680679588199069045,0,30,0,30
1680679588200729709,0,30,0,30
1680679588202441677,0,30,0,30
1680679588204132969,0,30,0,30
1680679588205838963,0,30,0,30
1680679588207528913,0,30,0,30
1680679588209235465,0,30,0,30
1680679588210932779,0,30,0,30
1680679588212625051,0,30,0,30
1680679588214434508,0,30,0,30
1680679588216164914,0,30,0,30
1680679588217864922,0,30,0,30
1680679588219698959,0,30,0,30
1680679588221403339,0,30,0,30
1680679588223089103,0,30,0,30
1680679588224782482,0,30,0,30
1680679588226476601,0,30,0,30
1680679588228193474,0,30,0,30
1680679588229899059,0,30,0,30
1680679588231601170,0,30,0,30
1680679588233290366,0,30,0,30
1680679588234983893,0,30,0,30
1680679588236708155,0,30,0,30
1680679588238433926,0,30,0,30
1680679588240175504,0,30,0,30
1680679588241967167,0,30,0,30
1680679588243669509,0,30,0,30
1680679588245373388,0,30,0,30
1680679588247063241,0,30,0,30
1680679588248726687,0,30,0,30
1680679588250385756,0,30,0,30
1680679588252036127,0,30,0,30
1680679588253692129,0,30,0,30
1680679588255350218,0,30,0,30
1680679588257022930,0,30,0,30
1680679588258814409,0,30,0,30
1680679588260535599,0,30,0,30
1680679588262260500,0,30,0,30
1680679588263978129,0,30,0,30
1680679588265687611,0,30,0,30
1680679588267402015,0,30,0,30
1680679588269156628,0,30,0,30
1680679588270847582,0,30,0,30
1680679588272548250,0,30,0,30
1680679588274240624,0,30,0,30
1680679588275944298,0,30,0,30
1680679588277653650,0,30,0,30
1680679588279383587,0,30,0,30
1680679588281075399,0,30,0,30
1680679588282787828,0,30,0,30
1680679588284493862,0,30,0,30
1680679588286192109,0,30,0,30
1680679588287906516,0,30,0,30
1680679588289653272,0,30,0,30
1680679588291346873,0,30,0,30
1680679588293052389,0,30,0,30
1680679588294748553,0,30,0,30
1680679588296466587,0,30,0,30
1680679588298171996,0,30,0,30
1680679588299948581,0,30,0,30
1680679588301647004,0,30,0,30
1680679588303344784,0,30,0,30
1680679588305126864,0,30,0,30
1680679588306815686,0,30,0,30
1680679588308618967,0,30,0,30
1680679588310321272,0,30,0,30
1680679588312009791,0,30,0,30
1680679588313712991,0,30,0,30
1680679588315405724,0,30,0,30
1680679588317203218,0,30,0,30
1680679588318923009,0,30,0,30
1680679588320620012,0,30,0,30
1680679588322324415,0,30,0,30
1680679588324030850,0,30,0,30
1680679588325816484,0,30,0,30
1680679588363098861,0,30,0,30
1680679588364854455,0,30,0,30
1680679588366662676,0,30,0,30
1680679588368538527,0,30,0,30
1680679588370562040,0,30,0,30
1680679588372384931,0,30,0,30
1680679588374217581,0,30,0,30
1680679588375937763,0,30,0,30
1680679588377625696,0,30,0,30
1680679588379394022,0,30,0,30
1680679588381072988,0,30,0,30
1680679588382744189,0,30,0,30
1680679588384421459,0,30,0,30
1680679588386125696,0,30,0,30
1680679588387817016,0,30,0,30
1680679588389539598,0,30,0,30
1680679588391233705,0,30,0,30
1680679588392930458,0,30,0,30
1680679588394621173,0,30,0,30
1680679588396306742,0,30,0,30
1680679588398011950,0,30,0,30
1680679588399781541,0,30,0,30
1680679588401475578,0,30,0,30
1680679588403165540,0,30,0,30
1680679588404858004,0,30,0,30
1680679588406545578,0,30,0,30
1680679588408240420,0,30,0,30
1680679588409945543,0,30,0,30
1680679588411642991,0,30,0,30
1680679588413339821,0,30,0,30
1680679588415025217,0,30,0,30
1680679588416727802,0,30,0,30
1680679588418419955,0,30,0,30
1680679588420140888,0,30,0,30
1680679588421836620,0,30,0,30
1680679588423530067,0,30,0,30
1680679588425226782,0,30,0,30
1680679588426917670,0,30,0,30
1680679588428624134,0,30,0,30
1680679588430328677,0,30,0,30
1680679588432043384,0,30,0,30
1680679588433842373,0,30,0,30
1680679588435544005,0,30,0,30
1680679588437321802,0,30,0,30
1680679588439048769,0,30,0,30
1680679588440832519,0,30,0,30
1680679588442529033,0,30,0,30
1680679588444225191,0,30,0,30
1680679588445931958,0,30,0,30
1680679588447698894,0,30,0,30
1680679588449419504,0,30,0,30
1680679588451115150,0,30,0,30
1680679588452807890,0,30,0,30
1680679588454498559,0,30,0,30
1680679588456189962,0,30,0,30
1680679588458021421,0,30,0,30
1680679588459792995,0,30,0,30
1680679588461492227,0,30,0,30
1680679588463182325,0,30,0,30
1680679588464880470,0,30,0,30
1680679588466568558,0,30,0,30
1680679588468272039,0,30,0,30
1680679588469969955,0,30,0,30
1680679588471656463,0,30,0,30
1680679588473343249,0,30,0,30
1680679588475036033,0,30,0,30
1680679588476786272,0,30,0,30
1680679588478472778,0,30,0,30
1680679588480246731,0,30,0,30
1680679588481955717,0,30,0,30
1680679588483647352,0,30,0,30
1680679588485338388,0,30,0,30
1680679588487030478,0,30,0,30
1680679588488727251,0,30,0,30
1680679588490417866,0,30,0,30
1680679588492158815,0,30,0,30
1680679588493859840,0,30,0,30
1680679588495554682,0,30,0,30
1680679588497289508,0,30,0,30
1680679588499074740,0,30,0,30
1680679588500726628,0,30,0,30
1680679588502385572,0,30,0,30
1680679588504034980,0,30,0,30
1680679588505690912,0,30,0,30
1680679588507344697,0,30,0,30
1680679588509027901,0,30,0,30
1680679588510744611,0,30,0,30
1680679588512537259,0,30,0,30
1680679588514262953,0,30,0,30
1680679588515977100,0,30,0,30
1680679588517719906,0,30,0,30
1680679588519489838,0,30,0,30
1680679588521207044,0,30,0,30
1680679588522901704,0,30,0,30
1680679588524595876,0,30,0,30
1680679588526294330,0,30,0,30
1680679588527998241,0,30,0,30
1680679588529743104,0,30,0,30
1680679588531432220,0,30,0,30
1680679588533123521,0,30,0,30
1680679588534814309,0,30,0,30
1680679588536505654,0,30,0,30
1680679588538216699,0,30,0,30
1680679588539985678,0,30,0,30
1680679588541679803,0,30,0,30
1680679588543367106,0,30,0,30
1680679588545058596,0,30,0,30
1680679588546745689,0,30,0,30
1680679588548441219,0,30,0,30
1680679588550191463,0,30,0,30
1680679588551883050,0,30,0,30
1680679588553579883,0,30,0,30
1680679588555271525,0,30,0,30
1680679588557074696,0,30,0,30
1680679588558764759,0,30,0,30
1680679588560533860,0,30,0,30
1680679588570594229,0,30,0,30
1680679588575545835,0,30,0,30
1680679588579339418,0,30,0,30
1680679588611457489,0,30,0,30
1680679588613368243,0,30,0,30
1680679588615276258,0,30,0,30
1680679588617212424,0,30,0,30
1680679588619113043,0,30,0,30
1680679588621003417,0,30,0,30
1680679588622660567,0,30,0,30
1680679588624331098,0,30,0,30
1680679588626008631,0,30,0,30
1680679588627674972,0,30,0,30
1680679588629368588,0,30,0,30
1680679588631029133,0,30,0,30
1680679588632723863,0,30,0,30
1680679588634433092,0,30,0,30
1680679588636142671,0,30,0,30
1680679588637919592,0,30,0,30
1680679588639778296,0,30,0,30
1680679588641496624,0,30,6,30
1680679588643209754,0,30,6,30
1680679588644980675,0,30,6,30
1680679588646666992,0,30,6,30
1680679588648352909,0,30,6,30
1680679588650121194,0,30,6,30
1680679588651804655,0,30,6,30
1680679588653491042,0,30,6,30
1680679588655173527,0,30,6,30
1680679588656853267,0,30,6,30
1680679588658537308,0,30,6,30
1680679588660256984,0,30,6,30
1680679588662083376,0,30,6,30
1680679588663773890,0,30,6,30
1680679588665463880,0,30,6,30
1680679588667149311,0,30,6,30
1680679588668864598,0,30,6,30
1680679588670550322,0,30,6,30
1680679588672235779,0,30,6,30
1680679588673930816,0,30,6,30
1680679588675622049,0,30,6,30
1680679588677357662,0,30,6,30
1680679588679049181,0,30,6,30
1680679588680785410,0,30,6,30
1680679588682471038,0,30,6,30
1680679588684154090,0,30,6,30
1680679588685842621,0,30,6,30
1680679588687527528,0,30,6,30
1680679588689222708,0,30,6,30
1680679588690901759,0,30,6,30
1680679588692616675,0,30,6,30
1680679588694309546,0,30,6,30
1680679588696080003,0,30,6,30
1680679588697814726,0,30,6,30
1680679588699524323,0,30,6,30
1680679588701210902,0,30,6,30
1680679588702890523,0,30,6,30
1680679588704576300,0,30,6,30
1680679588706280034,0,30,6,30
1680679588707967397,0,30,6,30
1680679588709660838,0,30,6,30
1680679588711342239,0,30,6,30
1680679588713022089,0,30,6,30
1680679588714709043,0,30,6,30
1680679588716380431,0,30,6,30
1680679588718110173,0,30,6,30
1680679588719921801,0,30,6,30
1680679588721591548,0,30,6,30
1680679588723256750,0,30,6,30
1680679588724923749,0,30,6,30
1680679588726602767,0,30,6,30
1680679588728283424,0,30,6,30
1680679588730018986,0,30,6,30
1680679588731700882,0,30,6,30
1680679588733381299,0,30,6,30
1680679588735057357,0,30,6,30
1680679588736743417,0,30,6,30
1680679588738600518,0,30,6,30
1680679588740451383,0,30,6,30
1680679588742165896,0,30,6,30
1680679588743881239,0,30,6,30
1680679588745635769,0,30,6,30
1680679588747328230,0,30,6,30
1680679588748989082,0,30,6,30
1680679588750659173,0,30,6,30
1680679588752323492,0,30,6,30
1680679588754003592,0,30,6,30
1680679588755679748,0,30,6,30
1680679588757474971,0,30,6,30
1680679588759159991,0,30,6,30
1680679588760953303,0,30,6,30
1680679588762638437,0,30,6,30
1680679588764322101,0,30,6,30
1680679588766016585,0,30,6,30
1680679588767706590,0,30,6,30
1680679588769445704,0,30,6,30
1680679588771198753,0,30,6,30
1680679588772880133,0,30,6,30
1680679588774586015,0,30,6,30
1680679588776271779,0,30,6,30
1680679588778040204,0,30,6,30
1680679588779945073,0,30,6,30
1680679588781634085,0,30,6,30
1680679588783318871,0,30,6,30
1680679588785006153,0,30,6,30
1680679588786694486,0,30,6,30
1680679588788386250,0,30,6,30
1680679588790197267,0,30,6,30
1680679588791883581,0,30,6,30
1680679588793566946,0,30,6,30
1680679588795246599,0,30,6,30
1680679588796931526,0,30,6,30
1680679588798615655,0,30,6,30
1680679588800442929,0,30,6,30
1680679588802340547,0,30,3,30
1680679588812871853,0,30,3,30
1680679588815224859,0,30,3,30
1680679588817066974,0,30,3,30
1680679588819167190,0,30,3,30
1680679588821294948,0,30,3,30
1680679588823320231,0,30,3,30
1680679588869435295,0,30,3,30
1680679588871359467,0,30,3,30
1680679588873289032,0,30,3,30
1680679588875203534,0,30,3,30
1680679588877114841,0,30,3,30
1680679588879024691,0,30,3,30
1680679588880782216,0,30,3,30
1680679588882455931,0,30,3,30
1680679588884134106,0,30,3,30
1680679588885863324,0,30,3,30
1680679588887525502,0,30,3,30
1680679588889188388,0,30,3,30
1680679588890883535,0,30,3,30
1680679588892550475,0,30,3,30
1680679588894225147,0,30,3,30
1680679588895903123,0,30,3,30
1680679588897596524,0,30,3,30
1680679588899261924,0,30,3,30
1680679588901162846,0,30,3,30
1680679588902930093,0,30,3,30
1680679588904821530,0,30,3,30
1680679588906512355,0,30,3,30
1680679588908191125,0,30,3,30
1680679588909887985,0,30,3,30
1680679588911678290,0,30,3,30
1680679588913370462,0,30,3,30
1680679588915053541,0,30,3,30
1680679588916925738,0,30,3,30
1680679588918702185,0,30,3,30
1680679588920508125,0,30,3,30
1680679588922204448,0,30,3,30
1680679588924132655,0,30,3,30
1680679588925863912,0,30,3,30
1680679588927578147,0,30,3,30
1680679588929286007,0,30,3,30
1680679588931057309,0,30,3,30
1680679588932757332,0,30,3,30
1680679588934532213,0,30,3,30
1680679588936346436,0,30,3,30
1680679588938044549,0,30,3,30
1680679588939874171,0,30,3,30
1680679588941566303,0,30,3,30
1680679588943303654,0,30,3,30
1680679588944992260,0,30,3,30
1680679588946670263,0,30,3,30
1680679588948352922,0,30,3,30
1680679588950087305,0,30,3,30
1680679588951774448,0,30,3,30
1680679588953459263,0,30,3,30
1680679588955144354,0,30,3,30
1680679588956833091,0,30,3,30
1680679588958571873,0,30,3,30
1680679588960353256,0,30,3,30
1680679588962055101,0,30,3,30
1680679588963738621,0,30,3,30
1680679588965422898,0,30,3,30
1680679588967099346,0,30,3,30
1680679588968780352,0,30,3,30
1680679588970517915,0,30,3,30
1680679588972206517,0,30,3,30
1680679588973899411,0,30,3,30
1680679588975631490,0,30,7,30
1680679588977316788,0,30,7,30
1680679588979060957,0,30,7,30
1680679588980892567,0,30,7,30
1680679588982584541,0,30,7,30
1680679588984521122,0,30,7,30
1680679588986417874,0,30,7,30
1680679588988292908,0,30,7,30
1680679588990214060,0,30,7,30
1680679588992099311,0,30,7,30
1680679588993975117,0,30,7,30
1680679588995855602,0,30,7,30
1680679588997910048,0,30,7,30
1680679588999754302,0,30,7,30
1680679589001658242,0,30,7,30
1680679589003501002,0,30,7,30
1680679589005396465,0,30,7,30
1680679589007306405,0,30,7,30
1680679589009215730,0,30,7,30
1680679589011165436,0,30,7,30
1680679589013820268,0,30,7,30
1680679589015731520,0,30,7,30
1680679589017647285,0,30,7,30
1680679589019535657,0,30,7,30
1680679589021464043,0,30,7,30
1680679589023376715,0,30,7,30
1680679589025286262,0,30,7,30
1680679589027151332,0,30,7,30
1680679589029647643,0,30,7,30
1680679589031504985,0,30,7,30
1680679589033361015,0,30,7,30
1680679589035240192,0,30,7,30
1680679589037132595,0,30,7,30
1680679589039043199,0,30,7,30
1680679589041090470,0,30,7,30
1680679589042980852,0,30,7,30
1680679589045670486,0,30,7,30
1680679589047846075,0,30,7,30
1680679589049999444,0,30,7,30
1680679589119449655,0,30,0,30
1680679589184893973,0,30,0,30
1680679589186883488,0,30,0,30
1680679589188787003,0,30,0,30
1680679589190693891,0,30,0,30
1680679589192601725,0,30,0,30
1680679589194524104,0,30,0,30
1680679589196291654,0,30,0,30
1680679589197945960,0,30,0,30
1680679589199609251,0,30,0,30
1680679589201366376,0,30,0,30
1680679589203012485,0,30,0,30
1680679589204663538,0,30,0,30
1680679589206339606,0,30,0,30
1680679589208031044,0,30,0,30
1680679589209715495,0,30,0,30
1680679589211469018,0,30,0,30
1680679589213288834,0,30,0,30
1680679589214971087,0,30,0,30
1680679589216656201,0,30,0,30
1680679589218458658,0,30,0,30
1680679589220164043,0,30,0,30
1680679589222084399,0,30,0,30
1680679589223790046,0,30,0,30
1680679589225601085,0,30,0,30
1680679589227300595,0,30,0,30
1680679589228961509,0,30,0,30
1680679589230658563,0,30,0,30
1680679589232322410,0,30,0,30
1680679589233997997,0,30,0,30
1680679589235667738,0,30,0,30
1680679589237382906,0,30,0,30
1680679589239148247,0,30,0,30
1680679589240878547,0,30,0,30
1680679589242631672,0,30,0,30
1680679589244337495,0,30,0,30
1680679589246048395,0,30,0,30
1680679589247738179,0,30,0,30
1680679589249432252,0,30,0,30
1680679589251166389,0,30,0,30
1680679589252848003,0,30,0,30
1680679589254530393,0,30,0,30
1680679589256218011,0,30,0,30
1680679589257915045,0,30,0,30
1680679589259660314,0,30,0,30
1680679589261431814,0,30,0,30
1680679589263119506,0,30,0,30
1680679589264913669,0,30,0,30
1680679589266599648,0,30,0,30
1680679589268284478,0,30,0,30
1680679589269991933,0,30,0,30
1680679589271708680,0,30,0,30
1680679589273503959,0,30,0,30
1680679589275184021,0,30,0,30
1680679589276863467,0,30,0,30
1680679589278561345,0,30,0,30
1680679589280245255,0,30,0,30
1680679589282004461,0,30,0,30
1680679589283688742,0,30,0,30
1680679589285369410,0,30,0,30
1680679589287136804,0,30,0,30
1680679589288816930,0,30,0,30
1680679589290588784,0,30,0,30
1680679589292262620,0,30,0,30
1680679589294031179,0,30,0,30
1680679589295714063,0,30,0,30
1680679589297393340,0,30,0,30
1680679589299091975,0,30,0,30
1680679589300907641,0,30,0,30
1680679589302613390,0,30,0,30
1680679589304300109,0,30,0,30
1680679589305992041,0,30,0,30
1680679589307677905,0,30,0,30
1680679589309368620,0,30,0,30
1680679589311065029,0,30,0,30
1680679589312829120,0,30,0,30
1680679589314516585,0,30,0,30
1680679589316208386,0,30,0,30
1680679589317901429,0,30,0,30
1680679589319645508,0,30,0,30
1680679589321424243,0,30,0,30
1680679589323118020,0,30,0,30
1680679589324806975,0,30,0,30
1680679589326492089,0,30,0,30
1680679589328181282,0,30,0,30
1680679589329875613,0,30,0,30
1680679589331585641,0,30,0,30
1680679589333278402,0,30,0,30
1680679589334953439,0,30,0,30
1680679589336635730,0,30,0,30
1680679589338321336,0,30,0,30
1680679589340082113,0,30,0,30
1680679589341893515,0,30,0,30
1680679589343580952,0,30,0,30
1680679589345258633,0,30,0,30
1680679589346947261,0,30,0,30
1680679589348634573,0,30,0,30
1680679589350318692,0,30,0,30
1680679589352051744,0,30,0,30
1680679589353741223,0,30,0,30
1680679589355422637,0,30,0,30
1680679589357098752,0,30,0,30
1680679589358823840,0,30,0,30
1680679589360512784,0,30,0,30
1680679589362333184,0,30,0,30
1680679589364017185,0,30,0,30
1680679589365703074,0,30,0,30
1680679589367390494,0,30,0,30
1680679589369079869,0,30,0,30
1680679589371025530,0,30,0,30
1680679589374580435,0,30,0,30
1680679589376309199,0,30,0,30
1680679589377987472,0,30,0,30
1680679589379684094,0,30,0,30
1680679589381367361,0,30,0,30
1680679589383072304,0,30,0,30
1680679589384793052,0,30,0,30
1680679589386498689,0,30,0,30
1680679589388209223,0,30,0,30
1680679589389937215,0,30,0,30
1680679589391700495,0,30,0,30
1680679589393415261,0,30,0,30
1680679589395124947,0,30,0,30
1680679589396828690,0,30,0,30
1680679589398535141,0,30,0,30
1680679589400238084,0,30,0,30
1680679589402054629,0,30,0,30
1680679589403768323,0,30,0,30
1680679589405511160,0,30,0,30
1680679589407197146,0,30,0,30
1680679589408874568,0,30,0,30
1680679589410561113,0,30,0,30
1680679589412240582,0,30,0,30
1680679589413932462,0,30,0,30
1680679589415615393,0,30,0,30
1680679589417299427,0,30,0,30
1680679589419003724,0,30,0,30
1680679589420692749,0,30,0,30
1680679589422521625,0,30,0,30
1680679589424211393,0,30,0,30
1680679589425908932,0,30,0,30
1680679589427602452,0,30,0,30
1680679589429285676,0,30,0,30
1680679589431033178,0,30,0,30
1680679589432721906,0,30,0,30
1680679589434406809,0,30,0,30
1680679589436087852,0,30,0,30
1680679589437768397,0,30,0,30
1680679589439527952,0,30,0,30
1680679589441232691,0,30,0,30
1680679589442923857,0,30,0,30
1680679589444613145,0,30,0,30
1680679589446307219,0,30,0,30
1680679589447998105,0,30,0,30
1680679589449678482,0,30,0,30
1680679589451380011,0,30,0,30
1680679589453070393,0,30,0,30
1680679589454756068,0,30,0,30
1680679589456421272,0,30,0,30
1680679589458107678,0,30,0,30
1680679589459857485,0,30,0,30
1680679589461550890,0,30,0,30
1680679589463225349,0,30,0,30
1680679589464889194,0,30,0,30
1680679589466595852,0,30,0,30
1680679589468303405,0,30,0,30
1680679589470062886,0,30,0,30
1680679589471830479,0,30,0,30
1680679589473542365,0,30,0,30
1680679589475258010,0,30,0,30
1680679589476970421,0,30,0,30
1680679589478668633,0,30,0,30
1680679589480360229,0,30,0,30
1680679589482111263,0,30,0,30
1680679589483797051,0,30,0,30
1680679589485490909,0,30,0,30
1680679589487178975,0,30,0,30
1680679589488857283,0,30,0,30
1680679589490548349,0,30,0,30
1680679589492266323,0,30,0,30
1680679589493969237,0,30,0,30
1680679589495653066,0,30,0,30
1680679589497330913,0,30,0,30
1680679589499036922,0,30,0,30
1680679589500725400,0,30,0,30
1680679589502474368,0,30,0,30
1680679589504166034,0,30,0,30
1680679589505856676,0,30,0,30
1680679589507541356,0,30,0,30
1680679589509225370,0,30,0,30
1680679589510989562,0,30,0,30
1680679589512678958,0,30,0,30
1680679589514372952,0,30,0,30
1680679589516063622,0,30,0,30
1680679589517744836,0,30,0,30
1680679589519429104,0,30,0,30
1680679589521122455,0,30,0,30
1680679589522858124,0,30,0,30
1680679589524539755,0,30,0,30
1680679589526243145,0,30,0,30
1680679589527929901,0,30,0,30
1680679589529615745,0,30,0,30
1680679589531331140,0,30,0,30
1680679589533018460,0,30,0,30
1680679589534701597,0,30,0,30
1680679589536394920,0,30,0,30
1680679589538095023,0,30,0,30
1680679589539812109,0,30,0,30
1680679589541532648,0,30,0,30
1680679589543241396,0,30,0,30
1680679589544926644,0,30,0,30
1680679589546606528,0,30,0,30
1680679589548288724,0,30,0,30
1680679589549975155,0,30,0,30
1680679589551696839,0,30,0,30
1680679589553391652,0,30,0,30
1680679589555069050,0,30,0,30
1680679589556727815,0,30,0,30
1680679589558412504,0,30,0,30
1680679589560154218,0,30,0,30
1680679589561906975,0,30,0,30
1680679589563600604,0,30,0,30
1680679589565281926,0,30,0,30
1680679589566959963,0,30,0,30
1680679589568647388,0,30,0,30
1680679589570334843,0,30,0,30
1680679589572039923,0,30,0,30
1680679589573727174,0,30,0,30
1680679589575410169,0,30,0,30
1680679589577091099,0,30,0,30
1680679589578770323,0,30,0,30
1680679589580493689,0,30,0,30
1680679589582218486,0,30,0,30
1680679589583887553,0,30,0,30
1680679589585547919,0,30,0,30
1680679589587215944,0,30,0,30
1680679589588882146,0,30,0,30
1680679589590587394,0,30,0,30
1680679589592324483,0,30,0,30
1680679589594031205,0,30,0,30
1680679589595738670,0,30,0,30
1680679589597444688,0,30,0,30
1680679589599190576,0,30,0,30
1680679589600878166,0,30,0,30
1680679589602721764,0,30,0,30
1680679589604408124,0,30,0,30
1680679589606120411,0,30,0,30
1680679589607810289,0,30,0,30
1680679589609493961,0,30,0,30
1680679589611195729,0,30,0,30
1680679589612876349,0,30,0,30
1680679589614560638,0,30,0,30
1680679589616243079,0,30,0,30
1680679589617930634,0,30,0,30
1680679589619703474,0,30,0,30
1680679589621531794,0,30,0,30
1680679589623227452,0,30,0,30
1680679589624903988,0,30,0,30
1680679589626586771,0,30,0,30
1680679589628268065,0,30,0,30
1680679589629964308,0,30,0,30
1680679589631675317,0,30,0,30
1680679589633360885,0,30,0,30
1680679589635040430,0,30,0,30
1680679589636726071,0,30,0,30
1680679589638414073,0,30,0,30
1680679589640122419,0,30,0,30
1680679589641825649,0,30,0,30
1680679589643524573,0,30,0,30
1680679589645332039,0,30,0,30
1680679589647020082,0,30,0,30
1680679589648706370,0,30,0,30
1680679589650397038,0,30,0,30
1680679589652136539,0,30,0,30
1680679589653842121,0,30,0,30
1680679589655594227,0,30,0,30
1680679589657277655,0,30,0,30
1680679589658960467,0,30,0,30
1680679589660641261,0,30,0,30
1680679589662475007,0,30,0,30
1680679589664167827,0,30,0,30
1680679589666025673,0,30,0,30
1680679589667713052,0,30,0,30
1680679589669399198,0,30,0,30
1680679589671087649,0,30,0,30
1680679589672774666,0,30,0,30
1680679589674454634,0,30,0,30
1680679589676136192,0,30,0,30
1680679589677832669,0,30,0,30
1680679589679538102,0,30,0,30
1680679589681222523,0,30,0,30
1680679589683047631,0,30,0,30
1680679589684727113,0,30,0,30
1680679589686408747,0,30,0,30
1680679589688092977,0,30,0,30
1680679589689782702,0,30,0,30
1680679589691502107,0,30,0,30
1680679589693187762,0,30,0,30
1680679589694907784,0,30,0,30
1680679589696597442,0,30,0,30
1680679589698292721,0,30,0,30
1680679589700052172,0,30,0,30
1680679589701764879,0,30,0,30
1680679589703476924,0,30,0,30
1680679589705161541,0,30,0,30
1680679589706837426,0,30,0,30
1680679589708519360,0,30,0,30
1680679589710217183,0,30,0,30
1680679589711923706,0,30,0,30
1680679589713602732,0,30,0,30
1680679589715284178,0,30,0,30
1680679589716973332,0,30,0,30
1680679589718659095,0,30,0,30
1680679589720392651,0,30,0,30
1680679589722284628,0,30,0,30
1680679589723969980,0,30,0,30
1680679589725654023,0,30,0,30
1680679589727342549,0,30,0,30
1680679589729036846,0,30,0,30
1680679589730718348,0,30,0,30
1680679589732455499,0,30,0,30
1680679589734149640,0,30,0,30
1680679589735830462,0,30,0,30
1680679589737510280,0,30,0,30
1680679589739191519,0,30,0,30
1680679589740872302,0,30,0,30
1680679589742601196,0,30,0,30
1680679589744286655,0,30,0,30
1680679589745980787,0,30,0,30
1680679589747670347,0,30,0,30
1680679589749362765,0,30,0,30
1680679589751052396,0,30,0,30
1680679589752791119,0,30,0,30
1680679589754480776,0,30,0,30
1680679589756178348,0,30,0,30
1680679589757967764,0,30,0,30
1680679589759684233,0,30,0,30
1680679589761370386,0,30,0,30
1680679589763129661,0,30,0,30
1680679589764810486,0,30,0,30
1680679589766494498,0,30,0,30
1680679589768187040,0,30,0,30
1680679589769871461,0,30,0,30
1680679589771613629,0,30,0,30
1680679589773316298,0,30,0,30
1680679589774994588,0,30,0,30
1680679589776680602,0,30,0,30
1680679589778351460,0,30,0,30
1680679589780037952,0,30,0,30
1680679589781831441,0,30,0,30
1680679589783559223,0,30,0,30
1680679589785237754,0,30,0,30
1680679589786927819,0,30,0,30
1680679589788613041,0,30,0,30
1680679589790302748,0,30,0,30
1680679589792085482,0,30,0,30
1680679589793781862,0,30,0,30
1680679589795463338,0,30,0,30
1680679589797145575,0,30,0,30
1680679589798824538,0,30,0,30
1680679589800530335,0,30,0,30
1680679589802245526,0,30,0,30
1680679589803927876,0,30,0,30
1680679589805616412,0,30,0,30
1680679589807317989,0,30,0,30
1680679589809069584,0,30,0,30
1680679589810753127,0,30,0,30
1680679589812490655,0,30,0,30
1680679589814175304,0,30,0,30
1680679589815854663,0,30,0,30
1680679589817533869,0,30,0,30
1680679589819232534,0,30,0,30
1680679589821000574,0,30,0,30
1680679589822729826,0,30,0,30
1680679589824409257,0,30,0,30
1680679589826108797,0,30,0,30
1680679589827800377,0,30,0,30
1680679589829485760,0,30,0,30
1680679589831173877,0,30,0,30
1680679589832883382,0,30,0,30
1680679589834569825,0,30,0,30
1680679589836258052,0,30,0,30
1680679589837988351,0,30,0,30
1680679589839782509,0,30,0,30
1680679589841546632,0,30,0,30
1680679589843359168,0,30,0,30
1680679589845115999,0,30,0,30
1680679589846845807,0,30,0,30
1680679589848569134,0,30,0,30
1680679589850234094,0,30,0,30
1680679589851911968,0,30,0,30
1680679589853582014,0,30,0,30
1680679589855239581,0,30,0,30
1680679589856912696,0,30,0,30
1680679589858573484,0,30,0,30
1680679589860252231,0,30,0,30
1680679589861959669,0,30,0,30
1680679589863685367,0,30,0,30
1680679589865347960,0,30,0,30
1680679589867013311,0,30,0,30
1680679589868683059,0,30,0,30
1680679589870398645,0,30,0,30
1680679589872224107,0,30,0,30
1680679589873935237,0,30,0,30
1680679589875639822,0,30,0,30
1680679589877365886,0,30,0,30
1680679589879070715,0,30,0,30
1680679589880834603,0,30,0,30
1680679589882540385,0,30,0,30
1680679589884229814,0,30,0,30
1680679589885931489,0,30,0,30
1680679589887702014,0,30,0,30
1680679589889391854,0,30,0,30
1680679589891078960,0,30,0,30
1680679589892853532,0,30,0,30
1680679589894535433,0,30,0,30
1680679589896219084,0,30,0,30
1680679589897909931,0,30,0,30
1680679589899591948,0,30,0,30
1680679589901265530,0,30,0,30
1680679589903013378,0,30,0,30
1680679589904694570,0,30,0,30
1680679589906398199,0,30,0,30
1680679589908076586,0,30,0,30
1680679589909762207,0,30,0,30
1680679589911448869,0,30,0,30
1680679589913157326,0,30,0,30
1680679589914842683,0,30,0,30
1680679589916534352,0,30,0,30
1680679589918226489,0,30,0,30
1680679589919936881,0,30,0,30
1680679589921629917,0,30,0,30
1680679589923400560,0,30,0,30
1680679589925083458,0,30,0,30
1680679589926774119,0,30,0,30
1680679589928463103,0,30,0,30
1680679589930148869,0,30,0,30
1680679589931916274,0,30,0,30
1680679589933608376,0,30,0,30
1680679589935287022,0,30,0,30
1680679589936966559,0,30,0,30
1680679589938644462,0,30,0,30
1680679589940366434,0,30,0,30
1680679589942099320,0,30,0,30
1680679589943864619,0,30,0,30
1680679589945544577,0,30,0,30
1680679589947225054,0,30,0,30
1680679589948901461,0,30,0,30
1680679589950585113,0,30,0,30
1680679589952323810,0,30,0,30
1680679589954084950,0,30,0,30
1680679589955824984,0,30,0,30
1680679589957507039,0,30,0,30
1680679589959189344,0,30,0,30
1680679589960930400,0,30,0,30
1680679589962634913,0,30,0,30
1680679589964320909,0,30,0,30
1680679589966006932,0,30,0,30
1680679589967693209,0,30,0,30
1680679589969386018,0,30,0,30
1680679589971076667,0,30,0,30
1680679589972820349,0,30,0,30
1680679589974525211,0,30,0,30
1680679589976234536,0,30,0,30
1680679589977952264,0,30,0,30
1680679589979653540,0,30,0,30
1680679589981360775,0,30,0,30
1680679589983134052,0,30,0,30
1680679589984814994,0,30,0,30
1680679589986498543,0,30,0,30
1680679589988179606,0,30,0,30
1680679589989863967,0,30,0,30
1680679589991545090,0,30,0,30
1680679589993274540,0,30,0,30
1680679589995015261,0,30,0,30
1680679589996693630,0,30,0,30
1680679589998401261,0,30,0,30
1680679590000145373,0,30,0,30
1680679590001835985,0,30,0,30
1680679590003612558,0,30,0,30
1680679590005294419,0,30,0,30
1680679590006974110,0,30,0,30
1680679590008673547,0,30,0,30
1680679590010364735,0,30,0,30
1680679590012104356,0,30,0,30
1680679590013791769,0,30,0,30
1680679590015481029,0,30,0,30
1680679590017161877,0,30,0,30
1680679590018841578,0,30,0,30
1680679590020553211,0,30,0,30
1680679590022304654,0,30,0,30
1680679590024052195,0,30,0,30
1680679590025740812,0,30,0,30
1680679590027430252,0,30,0,30
1680679590029199306,0,30,0,30
1680679590030888445,0,30,0,30
1680679590032593617,0,30,0,30
1680679590034299865,0,30,0,30
1680679590035985225,0,30,0,30
1680679590037678393,0,30,0,30
1680679590039353474,0,30,0,30
1680679590041091359,0,30,0,30
1680679590042793893,0,30,0,30
1680679590044483144,0,30,0,30
1680679590046172888,0,30,0,30
1680679590047858374,0,30,0,30
1680679590049542321,0,30,0,30
1680679590051226391,0,30,0,30
1680679590052949425,0,30,0,30
1680679590054632371,0,30,0,30
1680679590056296649,0,30,0,30
1680679590057971140,0,30,0,30
1680679590059638761,0,30,0,30
1680679590061388010,0,30,0,30
1680679590063087478,0,30,0,30
1680679590064727560,0,30,0,30
1680679590066435536,0,30,0,30
1680679590068143632,0,30,0,30
1680679590069860075,0,30,0,30
1680679590071570943,0,30,0,30
1680679590073325421,0,30,0,30
1680679590075038030,0,30,0,30
1680679590076726193,0,30,0,30
1680679590078416527,0,30,0,30
1680679590080179746,0,30,0,30
1680679590081874206,0,30,0,30
1680679590083663634,0,30,0,30
1680679590085349745,0,30,0,30
1680679590087028502,0,30,0,30
1680679590088726123,0,30,0,30
1680679590090414031,0,30,0,30
1680679590092095953,0,30,0,30
1680679590093773381,0,30,0,30
1680679590095496178,0,30,0,30
1680679590097170904,0,30,0,30
1680679590098852747,0,30,0,30
1680679590100710659,0,30,0,30
1680679590102437044,0,30,0,30
1680679590104178853,0,30,0,30
1680679590105867956,0,30,0,30
1680679590107548928,0,30,0,30
1680679590109234812,0,30,0,30
1680679590110908441,0,30,0,30
1680679590112605096,0,30,0,30
1680679590114296144,0,30,0,30
1680679590115977346,0,30,0,30
1680679590117653409,0,30,0,30
1680679590119332597,0,30,0,30
1680679590121097131,0,30,0,30
1680679590122804568,0,30,0,30
1680679590124525380,0,30,0,30
1680679590126214832,0,30,0,30
1680679590127899328,0,30,0,30
1680679590129583831,0,30,0,30
1680679590131269442,0,30,0,30
1680679590133001136,0,30,0,30
1680679590134697199,0,30,0,30
1680679590136388899,0,30,0,30
1680679590138081359,0,30,0,30
1680679590139791216,0,30,0,30
1680679590141552442,0,30,0,30
1680679590143290519,0,30,0,30
1680679590145059762,0,30,0,30
1680679590147071278,0,30,0,30
1680679590149019695,0,30,0,30
1680679590150743224,0,30,0,30
1680679590152495533,0,30,0,30
1680679590154221069,0,30,0,30
1680679590155900633,0,30,0,30
1680679590157581230,0,30,0,30
1680679590159289017,0,30,0,30
1680679590179538081,0,30,0,30
1680679590181375971,0,30,0,30
1680679590183139013,0,30,0,30
1680679590184954830,0,30,0,30
1680679590186722727,0,30,0,30
1680679590188431843,0,30,0,30
1680679590190160394,0,30,0,30
1680679590191867349,0,30,0,30
1680679590193627520,0,30,0,30
1680679590195327825,0,30,0,30
1680679590197112345,0,30,0,30
1680679590198794568,0,30,0,30
1680679590200494599,0,30,0,30
1680679590202179435,0,30,0,30
1680679590203936896,0,30,0,30
1680679590205631513,0,30,0,30
1680679590207315873,0,30,0,30
1680679590209036791,0,30,0,30
1680679590210749130,0,30,0,30
1680679590212541607,0,30,0,30
1680679590214256685,0,30,0,30
1680679590215975410,0,30,0,30
1680679590217849005,0,30,0,30
1680679590219553647,0,30,0,30
1680679590221355208,0,30,0,30
1680679590223038238,0,30,0,30
1680679590224787068,0,30,0,30
1680679590226466102,0,30,0,30
1680679590228246261,0,30,0,30
1680679590230061185,0,30,0,30
1680679590231745865,0,30,0,30
1680679590233480740,0,30,0,30
1680679590235167587,0,30,0,30
1680679590237028090,0,30,0,30
1680679590238739967,0,30,0,30
1680679590240446419,0,30,0,30
1680679590242147605,0,30,0,30
1680679590244082683,0,30,0,30
1680679590245860742,0,30,0,30
1680679590247551642,0,30,0,30
1680679590249233846,0,30,0,30
1680679590250916394,0,30,0,30
1680679590252592430,0,30,0,30
1680679590254264738,0,30,0,30
1680679590255925484,0,30,0,30
1680679590257594623,0,30,0,30
1680679590259253339,0,30,0,30
1680679590260941449,0,30,0,30
1680679590262649190,0,30,0,30
1680679590264471261,0,30,0,30
1680679590266193904,0,30,0,30
1680679590267943532,0,30,0,30
1680679590269652981,0,30,0,30
1680679590271372454,0,30,0,30
1680679590273130229,0,30,0,30
1680679590274815624,0,30,0,30
1680679590276505136,0,30,0,30
1680679590278261933,0,30,0,30
1680679590279960763,0,30,0,30
1680679590281714558,0,30,0,30
1680679590283410518,0,30,0,30
1680679590285175432,0,30,0,30
1680679590286862997,0,30,0,30
1680679590288553778,0,30,0,30
1680679590290263738,0,30,0,30
1680679590291962137,0,30,0,30
1680679590293723489,0,30,0,30
1680679590295407441,0,30,0,30
1680679590297100461,0,30,0,30
1680679590299001153,0,30,0,30
1680679590300908244,0,30,0,30
1680679590302756011,0,30,0,30
1680679590304726900,0,30,0,30
1680679590306617109,0,30,0,30
1680679590308503189,0,30,0,30
1680679590310359864,0,30,0,30
1680679590312258824,0,30,0,30
1680679590314159650,0,30,0,30
1680679590316026471,0,30,0,30
1680679590317927258,0,30,0,30
1680679590319807534,0,30,0,30
1680679590321725939,0,30,0,30
1680679590323619382,0,30,0,30
1680679590325515531,0,30,0,30
1680679590328248748,0,30,0,30
1680679590330134975,0,30,0,30
1680679590331994824,0,30,0,30
1680679590333862664,0,30,0,30
1680679590335746897,0,30,0,30
1680679590337642917,0,30,0,30
1680679590339557403,0,30,0,30
1680679590341488247,0,30,0,30
1680679590344104703,0,30,0,30
1680679590346055890,0,30,0,30
1680679590347929741,0,30,0,30
1680679590349828308,0,30,0,30
1680679590351732666,0,30,0,30
1680679590353646407,0,30,0,30
1680679590355551693,0,30,0,30
1680679590357447854,0,30,0,30
1680679590359939073,0,30,0,30
1680679590362131327,0,30,0,30
1680679590364287414,0,30,0,30
1680679590428051404,0,30,0,30
1680679590494992199,0,30,0,30
1680679590496922274,0,30,0,30
1680679590498823016,0,30,0,30
1680679590500741906,0,30,0,30
1680679590502641816,0,30,0,30
1680679590504542204,0,30,0,30
1680679590506167482,0,30,0,30
1680679590507797524,0,30,0,30
1680679590509609003,0,30,0,30
1680679590511387023,0,30,0,30
1680679590513257175,0,30,0,30
1680679590514923864,0,30,0,30
1680679590516739779,0,30,0,30
1680679590518935328,0,30,0,30
1680679590521118933,0,30,0,30
1680679590522989731,0,30,0,30
1680679590524813241,0,30,0,30
1680679590526635603,0,30,0,30
1680679590528733038,0,30,0,30
1680679590530690746,0,30,0,30
1680679590575722499,0,30,0,30
1680679590577692404,0,30,0,30
1680679590579609790,0,30,0,30
1680679590581602048,0,30,0,30
1680679590583561354,0,30,0,30
1680679590585564577,0,30,0,30
1680679590587445087,0,30,0,30
1680679590589217097,0,30,0,30
1680679590591027655,0,30,0,30
1680679590592811111,0,30,0,30
1680679590594651847,0,30,0,30
1680679590596488244,0,30,0,30
1680679590598631093,0,30,0,30
1680679590600564515,0,30,0,30
1680679590602602697,0,30,0,30
1680679590604660516,0,30,0,30
1680679590606740247,0,30,0,30
1680679590608541333,0,30,0,30
1680679590610368067,0,30,0,30
1680679590612162453,0,30,0,30
1680679590614025716,0,30,0,30
1680679590615823375,0,30,0,30
1680679590617651139,0,30,0,30
1680679590619542738,0,30,0,30
1680679590621374846,0,30,0,30
1680679590623252925,0,30,0,30
1680679590625063855,0,30,0,30
1680679590626898438,0,30,0,30
1680679590628824176,0,30,0,30
1680679590630689382,0,30,0,30
1680679590632598710,0,30,0,30
1680679590634507378,0,30,0,30
1680679590636360288,0,30,0,30
1680679590638321759,0,30,0,30
1680679590640152306,0,30,0,30
1680679590642080594,0,30,0,30
1680679590644012320,0,30,0,30
1680679590645927296,0,30,0,30
1680679590647819746,0,30,1,30
1680679590649752073,0,30,1,30
1680679590651637759,0,30,1,30
1680679590653379489,0,30,1,30
1680679590655175046,0,30,1,30
1680679590656931509,0,30,1,30
1680679590658680438,0,30,1,30
1680679590660611689,0,30,1,30
1680679590662553257,0,30,1,30
1680679590664338825,0,30,1,30
1680679590666394123,0,30,1,30
1680679590668317938,0,30,1,30
1680679590670201948,0,30,1,30
1680679590672022330,0,30,1,30
1680679590673928719,0,30,1,30
1680679590675772445,0,30,1,30
1680679590677542293,0,30,1,30
1680679590679355135,0,30,1,30
1680679590681149768,0,30,1,30
1680679590683029303,0,30,1,30
1680679590684809640,0,30,1,30
1680679590686745030,0,30,1,30
1680679590688631381,0,30,1,30
1680679590690511159,0,30,1,30
1680679590692331609,0,30,1,30
1680679590694175987,0,30,1,30
1680679590696073850,0,30,1,30
1680679590697931852,0,30,1,30
1680679590699852742,0,30,1,30
1680679590701828571,0,30,1,30
1680679590703728142,0,30,1,30
1680679590705752703,0,30,1,30
1680679590707700339,0,30,1,30
1680679590709535807,0,30,1,30
1680679590711459712,0,30,1,30
1680679590713241241,0,30,1,30
1680679590715037176,0,30,1,30
1680679590716808958,0,30,1,30
1680679590718665476,0,30,1,30
1680679590720437858,0,30,1,30
1680679590722460504,0,30,1,30
1680679590724415167,0,30,1,30
1680679590726313013,0,30,1,30
1680679590728164915,0,30,1,30
1680679590730043958,0,30,1,30
1680679590731916984,0,30,1,30
1680679590733883114,0,30,1,30
1680679590735703228,0,30,1,30
1680679590737597158,0,30,1,30
1680679590739436422,0,30,1,30
1680679590741301990,0,30,1,30
1680679590743149965,0,30,1,30
1680679590745020907,0,30,1,30
1680679590747022459,0,30,1,30
1680679590748809253,0,30,1,30
1680679590750792898,0,30,1,30
1680679590752592012,0,30,1,30
1680679590754538210,0,30,1,30
1680679590756362020,0,30,1,30
1680679590758209282,0,30,1,30
1680679590760047916,0,30,1,30
1680679590761932818,0,30,1,30
1680679590763775524,0,30,1,30
1680679590765721476,0,30,1,30
1680679590767535820,0,30,1,30
1680679590769309262,0,30,1,30
1680679590771048159,0,30,1,30
1680679590772897538,0,30,1,30
1680679590774837844,0,30,1,30
1680679590776777487,0,30,1,30
1680679590778645038,0,30,1,30
1680679590780511779,0,30,1,30
1680679590782609410,0,30,1,30
1680679590784554561,0,30,1,30
1680679590786390659,0,30,1,30
1680679590788263873,0,30,1,30
1680679590790067199,0,30,1,30
1680679590791966653,0,30,1,30
1680679590793783959,0,30,1,30
1680679590795685838,0,30,1,30
1680679590797564724,0,30,1,30
1680679590799523587,0,30,1,30
1680679590801339837,0,30,1,30
1680679590803172083,0,30,1,30
1680679590805033993,0,30,1,30
1680679590806871851,0,30,1,30
1680679590808743096,0,30,1,30
1680679590810575423,0,30,1,30
1680679590812361753,0,30,1,30
1680679590814206983,0,30,1,30
1680679590816011380,0,30,0,30
1680679590817823062,0,30,0,30
1680679590819684215,0,30,0,30
1680679590821389739,0,30,0,30
1680679590823299137,0,30,0,30
1680679590825129110,0,30,0,30
1680679590826904872,0,30,0,30
1680679590828811175,0,30,0,30
1680679590830706381,0,30,0,30
1680679590832517434,0,30,0,30
1680679590834517630,0,30,0,30
1680679590836313363,0,30,0,30
1680679590838233370,0,30,0,30
1680679590840147741,0,30,0,30
1680679590842060259,0,30,0,30
1680679590843907633,0,30,0,30
1680679590845853815,0,30,0,30
1680679590847672328,0,30,0,30
1680679590849363542,0,30,0,30
1680679590851102892,0,30,0,30
1680679590852811288,0,30,0,30
1680679590854578768,0,30,0,30
1680679590856481906,0,30,0,30
1680679590858334052,0,30,0,30
1680679590860277253,0,30,0,30
1680679590862181152,0,30,0,30
1680679590864126951,0,30,0,30
1680679590866090818,0,30,0,30
1680679590868017776,0,30,0,30
1680679590869855290,0,30,0,30
1680679590871759992,0,30,0,30
1680679590873581061,0,30,0,30
1680679590875477475,0,30,0,30
1680679590877161234,0,30,0,30
1680679590879031040,0,30,0,30
1680679590880812926,0,30,0,30
1680679590882804165,0,30,0,30
1680679590884700411,0,30,0,30
1680679590886514872,0,30,0,30
1680679590888368123,0,30,0,30
1680679590890229881,0,30,0,30
1680679590892088737,0,30,0,30
1680679590893929969,0,30,0,30
1680679590895831388,0,30,0,30
1680679590897711536,0,30,0,30
1680679590899624561,0,30,0,30
1680679590901402086,0,30,0,30
1680679590903301509,0,30,0,30
1680679590905116329,0,30,0,30
1680679590906838316,0,30,0,30
1680679590908616345,0,30,0,30
1680679590910552712,0,30,0,30
1680679590912429690,0,30,0,30
1680679590914374044,0,30,0,30
1680679590916224615,0,30,0,30
1680679590918174089,0,30,0,30
1680679590920039955,0,30,0,30
1680679590922000816,0,30,0,30
1680679590923793676,0,30,0,30
1680679590925709982,0,30,0,30
1680679590927502608,0,30,0,30
1680679590929263766,0,30,0,30
1680679590931019955,0,30,0,30
1680679590932817965,0,30,0,30
1680679590934774026,0,30,0,30
1680679590936687539,0,30,0,30
1680679590938586540,0,30,0,30
1680679590940467451,0,30,0,30
1680679590942450738,0,30,0,30
1680679590944272795,0,30,0,30
1680679590946176242,0,30,0,30
1680679590947882498,0,30,0,30
1680679590949545069,0,30,0,30
1680679590951311800,0,30,0,30
1680679590953098572,0,30,0,30
1680679590954916870,0,30,0,30
1680679590956809733,0,30,0,30
1680679590958623790,0,30,0,30
1680679590960529669,0,30,0,30
1680679590962420711,0,30,0,30
1680679590964315490,0,30,0,30
1680679590966188220,0,30,0,30
1680679590968113181,0,30,0,30
1680679590969924807,0,30,0,30
1680679590971838146,0,30,0,30
1680679590973678483,0,30,0,30
1680679590975546794,0,30,0,30
1680679590977396357,0,30,0,30
1680679590979259159,0,30,0,30
1680679590981043629,0,30,0,30
1680679590982867170,0,30,0,30
1680679590984729435,0,30,0,30
1680679590986628707,0,30,0,30
1680679590988550129,0,30,0,30
1680679590990410776,0,30,0,30
1680679590992318342,0,30,0,30
1680679590994170400,0,30,0,30
1680679590995968569,0,30,0,30
1680679590997880960,0,30,0,30
1680679590999714938,0,30,0,30
1680679591001652653,0,30,0,30
1680679591003521818,0,30,0,30
1680679591005337337,0,30,0,30
1680679591007198385,0,30,0,30
1680679591008947829,0,30,0,30
1680679591010854282,0,30,0,30
1680679591012705505,0,30,0,30
1680679591014480754,0,30,0,30
1680679591016314740,0,30,0,30
1680679591018245267,0,30,0,30
1680679591020162678,0,30,0,30
1680679591022045015,0,30,0,30
1680679591023981227,0,30,0,30
1680679591025911513,0,30,0,30
1680679591027849339,0,30,0,30
1680679591029650094,0,30,0,30
1680679591031397191,0,30,0,30
1680679591033227908,0,30,0,30
1680679591035017047,0,30,0,30
1680679591036798042,0,30,0,30
1680679591038727175,0,30,0,30
1680679591040607889,0,30,0,30
1680679591042518228,0,30,0,30
1680679591044447913,0,30,0,30
1680679591046379180,0,30,0,30
1680679591048317782,0,30,0,30
1680679591050089884,0,30,0,30
1680679591051876574,0,30,0,30
1680679591053795138,0,30,0,30
1680679591055757642,0,30,0,30
1680679591057624515,0,30,0,30
1680679591059398435,0,30,0,30
1680679591061257073,0,30,0,30
1680679591063085331,0,30,0,30
1680679591064893245,0,30,0,30
1680679591066856027,0,30,0,30
1680679591068769772,0,30,0,30
1680679591070526511,0,30,0,30
1680679591072415110,0,30,0,30
1680679591074253447,0,30,0,30
1680679591076076409,0,30,0,30
1680679591077898932,0,30,0,30
1680679591079835190,0,30,0,30
1680679591081686076,0,30,0,30
1680679591083696327,0,30,0,30
1680679591085611289,0,30,0,30
1680679591087530555,0,30,0,30
1680679591089349095,0,30,0,30
1680679591091193840,0,30,0,30
1680679591092956285,0,30,0,30
1680679591094845600,0,30,0,30
1680679591096644101,0,30,0,30
1680679591098445863,0,30,0,30
1680679591100332249,0,30,0,30
1680679591102220436,0,30,0,30
1680679591104153310,0,30,0,30
1680679591106076009,0,30,0,30
1680679591107874258,0,30,0,30
1680679591109712341,0,30,0,30
1680679591111574123,0,30,0,30
1680679591113363095,0,30,0,30
1680679591115201587,0,30,0,30
1680679591117088405,0,30,0,30
1680679591118923805,0,30,0,30
1680679591120789004,0,30,0,30
1680679591122659117,0,30,0,30
1680679591124507379,0,30,0,30
1680679591126377455,0,30,0,30
1680679591128259242,0,30,0,30
1680679591130081380,0,30,0,30
1680679591131981926,0,30,0,30
1680679591133823600,0,30,0,30
1680679591135764050,0,30,0,30
1680679591137589521,0,30,0,30
1680679591139513319,0,30,0,30
1680679591141278604,0,30,0,30
1680679591143196879,0,30,0,30
1680679591145011525,0,30,0,30
1680679591146870692,0,30,0,30
1680679591148787577,0,30,0,30
1680679591150623015,0,30,0,30
1680679591152544391,0,30,0,30
1680679591154309507,0,30,0,30
1680679591156216906,0,30,0,30
1680679591158023794,0,30,0,30
1680679591159816558,0,30,0,30
1680679591161643401,0,30,0,30
1680679591163419585,0,30,0,30
1680679591165290666,0,30,0,30
1680679591167115630,0,30,0,30
1680679591168932384,0,30,0,30
1680679591170730162,0,30,0,30
1680679591172640284,0,30,0,30
1680679591174497238,0,30,0,30
1680679591176403808,0,30,0,30
1680679591178260473,0,30,0,30
1680679591180065445,0,30,0,30
1680679591181978895,0,30,0,30
1680679591183883161,0,30,0,30
1680679591185807079,0,30,0,30
1680679591187591966,0,30,0,30
1680679591189365379,0,30,0,30
1680679591191187853,0,30,0,30
1680679591192924899,0,30,0,30
1680679591194878749,0,30,0,30
1680679591196810512,0,30,0,30
1680679591198679354,0,30,0,30
1680679591200635232,0,30,0,30
1680679591202532922,0,30,0,30
1680679591204412114,0,30,0,30
1680679591206407732,0,30,0,30
1680679591208176869,0,30,0,30
1680679591210065251,0,30,0,30
1680679591211883877,0,30,0,30
1680679591213805376,0,30,0,30
1680679591215799243,0,30,0,30
1680679591217621104,0,30,0,30
1680679591219559102,0,30,0,30
1680679591221364432,0,30,0,30
1680679591223291002,0,30,0,30
1680679591225137542,0,30,0,30
1680679591226957971,0,30,0,30
1680679591228806233,0,30,0,30
1680679591230584987,0,30,0,30
1680679591232395177,0,30,0,30
1680679591234328111,0,30,0,30
1680679591236300338,0,30,0,30
1680679591238247918,0,30,0,30
1680679591240115039,0,30,0,30
1680679591242068500,0,30,0,30
1680679591243978907,0,30,0,30
1680679591245944664,0,30,0,30
1680679591247775203,0,30,0,30
1680679591249674641,0,30,0,30
1680679591251418836,0,30,0,30
1680679591253232641,0,30,0,30
1680679591255035607,0,30,0,30
1680679591256808482,0,30,0,30
1680679591258739168,0,30,0,30
1680679591260654978,0,30,0,30
1680679591262544813,0,30,0,30
1680679591264490298,0,30,0,30
1680679591266467497,0,30,0,30
1680679591268354872,0,30,0,30
1680679591270174258,0,30,0,30
1680679591272096308,0,30,0,30
1680679591273952694,0,30,0,30
1680679591275986596,0,30,0,30
1680679591277781942,0,30,0,30
1680679591279664081,0,30,0,30
1680679591281428559,0,30,0,30
1680679591283398465,0,30,0,30
1680679591285133938,0,30,0,30
1680679591286872200,0,30,0,30
1680679591288793194,0,30,0,30
1680679591290685649,0,30,0,30
1680679591292634771,0,30,0,30
1680679591294532250,0,30,0,30
1680679591296529153,0,30,0,30
1680679591298419777,0,30,0,30
1680679591300303761,0,30,0,30
1680679591302115042,0,30,0,30
1680679591304072021,0,30,0,30
1680679591306010103,0,30,0,30
1680679591307912922,0,30,0,30
1680679591309775240,0,30,0,30
1680679591311648158,0,30,0,30
1680679591313453744,0,30,0,30
1680679591315256394,0,30,0,30
1680679591316999772,0,30,0,30
1680679591318928950,0,30,0,30
1680679591320808909,0,30,0,30
1680679591322611151,0,30,0,30
1680679591324458968,0,30,0,30
1680679591326331154,0,30,0,30
1680679591328214281,0,30,0,30
1680679591330020110,0,30,0,30
1680679591331804987,0,30,0,30
1680679591333658151,0,30,0,30
1680679591335601354,0,30,0,30
1680679591337379601,0,30,0,30
1680679591339116513,0,30,0,30
1680679591340980467,0,30,0,30
1680679591342818238,0,30,0,30
1680679591344744850,0,30,0,30
1680679591346689849,0,30,0,30
1680679591348586040,0,30,0,30
1680679591350411258,0,30,0,30
1680679591352306620,0,30,0,30
1680679591354139202,0,30,0,30
1680679591356012145,0,30,0,30
1680679591357933982,0,30,0,30
1680679591359753265,0,30,0,30
1680679591361574495,0,30,0,30
1680679591363594753,0,30,0,30
1680679591365373698,0,30,0,30
1680679591367286302,0,30,0,30
1680679591369106871,0,30,0,30
1680679591370971674,0,30,0,30
1680679591372818168,0,30,0,30
1680679591374735858,0,30,0,30
1680679591376652377,0,30,0,30
1680679591378398150,0,30,0,30
1680679591380292372,0,30,0,30
1680679591382093422,0,30,0,30
1680679591384005779,0,30,0,30
1680679591385935987,0,30,0,30
1680679591387835633,0,30,0,30
1680679591389680392,0,30,0,30
1680679591391609849,0,30,0,30
1680679591393396708,0,30,0,30
1680679591395278142,0,30,0,30
1680679591397190524,0,30,0,30
1680679591399068443,0,30,0,30
1680679591400809309,0,30,0,30
1680679591402733939,0,30,0,30
1680679591404569133,0,30,0,30
1680679591406509567,0,30,0,30
1680679591408402053,0,30,0,30
1680679591410176923,0,30,0,30
1680679591412072245,0,30,0,30
1680679591413902443,0,30,0,30
1680679591415925530,0,30,0,30
1680679591417886212,0,30,0,30
1680679591419776395,0,30,0,30
1680679591421693257,0,30,0,30
1680679591423632568,0,30,0,30
1680679591425533445,0,30,0,30
1680679591427564521,0,30,0,30
1680679591429281458,0,30,0,30
1680679591431170056,0,30,0,30
1680679591432940378,0,30,0,30
1680679591434637193,0,30,0,30
1680679591436560938,0,30,0,30
1680679591438486764,0,30,0,30
1680679591440364403,0,30,0,30
1680679591442312871,0,30,0,30
1680679591444208447,0,30,0,30
1680679591446109082,0,30,0,30
1680679591448033968,0,30,0,30
1680679591449923006,0,30,0,30
1680679591451730952,0,30,0,30
1680679591453623938,0,30,0,30
1680679591455509220,0,30,0,30
1680679591457373946,0,30,0,30
1680679591459170652,0,30,0,30
1680679591461072691,0,30,0,30
1680679591462876788,0,30,0,30
1680679591464818520,0,30,0,30
1680679591466644266,0,30,0,30
1680679591468551147,0,30,0,30
1680679591470374009,0,30,0,30
1680679591472297019,0,30,0,30
1680679591474269359,0,30,0,30
1680679591476064695,0,30,0,30
1680679591477926174,0,30,0,30
1680679591479796676,0,30,0,30
1680679591495009018,0,30,0,30
1680679591497065097,0,30,0,30
1680679591499040896,0,30,0,30
1680679591500956718,0,30,0,30
1680679591502951980,0,30,0,30
1680679591504907147,0,30,0,30
1680679591506978790,0,30,0,30
1680679591508910070,0,30,0,30
1680679591510851227,0,30,0,30
1680679591512708498,0,30,0,30
1680679591514503829,0,30,0,30
1680679591516433970,0,30,0,30
1680679591518196109,0,30,0,30
1680679591520118762,0,30,0,30
1680679591521947787,0,30,0,30
1680679591523888006,0,30,0,30
1680679591525775060,0,30,0,30
1680679591527992679,0,30,0,30
1680679591529996000,0,30,0,30
1680679591531847912,0,30,0,30
1680679591533789366,0,30,0,30
1680679591535672193,0,30,0,30
1680679591537596007,0,30,0,30
1680679591539519057,0,30,0,30
1680679591541299297,0,30,0,30
1680679591543330450,0,30,0,30
1680679591545206140,0,30,0,30
1680679591547041302,0,30,0,30
1680679591549112470,0,30,0,30
1680679591550894859,0,30,0,30
1680679591552811835,0,30,0,30
1680679591554690155,0,30,0,30
1680679591556479565,0,30,0,30
1680679591558341328,0,30,0,30
1680679591560217900,0,30,0,30
1680679591562009385,0,30,0,30
1680679591563923779,0,30,0,30
1680679591565798678,0,30,0,30
1680679591567849799,0,30,0,30
1680679591569807909,0,30,0,30
1680679591571734676,0,30,0,30
1680679591573685458,0,30,0,30
1680679591575555716,0,30,0,30
1680679591577372196,0,30,0,30
1680679591579192972,0,30,0,30
1680679591580948514,0,30,0,30
1680679591582841720,0,30,0,30
1680679591584683777,0,30,0,30
1680679591586495504,0,30,0,30
1680679591588434987,0,30,0,30
1680679591590446052,0,30,0,30
1680679591592439342,0,30,0,30
1680679591594356776,0,30,0,30
1680679591596381210,0,30,0,30
1680679591598169842,0,30,0,30
1680679591599954805,0,30,0,30
1680679591601732624,0,30,0,30
1680679591603531128,0,30,0,30
1680679591605311370,0,30,0,30
1680679591607080411,0,30,0,30
1680679591608824000,0,30,0,30
1680679591610560577,0,30,0,30
1680679591612347328,0,30,0,30
1680679591614108579,0,30,0,30
1680679591615831559,0,30,0,30
1680679591617609734,0,30,0,30
1680679591619436833,0,30,0,30
1680679591621222723,0,30,0,30
1680679591623025820,0,30,0,30
1680679591624852818,0,30,0,30
1680679591626704953,0,30,0,30
1680679591628511597,0,30,0,30
1680679591630699912,0,30,0,30
1680679591632522948,0,30,0,30
1680679591634356304,0,30,0,30
1680679591636176485,0,30,0,30
1680679591637968989,0,30,0,30
1680679591639757319,0,30,0,30
1680679591641546156,0,30,0,30
1680679591643348253,0,30,0,30
1680679591645192549,0,30,0,30
1680679591647170809,0,30,0,30
1680679591648988143,0,30,0,30
1680679591650818359,0,30,0,30
1680679591652647911,0,30,0,30
1680679591666714625,0,30,0,30
1680679591668697249,0,30,0,30
1680679591670697618,0,30,0,30
1680679591672693050,0,30,0,30
1680679591674620939,0,30,0,30
1680679591676574765,0,30,0,30
1680679591678982970,0,30,0,30
1680679591680923604,0,30,0,30
1680679591682810730,0,30,0,30
1680679591684668686,0,30,0,30
1680679591686468305,0,30,0,30
1680679591688269627,0,30,0,30
1680679591690058953,0,30,0,30
1680679591691856445,0,30,0,30
1680679591693662121,0,30,0,30
1680679591695556339,0,30,0,30
1680679591697591755,0,30,0,30
1680679591699519513,0,30,0,30
1680679591769609459,0,30,0,30
1680679591836472839,0,30,0,30
1680679591838588983,0,30,0,30
1680679591840335589,0,30,0,30
1680679591860088400,0,30,0,30
1680679591863065244,0,30,0,30
1680679591864811529,0,30,0,30
1680679591866695310,0,30,0,30
1680679591868598594,0,30,0,30
1680679591870478532,0,30,0,30
1680679591872357166,0,30,0,30
1680679591874282708,0,30,0,30
1680679591876136787,0,30,0,30
1680679591878118009,0,30,0,30
1680679591879952579,0,30,0,30
1680679591881927190,0,30,0,30
1680679591883847832,0,30,0,30
1680679591885705041,0,30,0,30
1680679591887479044,0,30,0,30
1680679591889245986,0,30,0,30
1680679591891067544,0,30,0,30
1680679591892947430,0,30,0,30
1680679591894780597,0,30,0,30
1680679591896751443,0,30,0,30
1680679591898682665,0,30,0,30
1680679591900555607,0,30,0,30
1680679591902525317,0,30,0,30
1680679591904326120,0,30,0,30
1680679591906321714,0,30,0,30
1680679591908164714,0,30,0,30
1680679591910018827,0,30,0,30
1680679591911785028,0,30,0,30
1680679591913757038,0,30,0,30
1680679591915646813,0,30,0,30
1680679591917583352,0,30,0,30
1680679591919462282,0,30,0,30
1680679591921281139,0,30,0,30
1680679591923138289,0,30,0,30
1680679591924915344,0,30,0,30
1680679591926807546,0,30,0,30
1680679591928682140,0,30,0,30
1680679591930503740,0,30,0,30
1680679591932449314,0,30,0,30
1680679591934377759,0,30,0,30
1680679591936219217,0,30,0,30
1680679591938166631,0,30,0,30
1680679591940015866,0,30,0,30
1680679591941947698,0,30,0,30
1680679591943875504,0,30,0,30
1680679591945766145,0,30,0,30
1680679591947722330,0,30,0,30
1680679591949582545,0,30,0,30
1680679591951427855,0,30,0,30
1680679591953223241,0,30,0,30
1680679591955061999,0,30,0,30
1680679591957005820,0,30,0,30
1680679591958771413,0,30,0,30
1680679591960631705,0,30,0,30
1680679591962498967,0,30,0,30
1680679591964451286,0,30,0,30
1680679591966464492,0,30,0,30
1680679591968491424,0,30,0,30
1680679591983904950,0,30,0,30
1680679591985961616,0,30,0,30
1680679591988055283,0,30,0,30
1680679591990072822,0,30,0,30
1680679591991954081,0,30,0,30
1680679591993910923,0,30,0,30
1680679591995875609,0,30,0,30
1680679591997833172,0,30,0,30
1680679591999771394,0,30,0,30
1680679592001634924,0,30,0,30
1680679592003417995,0,30,0,30
1680679592005199603,0,30,0,30
1680679592006974022,0,30,0,30
1680679592008816536,0,30,0,30
1680679592010641732,0,30,0,30
1680679592012420628,0,30,0,30
1680679592014414210,0,30,0,30
1680679592016303963,0,30,0,30
1680679592018142489,0,30,0,30
1680679592019975733,0,30,0,30
1680679592021948700,0,30,0,30
1680679592023819222,0,30,0,30
1680679592025672943,0,30,0,30
1680679592027639070,0,30,0,30
1680679592029516696,0,30,0,30
1680679592031372358,0,30,0,30
1680679592033250339,0,30,0,30
1680679592035062725,0,30,0,30
1680679592036809529,0,30,0,30
1680679592038687662,0,30,0,30
1680679592040500921,0,30,0,30
1680679592042441503,0,30,0,30
1680679592044322393,0,30,0,30
1680679592046400700,0,30,0,30
1680679592048322154,0,30,0,30
1680679592050218181,0,30,0,30
1680679592052054907,0,30,0,30
1680679592054035147,0,30,0,30
1680679592055814759,0,30,0,30
1680679592057703318,0,30,0,30
1680679592059622528,0,30,0,30
1680679592061376292,0,30,0,30
1680679592063194687,0,30,0,30
1680679592065003149,0,30,0,30
1680679592066971528,0,30,0,30
1680679592068818486,0,30,0,30
1680679592070761317,0,30,0,30
1680679592072631763,0,30,0,30
1680679592074653996,0,30,0,30
1680679592076396427,0,30,0,30
1680679592078307602,0,30,0,30
1680679592080185281,0,30,0,30
1680679592082020309,0,30,0,30
1680679592083903871,0,30,0,30
1680679592085766481,0,30,0,30
1680679592087608044,0,30,0,30
1680679592089444192,0,30,0,30
1680679592091353852,0,30,0,30
1680679592093190884,0,30,0,30
1680679592095121156,0,30,0,30
1680679592096967943,0,30,0,30
1680679592098741509,0,30,0,30
1680679592100648787,0,30,0,30
1680679592102463973,0,30,0,30
1680679592104352223,0,30,0,30
1680679592106248762,0,30,0,30
1680679592108268208,0,30,0,30
1680679592110113452,0,30,0,30
1680679592112041411,0,30,0,30
1680679592113931571,0,30,0,30
1680679592115877446,0,30,0,30
1680679592117706639,0,30,0,30
1680679592119563809,0,30,0,30
1680679592121353788,0,30,0,30
1680679592123190309,0,30,0,30
1680679592124995547,0,30,0,30
1680679592126938515,0,30,0,30
1680679592128818159,0,30,0,30
1680679592130613605,0,30,0,30
1680679592132526140,0,30,0,30
1680679592134398466,0,30,0,30
1680679592136246313,0,30,0,30
1680679592138122414,0,30,0,30
1680679592140049993,0,30,0,30
1680679592141887499,0,30,0,30
1680679592143717097,0,30,0,30
1680679592145536051,0,30,0,30
1680679592147390070,0,30,0,30
1680679592149260762,0,30,0,30
1680679592151177481,0,30,0,30
1680679592153003788,0,30,0,30
1680679592154931962,0,30,0,30
1680679592156835276,0,30,0,30
1680679592158775758,0,30,0,30
1680679592160548215,0,30,0,30
1680679592162303850,0,30,0,30
1680679592164178236,0,30,0,30
1680679592166096890,0,30,0,30
1680679592167863257,0,30,0,30
1680679592169724057,0,30,0,30
1680679592171646513,0,30,0,30
1680679592173443215,0,30,0,30
1680679592175349481,0,30,0,30
1680679592177178571,0,30,0,30
1680679592179115515,0,30,0,30
1680679592180812459,0,30,0,30
1680679592182645510,0,30,0,30
1680679592184435119,0,30,0,30
1680679592186354942,0,30,0,30
1680679592188172596,0,30,0,30
1680679592190149042,0,30,0,30
1680679592192022752,0,30,0,30
1680679592193989923,0,30,0,30
1680679592195842073,0,30,0,30
1680679592197780980,0,30,0,30
1680679592199621553,0,30,0,30
1680679592201425079,0,30,0,30
1680679592203279809,0,30,0,30
1680679592205064027,0,30,0,30
1680679592207025154,0,30,0,30
1680679592208891987,0,30,0,30
1680679592210694850,0,30,0,30
1680679592212532756,0,30,0,30
1680679592214434162,0,30,0,30
1680679592216359421,0,30,0,30
1680679592218290895,0,30,0,30
1680679592220148804,0,30,0,30
1680679592221972687,0,30,0,30
1680679592223798457,0,30,0,30
1680679592225732467,0,30,0,30
1680679592227580029,0,30,0,30
1680679592229393266,0,30,0,30
1680679592231210461,0,30,0,30
1680679592233016811,0,30,0,30
1680679592234970682,0,30,0,30
1680679592236820380,0,30,0,30
1680679592238740730,0,30,0,30
1680679592240597537,0,30,0,30
1680679592242541383,0,30,0,30
1680679592244369453,0,30,0,30
1680679592246418832,0,30,0,30
1680679592248198013,0,30,0,30
1680679592250093611,0,30,0,30
1680679592251850509,0,30,0,30
1680679592253784884,0,30,0,30
1680679592255729547,0,30,0,30
1680679592257659268,0,30,0,30
1680679592259555367,0,30,0,30
1680679592261380455,0,30,0,30
1680679592263175943,0,30,0,30
1680679592264979592,0,30,0,30
1680679592266843039,0,30,0,30
1680679592268625343,0,30,0,30
1680679592270538919,0,30,0,30
1680679592272370193,0,30,0,30
1680679592274338456,0,30,0,30
1680679592276286098,0,30,0,30
1680679592278220252,0,30,0,30
1680679592280180739,0,30,0,30
1680679592282077905,0,30,0,30
1680679592284015775,0,30,0,30
1680679592285844600,0,30,0,30
1680679592287788771,0,30,0,30
1680679592289583954,0,30,0,30
1680679592291485208,0,30,0,30
1680679592293250754,0,30,0,30
1680679592295155272,0,30,0,30
1680679592296939716,0,30,0,30
1680679592298891675,0,30,0,30
1680679592300791139,0,30,0,30
1680679592302684445,0,30,0,30
1680679592304572619,0,30,0,30
1680679592306517918,0,30,0,30
1680679592308450339,0,30,0,30
1680679592310301718,0,30,0,30
1680679592312206564,0,30,0,30
1680679592314043650,0,30,0,30
1680679592315957684,0,30,0,30
1680679592317787803,0,30,0,30
1680679592319689077,0,30,0,30
1680679592321451771,0,30,0,30
1680679592323245733,0,30,0,30
1680679592324965870,0,30,0,30
1680679592326792892,0,30,0,30
1680679592328776971,0,30,0,30
1680679592330637699,0,30,0,30
1680679592332564451,0,30,0,30
1680679592334471842,0,30,0,30
1680679592336400280,0,30,0,30
1680679592338289298,0,30,0,30
1680679592340210345,0,30,0,30
1680679592342040643,0,30,0,30
1680679592343950522,0,30,0,30
1680679592345806635,0,30,0,30
1680679592347791822,0,30,0,30
1680679592349774108,0,30,0,30
1680679592351662047,0,30,0,30
1680679592353408400,0,30,0,30
1680679592355242119,0,30,0,30
1680679592357107896,0,30,0,30
1680679592358946746,0,30,0,30
1680679592360808965,0,30,0,30
1680679592362732035,0,30,0,30
1680679592364577010,0,30,0,30
1680679592366402152,0,30,0,30
1680679592368268117,0,30,0,30
1680679592370239104,0,30,0,30
1680679592372055081,0,30,0,30
1680679592373997088,0,30,0,30
1680679592375959289,0,30,0,30
1680679592377925175,0,30,0,30
1680679592379811371,0,30,0,30
1680679592381735410,0,30,0,30
1680679592383636269,0,30,0,30
1680679592385409830,0,30,0,30
1680679592387215980,0,30,0,30
1680679592389187682,0,30,0,30
1680679592391001793,0,30,0,30
1680679592392825106,0,30,0,30
1680679592394791953,0,30,0,30
1680679592396657711,0,30,0,30
1680679592398657522,0,30,0,30
1680679592400544279,0,30,0,30
1680679592402387154,0,30,0,30
1680679592404259660,0,30,0,30
1680679592406073646,0,30,0,30
1680679592408004620,0,30,0,30
1680679592409747665,0,30,0,30
1680679592411465744,0,30,0,30
1680679592413350174,0,30,0,30
1680679592415210504,0,30,0,30
1680679592417038018,0,30,0,30
1680679592418897512,0,30,0,30
1680679592420818733,0,30,0,30
1680679592422765113,0,30,0,30
1680679592424597707,0,30,0,30
1680679592426444149,0,30,0,30
1680679592428201755,0,30,0,30
1680679592430148517,0,30,0,30
1680679592431916019,0,30,0,30
1680679592433678200,0,30,0,30
1680679592435458874,0,30,0,30
1680679592437289553,0,30,0,30
1680679592439122363,0,30,0,30
1680679592441037469,0,30,0,30
1680679592442918415,0,30,0,30
1680679592444775883,0,30,0,30
1680679592446776128,0,30,0,30
1680679592448695107,0,30,0,30
1680679592450563601,0,30,0,30
1680679592452415754,0,30,0,30
1680679592454383721,0,30,0,30
1680679592456269428,0,30,0,30
1680679592458195953,0,30,0,30
1680679592460056384,0,30,0,30
1680679592461926862,0,30,0,30
1680679592463830988,0,30,0,30
1680679592465665685,0,30,0,30
1680679592467617524,0,30,0,30
1680679592469415275,0,30,0,30
1680679592471188105,0,30,0,30
1680679592472925042,0,30,0,30
1680679592474752080,0,30,0,30
1680679592476660770,0,30,0,30
1680679592478533241,0,30,0,30
1680679592480453086,0,30,0,30
1680679592482356485,0,30,0,30
1680679592484272564,0,30,0,30
1680679592486155478,0,30,0,30
1680679592488161624,0,30,0,30
1680679592490016254,0,30,0,30
1680679592491918226,0,30,0,30
1680679592493762377,0,30,0,30
1680679592495723090,0,30,0,30
1680679592497552039,0,30,0,30
1680679592499452189,0,30,0,30
1680679592501212022,0,30,0,30
1680679592502958005,0,30,0,30
1680679592504809275,0,30,0,30
1680679592506634807,0,30,0,30
1680679592508472459,0,30,0,30
1680679592510278441,0,30,0,30
1680679592512164624,0,30,0,30
1680679592514106390,0,30,0,30
1680679592515992239,0,30,0,30
1680679592517906466,0,30,0,30
1680679592519786216,0,30,0,30
1680679592521680483,0,30,0,30
1680679592523515461,0,30,0,30
1680679592525404861,0,30,0,30
1680679592527230693,0,30,0,30
1680679592529118777,0,30,0,30
1680679592530845258,0,30,0,30
1680679592532628711,0,30,0,30
1680679592534473950,0,30,0,30
1680679592536396964,0,30,0,30
1680679592538263753,0,30,0,30
1680679592540098728,0,30,0,30
1680679592542015958,0,30,0,30
1680679592543908981,0,30,0,30
1680679592545879131,0,30,0,30
1680679592547783749,0,30,0,30
1680679592549817175,0,30,0,30
1680679592551625068,0,30,0,30
1680679592553540440,0,30,0,30
1680679592555386395,0,30,0,30
1680679592557100414,0,30,0,30
1680679592558885514,0,30,0,30
1680679592560685876,0,30,0,30
1680679592562581678,0,30,0,30
1680679592564515780,0,30,0,30
1680679592566493851,0,30,0,30
1680679592568351775,0,30,0,30
1680679592570213555,0,30,0,30
1680679592572144823,0,30,0,30
1680679592573995644,0,30,0,30
1680679592575824193,0,30,0,30
1680679592577727144,0,30,0,30
1680679592579551698,0,30,0,30
1680679592581460981,0,30,0,30
1680679592583310402,0,30,0,30
1680679592585138186,0,30,0,30
1680679592587046430,0,30,0,30
1680679592588984271,0,30,0,30
1680679592590862071,0,30,0,30
1680679592592690549,0,30,0,30
1680679592594631464,0,30,0,30
1680679592596428341,0,30,0,30
1680679592598228848,0,30,0,30
1680679592599913307,0,30,0,30
1680679592601742463,0,30,0,30
1680679592603537665,0,30,0,30
1680679592605380559,0,30,0,30
1680679592607183029,0,30,0,30
1680679592608965972,0,30,0,30
1680679592610758328,0,30,0,30
1680679592612693639,0,30,0,30
1680679592614552770,0,30,0,30
1680679592616504662,0,30,0,30
1680679592618456674,0,30,0,30
1680679592620310349,0,30,0,30
1680679592622229007,0,30,0,30
1680679592624171561,0,30,0,30
1680679592626007099,0,30,0,30
1680679592627967086,0,30,0,30
1680679592629850256,0,30,0,30
1680679592631753314,0,30,0,30
1680679592633559372,0,30,0,30
1680679592635433146,0,30,0,30
1680679592637304238,0,30,0,30
1680679592639161018,0,30,0,30
1680679592640975408,0,30,0,30
1680679592642904703,0,30,0,30
1680679592644775749,0,30,0,30
1680679592646743991,0,30,0,30
1680679592648557835,0,30,0,30
1680679592650478447,0,30,0,30
1680679592652275894,0,30,0,30
1680679592654110224,0,30,0,30
1680679592656064020,0,30,0,30
1680679592657980308,0,30,0,30
1680679592659914651,0,30,0,30
1680679592661775901,0,30,0,30
1680679592663935456,0,30,0,30
1680679592665906199,0,30,0,30
1680679592667736784,0,30,0,30
1680679592669625495,0,30,0,30
1680679592671527789,0,30,0,30
1680679592673296864,0,30,0,30
1680679592675228034,0,30,0,30
1680679592677015955,0,30,0,30
1680679592678995822,0,30,0,30
1680679592680860588,0,30,0,30
1680679592682834266,0,30,0,30
1680679592684805400,0,30,0,30
1680679592686649575,0,30,0,30
1680679592688605465,0,30,0,30
1680679592690429660,0,30,0,30
1680679592692248338,0,30,0,30
1680679592694164728,0,30,0,30
1680679592696028638,0,30,0,30
1680679592697977332,0,30,0,30
1680679592699858844,0,30,0,30
1680679592701801837,0,30,0,30
1680679592703692507,0,30,0,30
1680679592705648454,0,30,0,30
1680679592707572080,0,30,0,30
1680679592709568215,0,30,0,30
1680679592711363369,0,30,0,30
1680679592713111441,0,30,0,30
1680679592714846268,0,30,0,30
1680679592716742950,0,30,0,30
1680679592718742297,0,30,0,30
1680679592720648751,0,30,0,30
1680679592722606486,0,30,0,30
1680679592724470420,0,30,0,30
1680679592726350710,0,30,0,30
1680679592728228400,0,30,0,30
1680679592730136502,0,30,0,30
1680679592732057309,0,30,0,30
1680679592733916019,0,30,0,30
1680679592735719815,0,30,0,30
1680679592737609435,0,30,0,30
1680679592739500125,0,30,0,30
1680679592741327581,0,30,0,30
1680679592743092834,0,30,0,30
1680679592744809667,0,30,0,30
1680679592746708481,0,30,0,30
1680679592748572052,0,30,0,30
1680679592750606622,0,30,0,30
1680679592752482388,0,30,0,30
1680679592754434297,0,30,0,30
1680679592756336113,0,30,0,30
1680679592758391248,0,30,0,30
1680679592760269221,0,30,0,30
1680679592762092215,0,30,0,30
1680679592763844937,0,30,0,30
1680679592765728701,0,30,0,30
1680679592767637018,0,30,0,30
1680679592769394479,0,30,0,30
1680679592771307382,0,30,0,30
1680679592773133982,0,30,0,30
1680679592774928999,0,30,0,30
1680679592776798036,0,30,0,30
1680679592778843195,0,30,0,30
1680679592780760002,0,30,0,30
1680679592782727004,0,30,0,30
1680679592784539350,0,30,0,30
1680679592786469220,0,30,0,30
1680679592788358478,0,30,0,30
1680679592790302373,0,30,0,30
1680679592792128967,0,30,0,30
1680679592794002897,0,30,0,30
1680679592795851087,0,30,0,30
1680679592797793938,0,30,0,30
1680679592799662539,0,30,0,30
1680679592801595522,0,30,0,30
1680679592803431224,0,30,0,30
1680679592805192946,0,30,0,30
1680679592806983535,0,30,0,30
1680679592808818136,0,30,0,30
1680679592810717308,0,30,0,30
1680679592812542586,0,30,0,30
1680679592814431100,0,30,0,30
1680679592816351910,0,30,0,30
1680679592818258761,0,30,0,30
1680679592820195074,0,30,0,30
1680679592822085221,0,30,0,30
1680679592823917035,0,30,0,30
1680679592825824018,0,30,0,30
1680679592827710952,0,30,0,30
1680679592829630414,0,30,0,30
1680679592831438696,0,30,0,30
1680679592833218089,0,30,0,30
1680679592834947288,0,30,0,30
1680679592836808966,0,30,0,30
1680679592838752460,0,30,0,30
1680679592840539402,0,30,0,30
1680679592842272721,0,30,0,30
1680679592844104618,0,30,0,30
1680679592845967440,0,30,0,30
1680679592847840754,0,30,0,30
1680679592850009310,0,30,0,30
1680679592851941024,0,30,0,30
1680679592853797890,0,30,0,30
1680679592855773831,0,30,0,30
1680679592857521090,0,30,0,30
1680679592859403290,0,30,0,30
1680679592861180947,0,30,0,30
1680679592863003022,0,30,0,30
1680679592864812761,0,30,0,30
1680679592866711799,0,30,0,30
1680679592868598448,0,30,0,30
1680679592870633458,0,30,0,30
1680679592872791189,0,30,0,30
1680679592874723783,0,30,0,30
1680679592876621918,0,30,0,30
1680679592878517799,0,30,0,30
1680679592880365832,0,30,0,30
1680679592882264444,0,30,0,30
1680679592884039384,0,30,0,30
1680679592886119340,0,30,0,30
1680679592888109956,0,30,0,30
1680679592890090373,0,30,0,30
1680679592892115436,0,30,0,30
1680679592894065055,0,30,0,30
1680679592896021217,0,30,0,30
1680679592897899490,0,30,0,30
1680679592899794761,0,30,0,30
1680679592901651542,0,30,0,30
1680679592903478618,0,30,0,30
1680679592905259316,0,30,0,30
1680679592906967694,0,30,0,30
1680679592908924239,0,30,0,30
1680679592910882006,0,30,0,30
1680679592912820620,0,30,0,30
1680679592914677527,0,30,0,30
1680679592916643909,0,30,0,30
1680679592918550727,0,30,0,30
1680679592920413213,0,30,0,30
1680679592922167206,0,30,0,30
1680679592923876303,0,30,0,30
1680679592925622523,0,30,0,30
1680679592927496795,0,30,0,30
1680679592929350859,0,30,0,30
1680679592931178549,0,30,0,30
1680679592933016839,0,30,0,30
1680679592934904381,0,30,0,30
1680679592936817856,0,30,0,30
1680679592938797626,0,30,0,30
1680679592940615260,0,30,0,30
1680679592942467466,0,30,0,30
1680679592944278137,0,30,0,30
1680679592946209729,0,30,0,30
1680679592948106987,0,30,0,30
1680679592949969220,0,30,0,30
1680679592952059814,0,30,0,30
1680679592954226879,0,30,0,30
1680679592956218664,0,30,0,30
1680679592958195304,0,30,0,30
1680679592960127253,0,30,0,30
1680679592962027229,0,30,0,30
1680679592963963835,0,30,0,30
1680679592965897956,0,30,0,30
1680679592967932221,0,30,0,30
1680679592969813193,0,30,0,30
1680679592971689255,0,30,0,30
1680679592973577073,0,30,0,30
1680679592975543995,0,30,0,30
1680679592977539306,0,30,0,30
1680679592979652859,0,30,0,30
1680679592981590285,0,30,0,30
1680679592984076909,0,30,0,30
1680679592986064506,0,30,0,30
1680679592988037840,0,30,0,30
1680679592990083448,0,30,0,30
1680679592992085130,0,30,0,30
1680679592994081413,0,30,0,30
1680679592996052263,0,30,0,30
1680679592998032560,0,30,0,30
1680679593000894789,0,30,0,30
1680679593002782710,0,30,0,30
1680679593004743942,0,30,0,30
1680679593006640778,0,30,0,30
1680679593008688189,0,30,0,30
1680679593010776253,0,30,0,30
1680679593012667858,0,30,0,30
1680679593014635997,0,30,0,30
1680679593017537750,0,30,0,30
1680679593019641237,0,30,0,30
1680679593021570367,0,30,0,30
1680679593091479677,0,30,0,30
1680679593156553168,0,30,0,30
1680679593158629524,0,30,0,30
1680679593160365122,0,30,0,30
1680679593162055455,0,30,0,30
1680679593163740499,0,30,0,30
1680679593165398525,0,30,0,30
1680679593167014807,0,30,0,30
1680679593168743052,0,30,0,30
1680679593170487494,0,30,0,30
1680679593172337089,0,30,0,30
1680679593174218615,0,30,0,30
1680679593176057389,0,30,0,30
1680679593177887482,0,30,0,30
1680679593179817585,0,30,0,30
1680679593181631005,0,30,0,30
1680679593183618114,0,30,0,30
1680679593185370897,0,30,0,30
1680679593187133563,0,30,0,30
1680679593189002555,0,30,0,30
1680679593190806557,0,30,0,30
1680679593192609687,0,30,0,30
1680679593194408833,0,30,0,30
1680679593196319480,0,30,0,30
1680679593198191602,0,30,0,30
1680679593200169888,0,30,0,30
1680679593202046038,0,30,0,30
1680679593203955568,0,30,0,30
1680679593205825192,0,30,0,30
1680679593207722697,0,30,0,30
1680679593209602652,0,30,0,30
1680679593211502301,0,30,0,30
1680679593213254935,0,30,0,30
1680679593215116634,0,30,0,30
1680679593216955784,0,30,0,30
1680679593218883882,0,30,0,30
1680679593220792153,0,30,0,30
1680679593222705203,0,30,0,30
1680679593224549677,0,30,0,30
1680679593226501243,0,30,0,30
1680679593228386905,0,30,0,30
1680679593230336159,0,30,0,30
1680679593232272646,0,30,0,30
1680679593234142424,0,30,0,30
1680679593236063863,0,30,0,30
1680679593238053037,0,30,0,30
1680679593240029324,0,30,0,30
1680679593241926938,0,30,0,30
1680679593243749536,0,30,0,30
1680679593245572556,0,30,0,30
1680679593247489668,0,30,0,30
1680679593249336270,0,30,0,30
1680679593251185684,0,30,0,30
1680679593253063359,0,30,0,30
1680679593254979653,0,30,0,30
1680679593256812451,0,30,0,30
1680679593258727665,0,30,0,30
1680679593260611931,0,30,0,30
1680679593262567118,0,30,0,30
1680679593264413146,0,30,0,30
1680679593266350045,0,30,0,30
1680679593268205469,0,30,0,30
1680679593270146571,0,30,0,30
1680679593271984805,0,30,0,30
1680679593273895811,0,30,0,30
1680679593275744143,0,30,0,30
1680679593277623647,0,30,0,30
1680679593279405677,0,30,0,30
1680679593281206783,0,30,0,30
1680679593283113733,0,30,0,30
1680679593284959166,0,30,0,30
1680679593286898778,0,30,0,30
1680679593288809132,0,30,0,30
1680679593290774805,0,30,0,30
1680679593292658059,0,30,0,30
1680679593294416707,0,30,0,30
1680679593296332898,0,30,0,30
1680679593298180655,0,30,0,30
1680679593300097114,0,30,0,30
1680679593301936684,0,30,0,30
1680679593303720557,0,30,0,30
1680679593305655849,0,30,0,30
1680679593307524990,0,30,0,30
1680679593309440309,0,30,0,30
1680679593311374309,0,30,0,30
1680679593313153805,0,30,0,30
1680679593315059715,0,30,0,30
1680679593316862271,0,30,0,30
1680679593318711999,0,30,0,30
1680679593320539993,0,30,0,30
1680679593322466828,0,30,0,30
1680679593324305629,0,30,0,30
1680679593326216200,0,30,0,30
1680679593328031006,0,30,0,30
1680679593330015480,0,30,0,30
1680679593331836366,0,30,0,30
1680679593333740249,0,30,0,30
1680679593335598443,0,30,0,30
1680679593337440540,0,30,0,30
1680679593339208883,0,30,0,30
1680679593341096771,0,30,0,30
1680679593342945907,0,30,0,30
1680679593344767469,0,30,0,30
1680679593346674279,0,30,0,30
1680679593348510177,0,30,0,30
1680679593350537796,0,30,0,30
1680679593352413654,0,30,0,30
1680679593354381001,0,30,0,30
1680679593356244567,0,30,0,30
1680679593358098197,0,30,0,30
1680679593359999519,0,30,0,30
1680679593361854754,0,30,0,30
1680679593363813712,0,30,0,30
1680679593365637400,0,30,0,30
1680679593367564613,0,30,0,30
1680679593369390699,0,30,0,30
1680679593371195437,0,30,0,30
1680679593372898798,0,30,0,30
1680679593374654868,0,30,0,30
1680679593376521618,0,30,0,30
1680679593378401492,0,30,0,30
1680679593380332706,0,30,0,30
1680679593382213561,0,30,0,30
1680679593384126599,0,30,0,30
1680679593385965233,0,30,0,30
1680679593387900451,0,30,0,30
1680679593389751753,0,30,0,30
1680679593391701720,0,30,0,30
1680679593393473531,0,30,0,30
1680679593395361956,0,30,0,30
1680679593397424571,0,30,0,30
1680679593399253489,0,30,0,30
1680679593401155167,0,30,0,30
1680679593402966725,0,30,0,30
1680679593404809296,0,30,0,30
1680679593406647082,0,30,0,30
1680679593408541861,0,30,0,30
1680679593410378165,0,30,0,30
1680679593412235071,0,30,0,30
1680679593414021746,0,30,0,30
1680679593415913587,0,30,0,30
1680679593417776490,0,30,0,30
1680679593419703149,0,30,0,30
1680679593421592171,0,30,0,30
1680679593423540841,0,30,0,30
1680679593425365495,0,30,0,30
1680679593427274301,0,30,0,30
1680679593429104818,0,30,0,30
1680679593430926302,0,30,0,30
1680679593432775908,0,30,0,30
1680679593434648029,0,30,0,30
1680679593436489652,0,30,0,30
1680679593438350558,0,30,0,30
1680679593440287605,0,30,0,30
1680679593442084302,0,30,0,30
1680679593443932858,0,30,0,30
1680679593445831970,0,30,0,30
1680679593447639688,0,30,0,30
1680679593449391554,0,30,0,30
1680679593451405929,0,30,0,30
1680679593453274287,0,30,0,30
1680679593455094880,0,30,0,30
1680679593456852707,0,30,0,30
1680679593458715104,0,30,0,30
1680679593460509065,0,30,0,30
1680679593462385057,0,30,0,30
1680679593464234963,0,30,0,30
1680679593466239617,0,30,0,30
1680679593468102856,0,30,0,30
1680679593470103266,0,30,0,30
1680679593472002686,0,30,0,30
1680679593473931594,0,30,0,30
1680679593475691041,0,30,0,30
1680679593477588354,0,30,0,30
1680679593479390117,0,30,0,30
1680679593481267301,0,30,0,30
1680679593483042965,0,30,0,30
1680679593484882543,0,30,0,30
1680679593486779045,0,30,0,30
1680679593488699360,0,30,0,30
1680679593490640254,0,30,0,30
1680679593492553785,0,30,0,30
1680679593494467567,0,30,0,30
1680679593496353017,0,30,0,30
1680679593498223687,0,30,0,30
1680679593500058953,0,30,0,30
1680679593501983496,0,30,0,30
1680679593503788853,0,30,0,30
1680679593505687912,0,30,0,30
1680679593507651582,0,30,0,30
1680679593509564181,0,30,0,30
1680679593511565703,0,30,0,30
1680679593513436669,0,30,0,30
1680679593515354819,0,30,0,30
1680679593517171546,0,30,0,30
1680679593518987896,0,30,0,30
1680679593520902124,0,30,0,30
1680679593522645212,0,30,0,30
1680679593524471953,0,30,0,30
1680679593526252089,0,30,0,30
1680679593528180178,0,30,0,30
1680679593530098104,0,30,0,30
1680679593532034187,0,30,0,30
1680679593533914405,0,30,0,30
1680679593535842339,0,30,0,30
1680679593537773686,0,30,0,30
1680679593539593119,0,30,0,30
1680679593541451898,0,30,0,30
1680679593543265624,0,30,0,30
1680679593544999737,0,30,0,30
1680679593546930936,0,30,0,30
1680679593548821853,0,30,0,30
1680679593550629336,0,30,0,30
1680679593552558027,0,30,0,30
1680679593554423088,0,30,0,30
1680679593556336458,0,30,0,30
1680679593558146121,0,30,0,30
1680679593559966795,0,30,0,30
1680679593561904145,0,30,0,30
1680679593563733340,0,30,0,30
1680679593565640805,0,30,0,30
1680679593567571746,0,30,0,30
1680679593569417166,0,30,0,30
1680679593571238796,0,30,0,30
1680679593573071089,0,30,0,30
1680679593575036692,0,30,0,30
1680679593576867713,0,30,0,30
1680679593578671864,0,30,0,30
1680679593580547319,0,30,0,30
1680679593582417593,0,30,0,30
1680679593584344143,0,30,0,30
1680679593586172953,0,30,0,30
1680679593588049975,0,30,0,30
1680679593590081586,0,30,0,30
1680679593591970648,0,30,0,30
1680679593593858734,0,30,0,30
1680679593595786797,0,30,0,30
1680679593597698735,0,30,0,30
1680679593599576862,0,30,0,30
1680679593601366570,0,30,0,30
1680679593603197878,0,30,0,30
1680679593604959936,0,30,0,30
1680679593606843637,0,30,0,30
1680679593608697332,0,30,0,30
1680679593610661534,0,30,0,30
1680679593612487454,0,30,0,30
1680679593614342492,0,30,0,30
1680679593616199572,0,30,0,30
1680679593618090874,0,30,0,30
1680679593619977151,0,30,0,30
1680679593621769442,0,30,0,30
1680679593623683616,0,30,0,30
1680679593625517563,0,30,0,30
1680679593627428554,0,30,0,30
1680679593629336604,0,30,0,30
1680679593631173361,0,30,0,30
1680679593632898688,0,30,0,30
1680679593634798367,0,30,0,30
1680679593636627444,0,30,0,30
1680679593638495232,0,30,0,30
1680679593640307916,0,30,0,30
1680679593642236442,0,30,0,30
1680679593644113724,0,30,0,30
1680679593646070466,0,30,0,30
1680679593647917597,0,30,0,30
1680679593649883924,0,30,0,30
1680679593651856674,0,30,0,30
1680679593653677140,0,30,0,30
1680679593655597414,0,30,0,30
1680679593657626948,0,30,0,30
1680679593659410686,0,30,0,30
1680679593661320665,0,30,0,30
1680679593663130351,0,30,0,30
1680679593664985494,0,30,0,30
1680679593667059072,0,30,0,30
1680679593668885206,0,30,0,30
1680679593670888317,0,30,0,30
1680679593672684659,0,30,0,30
1680679593674617502,0,30,0,30
1680679593676377755,0,30,0,30
1680679593678311881,0,30,0,30
1680679593680100795,0,30,0,30
1680679593682125428,0,30,0,30
1680679593683963347,0,30,0,30
1680679593685886478,0,30,0,30
1680679593687779328,0,30,0,30
1680679593689734627,0,30,0,30
1680679593691701241,0,30,0,30
1680679593693510292,0,30,0,30
1680679593695438226,0,30,0,30
1680679593697191424,0,30,0,30
1680679593698987270,0,30,0,30
1680679593700794243,0,30,0,30
1680679593702731113,0,30,0,30
1680679593704566115,0,30,0,30
1680679593706486696,0,30,0,30
1680679593708331757,0,30,0,30
1680679593710253354,0,30,0,30
1680679593712258798,0,30,0,30
1680679593714024731,0,30,0,30
1680679593715914273,0,30,0,30
1680679593717784612,0,30,0,30
1680679593719645683,0,30,0,30
1680679593721418959,0,30,0,30
1680679593723247226,0,30,0,30
1680679593725081247,0,30,0,30
1680679593726941233,0,30,0,30
1680679593728808157,0,30,0,30
1680679593730779234,0,30,0,30
1680679593732742068,0,30,0,30
1680679593734551727,0,30,0,30
1680679593736373949,0,30,0,30
1680679593738329707,0,30,0,30
1680679593740152877,0,30,0,30
1680679593741933999,0,30,0,30
1680679593743888886,0,30,0,30
1680679593745734195,0,30,0,30
1680679593747673098,0,30,0,30
1680679593749534684,0,30,0,30
1680679593751485978,0,30,0,30
1680679593753296196,0,30,0,30
1680679593755176162,0,30,0,30
1680679593756968248,0,30,0,30
1680679593758821931,0,30,0,30
1680679593760763209,0,30,0,30
1680679593762569111,0,30,0,30
1680679593764448006,0,30,0,30
1680679593766394688,0,30,0,30
1680679593768272208,0,30,0,30
1680679593770097975,0,30,0,30
1680679593772103202,0,30,0,30
1680679593773971073,0,30,0,30
1680679593775875011,0,30,0,30
1680679593777698393,0,30,0,30
1680679593779616363,0,30,0,30
1680679593781454885,0,30,0,30
1680679593783177195,0,30,0,30
1680679593784985317,0,30,0,30
1680679593786931176,0,30,0,30
1680679593788819274,0,30,0,30
1680679593790784716,0,30,0,30
1680679593792744438,0,30,0,30
1680679593794571492,0,30,0,30
1680679593796459198,0,30,0,30
1680679593798380012,0,30,0,30
1680679593800288044,0,30,0,30
1680679593802122586,0,30,0,30
1680679593803960903,0,30,0,30
1680679593805907122,0,30,0,30
1680679593807741575,0,30,0,30
1680679593809488865,0,30,0,30
1680679593811359297,0,30,0,30
1680679593813123102,0,30,0,30
1680679593814938023,0,30,0,30
1680679593816817734,0,30,0,30
1680679593818815688,0,30,0,30
1680679593820788171,0,30,0,30
1680679593822751889,0,30,0,30
1680679593824650408,0,30,0,30
1680679593826617352,0,30,0,30
1680679593828439776,0,30,0,30
1680679593830409339,0,30,0,30
1680679593832286997,0,30,0,30
1680679593834201255,0,30,0,30
1680679593835991705,0,30,0,30
1680679593837935259,0,30,0,30
1680679593839819501,0,30,0,30
1680679593841827196,0,30,0,30
1680679593843714554,0,30,0,30
1680679593845665348,0,30,0,30
1680679593847557287,0,30,0,30
1680679593849423828,0,30,0,30
1680679593851266247,0,30,0,30
1680679593853020249,0,30,0,30
1680679593854931093,0,30,0,30
1680679593856776792,0,30,0,30
1680679593858711016,0,30,0,30
1680679593860651990,0,30,0,30
1680679593862559209,0,30,0,30
1680679593864435199,0,30,0,30
1680679593866378789,0,30,0,30
1680679593868206019,0,30,0,30
1680679593870102289,0,30,0,30
1680679593871891387,0,30,0,30
1680679593873708061,0,30,0,30
1680679593875570972,0,30,0,30
1680679593877436974,0,30,0,30
1680679593879256484,0,30,0,30
1680679593881076514,0,30,0,30
1680679593882964971,0,30,0,30
1680679593884802249,0,30,0,30
1680679593886598523,0,30,0,30
1680679593888533474,0,30,0,30
1680679593890426548,0,30,0,30
1680679593892431715,0,30,0,30
1680679593894303701,0,30,0,30
1680679593896156787,0,30,0,30
1680679593898042974,0,30,0,30
1680679593899918624,0,30,0,30
1680679593901741290,0,30,0,30
1680679593903652488,0,30,0,30
1680679593905405881,0,30,0,30
1680679593907291084,0,30,0,30
1680679593909119179,0,30,0,30
1680679593910972892,0,30,0,30
1680679593912916515,0,30,0,30
1680679593914783688,0,30,0,30
1680679593916618155,0,30,0,30
1680679593918488015,0,30,0,30
1680679593920418596,0,30,0,30
1680679593922282837,0,30,0,30
1680679593924134944,0,30,0,30
1680679593926007296,0,30,0,30
1680679593927799128,0,30,0,30
1680679593929696005,0,30,0,30
1680679593931620613,0,30,0,30
1680679593933450886,0,30,0,30
1680679593935233816,0,30,0,30
1680679593936987466,0,30,0,30
1680679593938868858,0,30,0,30
1680679593940620994,0,30,0,30
1680679593942538217,0,30,0,30
1680679593944432574,0,30,0,30
1680679593946325522,0,30,0,30
1680679593948266343,0,30,0,30
1680679593950203558,0,30,0,30
1680679593952179221,0,30,0,30
1680679593953988814,0,30,0,30
1680679593955868392,0,30,0,30
1680679593957675823,0,30,0,30
1680679593959608789,0,30,0,30
1680679593961363526,0,30,0,30
1680679593963209377,0,30,0,30
1680679593965012935,0,30,0,30
1680679593966883065,0,30,0,30
1680679593968765943,0,30,0,30
1680679593970620155,0,30,0,30
1680679593972620410,0,30,0,30
1680679593974578850,0,30,0,30
1680679593976393826,0,30,0,30
1680679593978160790,0,30,0,30
1680679593979958127,0,30,0,30
1680679593981826050,0,30,0,30
1680679593983754249,0,30,0,30
1680679593985571286,0,30,0,30
1680679593987453292,0,30,0,30
1680679593989280958,0,30,0,30
1680679593991080988,0,30,0,30
1680679593992812726,0,30,0,30
1680679593994766420,0,30,0,30
1680679593996638793,0,30,0,30
1680679593998554269,0,30,0,30
1680679594000436971,0,30,0,30
1680679594002466202,0,30,0,30
1680679594004312024,0,30,0,30
1680679594006235643,0,30,0,30
1680679594008053704,0,30,0,30
1680679594010035551,0,30,0,30
1680679594011904622,0,30,0,30
1680679594013855332,0,30,0,30
1680679594015716766,0,30,0,30
1680679594017599332,0,30,0,30
1680679594019391758,0,30,0,30
1680679594021235722,0,30,0,30
1680679594023127654,0,30,0,30
1680679594024858336,0,30,0,30
1680679594026679202,0,30,0,30
1680679594028488051,0,30,0,30
1680679594030448443,0,30,0,30
1680679594032310085,0,30,0,30
1680679594034268703,0,30,0,30
1680679594036109038,0,30,0,30
1680679594037923243,0,30,0,30
1680679594039886029,0,30,0,30
1680679594041726664,0,30,0,30
1680679594043625726,0,30,0,30
1680679594045390476,0,30,0,30
1680679594047303500,0,30,0,30
1680679594049149046,0,30,0,30
1680679594051096386,0,30,0,30
1680679594052951599,0,30,0,30
1680679594054892542,0,30,0,30
1680679594056743051,0,30,0,30
1680679594058643591,0,30,0,30
1680679594060444382,0,30,0,30
1680679594062327276,0,30,0,30
1680679594064226062,0,30,0,30
1680679594066080496,0,30,0,30
1680679594067880910,0,30,0,30
1680679594069771312,0,30,0,30
1680679594071688510,0,30,0,30
1680679594073536054,0,30,0,30
1680679594075334180,0,30,0,30
1680679594077172328,0,30,0,30
1680679594079009970,0,30,0,30
1680679594080810757,0,30,0,30
1680679594082703263,0,30,0,30
1680679594084617789,0,30,0,30
1680679594086476051,0,30,0,30
1680679594088397735,0,30,0,30
1680679594090242836,0,30,0,30
1680679594092155614,0,30,0,30
1680679594094055544,0,30,0,30
1680679594095879815,0,30,0,30
1680679594097788596,0,30,0,30
1680679594099671786,0,30,0,30
1680679594101550202,0,30,0,30
1680679594103303399,0,30,0,30
1680679594105158429,0,30,0,30
1680679594106941983,0,30,0,30
1680679594108742581,0,30,0,30
1680679594110795457,0,30,0,30
1680679594112794714,0,30,0,30
1680679594114671452,0,30,0,30
1680679594116619594,0,30,0,30
1680679594118483824,0,30,0,30
1680679594120389421,0,30,0,30
1680679594122274889,0,30,0,30
1680679594124072007,0,30,0,30
1680679594125901298,0,30,0,30
1680679594127834140,0,30,0,30
1680679594129621794,0,30,0,30
1680679594131626624,0,30,0,30
1680679594133431458,0,30,0,30
1680679594135251218,0,30,0,30
1680679594137067926,0,30,0,30
1680679594138935080,0,30,0,30
1680679594140811178,0,30,0,30
1680679594142666860,0,30,0,30
1680679594144578135,0,30,0,30
1680679594146372589,0,30,0,30
1680679594148126802,0,30,0,30
1680679594149925608,0,30,0,30
1680679594151867035,0,30,0,30
1680679594153782201,0,30,0,30
1680679594155629911,0,30,0,30
1680679594157457390,0,30,0,30
1680679594159247687,0,30,0,30
1680679594161118921,0,30,0,30
1680679594162916167,0,30,0,30
1680679594170256239,0,30,0,30
1680679594172255932,0,30,0,30
1680679594174247928,0,30,0,30
1680679594176248911,0,30,0,30
1680679594178223818,0,30,0,30
1680679594180232806,0,30,0,30
1680679594182281039,0,30,0,30
1680679594184028261,0,30,0,30
1680679594185913791,0,30,0,30
1680679594187755861,0,30,0,30
1680679594189849280,0,30,0,30
1680679594192145944,0,30,0,30
1680679594194032442,0,30,0,30
1680679594195976616,0,30,0,30
1680679594197853257,0,30,0,30
1680679594199944729,0,30,0,30
1680679594201918372,0,30,0,30
1680679594203864182,0,30,0,30
1680679594205877663,0,30,0,30
1680679594207785184,0,30,0,30
1680679594209597173,0,30,0,30
1680679594211551744,0,30,0,30
1680679594213561202,0,30,0,30
1680679594215509333,0,30,0,30
1680679594217335139,0,30,0,30
1680679594219343370,0,30,0,30
1680679594221156934,0,30,0,30
1680679594223077086,0,30,0,30
1680679594224930043,0,30,0,30
1680679594226687202,0,30,0,30
1680679594228584933,0,30,0,30
1680679594230415424,0,30,0,30
1680679594232279624,0,30,0,30
1680679594234220882,0,30,0,30
1680679594236097429,0,30,0,30
1680679594238036379,0,30,0,30
1680679594239926403,0,30,0,30
1680679594241900008,0,30,0,30
1680679594243856303,0,30,0,30
1680679594245729184,0,30,0,30
1680679594247634163,0,30,0,30
1680679594249385685,0,30,0,30
1680679594251282707,0,30,0,30
1680679594253124587,0,30,0,30
1680679594254844703,0,30,0,30
1680679594256698505,0,30,0,30
1680679594258651550,0,30,0,30
1680679594260515798,0,30,0,30
1680679594262515004,0,30,0,30
1680679594264396196,0,30,0,30
1680679594266272692,0,30,0,30
1680679594268125382,0,30,0,30
1680679594270043573,0,30,0,30
1680679594272059407,0,30,0,30
1680679594274082753,0,30,0,30
1680679594275977820,0,30,0,30
1680679594277935710,0,30,0,30
1680679594279933869,0,30,0,30
1680679594281846543,0,30,0,30
1680679594283783322,0,30,0,30
1680679594285744503,0,30,0,30
1680679594287805441,0,30,0,30
1680679594289837960,0,30,0,30
1680679594291821753,0,30,0,30
1680679594293871795,0,30,0,30
1680679594295925199,0,30,0,30
1680679594297916016,0,30,0,30
1680679594299897093,0,30,0,30
1680679594302093954,0,30,0,30
1680679594304581447,0,30,0,30
1680679594306444304,0,30,0,30
1680679594308325361,0,30,0,30
1680679594310344708,0,30,0,30
1680679594312252224,0,30,0,30
1680679594314204688,0,30,0,30
1680679594316170033,0,30,0,30
1680679594318122336,0,30,0,30
1680679594320843895,0,30,0,30
1680679594322780846,0,30,0,30
1680679594324687501,0,30,0,30
1680679594326635803,0,30,0,30
1680679594328608181,0,30,0,30
1680679594330618709,0,30,0,30
1680679594340116192,0,30,0,30
1680679594342335948,0,30,0,30
1680679594344426246,0,30,0,30
1680679594346548905,0,30,0,30
1680679594349097615,0,30,0,30
1680679594351669394,0,30,0,30
1680679594420681877,0,30,0,30
1680679594490354687,0,30,0,30
1680679594492559954,0,30,0,30
1680679594494656061,0,30,0,30
1680679594496706656,0,30,0,30
1680679594498663079,0,30,0,30
1680679594500730903,0,30,0,30
1680679594502663160,0,30,0,30
1680679594504589267,0,30,0,30
1680679594506519597,0,30,0,30
1680679594508382111,0,30,0,30
1680679594510355408,0,30,0,30
1680679594512157603,0,30,0,30
1680679594514020938,0,30,0,30
1680679594515918228,0,30,0,30
1680679594517900798,0,30,0,30
1680679594519785533,0,30,0,30
1680679594521686827,0,30,0,30
1680679594523579937,0,30,0,30
1680679594525349530,0,30,0,30
1680679594527175665,0,30,0,30
1680679594528971099,0,30,0,30
1680679594530894534,0,30,0,30
1680679594532774877,0,30,0,30
1680679594534592333,0,30,0,30
1680679594536496159,0,30,0,30
1680679594538389718,0,30,0,30
1680679594540291412,0,30,0,30
1680679594542137270,0,30,0,30
1680679594543950388,0,30,0,30
1680679594545903372,0,30,0,30
1680679594547743729,0,30,0,30
1680679594549644075,0,30,0,30
1680679594551654562,0,30,0,30
1680679594553565048,0,30,0,30
1680679594555507537,0,30,0,30
1680679594557331723,0,30,0,30
1680679594559222907,0,30,0,30
1680679594561036980,0,30,0,30
1680679594562864223,0,30,0,30
1680679594564630005,0,30,0,30
1680679594566583467,0,30,0,30
1680679594568409910,0,30,0,30
1680679594570316395,0,30,0,30
1680679594572391037,0,30,0,30
1680679594574312226,0,30,0,30
1680679594576243043,0,30,0,30
1680679594578237370,0,30,0,30
1680679594580191046,0,30,0,30
1680679594582071044,0,30,0,30
1680679594584005772,0,30,0,30
1680679594585859122,0,30,0,30
1680679594587711948,0,30,0,30
1680679594589624447,0,30,0,30
1680679594591454341,0,30,0,30
1680679594593365575,0,30,0,30
1680679594595194469,0,30,0,30
1680679594596945148,0,30,0,30
1680679594598808956,0,30,0,30
1680679594600673328,0,30,0,30
1680679594602571486,0,30,0,30
1680679594604502264,0,30,0,30
1680679594606413543,0,30,0,30
1680679594608269725,0,30,0,30
1680679594610215375,0,30,0,30
1680679594612110756,0,30,0,30
1680679594613964911,0,30,0,30
1680679594615869890,0,30,0,30
1680679594617753962,0,30,0,30
1680679594619695986,0,30,0,30
1680679594621561180,0,30,0,30
1680679594623583379,0,30,0,30
1680679594625340609,0,30,0,30
1680679594627130819,0,30,0,30
1680679594628989919,0,30,0,30
1680679594630858031,0,30,0,30
1680679594632811177,0,30,0,30
1680679594634919636,0,30,0,30
1680679594636898331,0,30,0,30
1680679594639034518,0,30,0,30
1680679594641001140,0,30,0,30
1680679594642990551,0,30,0,30
1680679594644809529,0,30,0,30
1680679594646863796,0,30,0,30
1680679594648669470,0,30,0,30
1680679594668119574,0,30,0,30
1680679594670144924,0,30,0,30
1680679594672181505,0,30,0,30
1680679594674192841,0,30,0,30
1680679594676157300,0,30,0,30
1680679594678153489,0,30,0,30
1680679594680097057,0,30,0,30
1680679594681993056,0,30,0,30
1680679594683810554,0,30,0,30
1680679594685908667,0,30,0,30
1680679594687742738,0,30,0,30
1680679594689577099,0,30,0,30
1680679594691415263,0,30,0,30
1680679594693289917,0,30,0,30
1680679594695100527,0,30,0,30
1680679594696889119,0,30,0,30
1680679594698683555,0,30,0,30
1680679594700582801,0,30,0,30
1680679594702489179,0,30,0,30
1680679594704427746,0,30,0,30
1680679594706318852,0,30,0,30
1680679594708220767,0,30,0,30
1680679594710038812,0,30,0,30
1680679594711938978,0,30,0,30
1680679594713823093,0,30,0,30
1680679594715737955,0,30,0,30
1680679594717571921,0,30,0,30
1680679594719356835,0,30,0,30
1680679594721226178,0,30,0,30
1680679594723078524,0,30,0,30
1680679594724883865,0,30,0,30
1680679594726811735,0,30,0,30
1680679594728683266,0,30,0,30
1680679594730639848,0,30,0,30
1680679594732466378,0,30,0,30
1680679594734419749,0,30,0,30
1680679594736297731,0,30,0,30
1680679594738077412,0,30,0,30
1680679594739979591,0,30,0,30
1680679594741910581,0,30,0,30
1680679594743848512,0,30,0,30
1680679594745800662,0,30,0,30
1680679594747653096,0,30,0,30
1680679594749604635,0,30,0,30
1680679594751473929,0,30,0,30
1680679594753259487,0,30,0,30
1680679594755035537,0,30,0,30
1680679594756893139,0,30,0,30
1680679594758749480,0,30,0,30
1680679594760601024,0,30,0,30
1680679594762414233,0,30,0,30
1680679594764354624,0,30,0,30
1680679594766246198,0,30,0,30
1680679594768171546,0,30,0,30
1680679594770080599,0,30,0,30
1680679594772020660,0,30,0,30
1680679594773899886,0,30,0,30
1680679594775793653,0,30,0,30
1680679594777743419,0,30,0,30
1680679594779589181,0,30,0,30
1680679594781401762,0,30,0,30
1680679594783377523,0,30,0,30
1680679594785144104,0,30,0,30
1680679594786954818,0,30,0,30
1680679594788790928,0,30,0,30
1680679594790705900,0,30,0,30
1680679594792532292,0,30,0,30
1680679594794605563,0,30,0,30
1680679594796495305,0,30,0,30
1680679594798390372,0,30,0,30
1680679594800334330,0,30,0,30
1680679594802218908,0,30,0,30
1680679594804198803,0,30,0,30
1680679594806021201,0,30,0,30
1680679594807918251,0,30,0,30
1680679594809756865,0,30,0,30
1680679594811602147,0,30,0,30
1680679594813457566,0,30,0,30
1680679594815288232,0,30,0,30
1680679594817141515,0,30,0,30
1680679594818919211,0,30,0,30
1680679594820856461,0,30,0,30
1680679594822775571,0,30,0,30
1680679594824613354,0,30,0,30
1680679594826523696,0,30,0,30
1680679594828326458,0,30,0,30
1680679594830252636,0,30,0,30
1680679594832091075,0,30,0,30
1680679594834026275,0,30,0,30
1680679594835972576,0,30,0,30
1680679594837877906,0,30,0,30
1680679594839809912,0,30,0,30
1680679594841785407,0,30,0,30
1680679594843654725,0,30,0,30
1680679594845598463,0,30,0,30
1680679594847421569,0,30,0,30
1680679594849178085,0,30,0,30
1680679594850985539,0,30,0,30
1680679594852785750,0,30,0,30
1680679594854811598,0,30,0,30
1680679594856668712,0,30,0,30
1680679594858626006,0,30,0,30
1680679594860574657,0,30,0,30
1680679594862502251,0,30,0,30
1680679594864398029,0,30,0,30
1680679594866336222,0,30,0,30
1680679594868192441,0,30,0,30
1680679594870080636,0,30,0,30
1680679594871934535,0,30,0,30
1680679594873763424,0,30,0,30
1680679594875648991,0,30,0,30
1680679594877392633,0,30,0,30
1680679594879258534,0,30,0,30
1680679594881101613,0,30,0,30
1680679594882933398,0,30,0,30
1680679594884742096,0,30,0,30
1680679594886648663,0,30,0,30
1680679594888518433,0,30,0,30
1680679594890473811,0,30,0,30
1680679594892340142,0,30,0,30
1680679594894341268,0,30,0,30
1680679594896166518,0,30,0,30
1680679594898101252,0,30,0,30
1680679594899937711,0,30,0,30
1680679594901821653,0,30,0,30
1680679594903769644,0,30,0,30
1680679594905625736,0,30,0,30
1680679594907405732,0,30,0,30
1680679594909289793,0,30,0,30
1680679594911126490,0,30,0,30
1680679594912897325,0,30,0,30
1680679594914951196,0,30,0,30
1680679594916859898,0,30,0,30
1680679594918739340,0,30,0,30
1680679594920696567,0,30,0,30
1680679594922551862,0,30,0,30
1680679594924442039,0,30,0,30
1680679594926378598,0,30,0,30
1680679594928205968,0,30,0,30
1680679594930002390,0,30,0,30
1680679594931896044,0,30,0,30
1680679594933714374,0,30,0,30
1680679594935609225,0,30,0,30
1680679594937366722,0,30,0,30
1680679594939194031,0,30,0,30
1680679594940962054,0,30,0,30
1680679594942908289,0,30,0,30
1680679594944809774,0,30,0,30
1680679594946631927,0,30,0,30
1680679594948541575,0,30,0,30
1680679594950426917,0,30,0,30
1680679594952239320,0,30,0,30
1680679594954210534,0,30,0,30
1680679594956035524,0,30,0,30
1680679594957949964,0,30,0,30
1680679594959777098,0,30,0,30
1680679594961757115,0,30,0,30
1680679594963707349,0,30,0,30
1680679594965608587,0,30,0,30
1680679594967563109,0,30,0,30
1680679594969381191,0,30,0,30
1680679594971226266,0,30,0,30
1680679594973023408,0,30,0,30
1680679594974849273,0,30,0,30
1680679594976766516,0,30,0,30
1680679594978566306,0,30,0,30
1680679594980505988,0,30,0,30
1680679594982358379,0,30,0,30
1680679594984295917,0,30,0,30
1680679594986165795,0,30,0,30
1680679594988043109,0,30,0,30
1680679594989968768,0,30,0,30
1680679594991817774,0,30,0,30
1680679594993764482,0,30,0,30
1680679594995666090,0,30,0,30
1680679594997395840,0,30,0,30
1680679594999176722,0,30,0,30
1680679595001152271,0,30,0,30
1680679595002897573,0,30,0,30
1680679595004792712,0,30,0,30
1680679595006741093,0,30,0,30
1680679595008712041,0,30,0,30
1680679595010639683,0,30,0,30
1680679595012546210,0,30,0,30
1680679595014488176,0,30,0,30
1680679595016395119,0,30,0,30
1680679595018218717,0,30,0,30
1680679595020127504,0,30,0,30
1680679595021974885,0,30,0,30
1680679595023922562,0,30,0,30
1680679595025834282,0,30,0,30
1680679595027756055,0,30,0,30
1680679595029572674,0,30,0,30
1680679595031510532,0,30,0,30
1680679595033324362,0,30,0,30
1680679595035337794,0,30,0,30
1680679595037073315,0,30,0,30
1680679595038929999,0,30,0,30
1680679595040771772,0,30,0,30
1680679595042672657,0,30,0,30
1680679595044522485,0,30,0,30
1680679595046335670,0,30,0,30
1680679595048268916,0,30,0,30
1680679595050123014,0,30,0,30
1680679595051998035,0,30,0,30
1680679595053939970,0,30,0,30
1680679595055843996,0,30,0,30
1680679595057720223,0,30,0,30
1680679595059496628,0,30,0,30
1680679595061358967,0,30,0,30
1680679595063146729,0,30,0,30
1680679595064934214,0,30,0,30
1680679595066732777,0,30,0,30
1680679595068649451,0,30,0,30
1680679595070544061,0,30,0,30
1680679595072516384,0,30,0,30
1680679595074579187,0,30,0,30
1680679595076484141,0,30,0,30
1680679595078314447,0,30,0,30
1680679595080144755,0,30,0,30
1680679595081941251,0,30,0,30
1680679595083846373,0,30,0,30
1680679595085780668,0,30,0,30
1680679595087691046,0,30,0,30
1680679595089663924,0,30,0,30
1680679595091546314,0,30,0,30
1680679595093383469,0,30,0,30
1680679595095331852,0,30,0,30
1680679595097246751,0,30,0,30
1680679595099050199,0,30,0,30
1680679595100939903,0,30,0,30
1680679595102712347,0,30,0,30
1680679595104557037,0,30,0,30
1680679595106457483,0,30,0,30
1680679595108333450,0,30,0,30
1680679595110262828,0,30,0,30
1680679595112142686,0,30,0,30
1680679595114038485,0,30,0,30
1680679595116016195,0,30,0,30
1680679595117907010,0,30,0,30
1680679595119819556,0,30,0,30
1680679595121672706,0,30,0,30
1680679595123587700,0,30,0,30
1680679595125355959,0,30,0,30
1680679595127084968,0,30,0,30
1680679595128930741,0,30,0,30
1680679595130867876,0,30,0,30
1680679595132754630,0,30,0,30
1680679595134731321,0,30,0,30
1680679595136703219,0,30,0,30
1680679595138615793,0,30,0,30
1680679595140450700,0,30,0,30
1680679595142241710,0,30,0,30
1680679595144191568,0,30,0,30
1680679595145970654,0,30,0,30
1680679595147875125,0,30,0,30
1680679595149740543,0,30,0,30
1680679595151695309,0,30,0,30
1680679595153537233,0,30,0,30
1680679595155555449,0,30,0,30
1680679595157384900,0,30,0,30
1680679595159286326,0,30,0,30
1680679595161052144,0,30,0,30
1680679595162968679,0,30,0,30
1680679595164817421,0,30,0,30
1680679595166664082,0,30,0,30
1680679595168423524,0,30,0,30
1680679595170382843,0,30,0,30
1680679595172269933,0,30,0,30
1680679595174222845,0,30,0,30
1680679595176084793,0,30,0,30
1680679595178043276,0,30,0,30
1680679595179901636,0,30,0,30
1680679595181814663,0,30,0,30
1680679595183678434,0,30,0,30
1680679595185521424,0,30,0,30
1680679595187489539,0,30,0,30
1680679595189291517,0,30,0,30
1680679595191095115,0,30,0,30
1680679595192813049,0,30,0,30
1680679595194773504,0,30,0,30
1680679595196596369,0,30,0,30
1680679595198369917,0,30,0,30
1680679595200270785,0,30,0,30
1680679595202242492,0,30,0,30
1680679595204216862,0,30,0,30
1680679595206101148,0,30,0,30
1680679595208051101,0,30,0,30
1680679595209916229,0,30,0,30
1680679595211840417,0,30,0,30
1680679595213607553,0,30,0,30
1680679595215533540,0,30,0,30
1680679595217295638,0,30,0,30
1680679595219074955,0,30,0,30
1680679595220957618,0,30,0,30
1680679595222968441,0,30,0,30
1680679595224809587,0,30,0,30
1680679595226759793,0,30,0,30
1680679595228640499,0,30,0,30
1680679595230562373,0,30,0,30
1680679595232491863,0,30,0,30
1680679595234334354,0,30,0,30
1680679595236348000,0,30,0,30
1680679595238126862,0,30,0,30
1680679595240020577,0,30,0,30
1680679595241894775,0,30,0,30
1680679595243857653,0,30,0,30
1680679595245738314,0,30,0,30
1680679595247684814,0,30,0,30
1680679595249563876,0,30,0,30
1680679595251509802,0,30,0,30
1680679595253423701,0,30,0,30
1680679595255318036,0,30,0,30
1680679595257038720,0,30,0,30
1680679595258942707,0,30,0,30
1680679595260807060,0,30,0,30
1680679595262603395,0,30,0,30
1680679595264608976,0,30,0,30
1680679595266510588,0,30,0,30
1680679595268454334,0,30,0,30
1680679595270315869,0,30,0,30
1680679595272274151,0,30,0,30
1680679595274106865,0,30,0,30
1680679595276086774,0,30,0,30
1680679595278014102,0,30,0,30
1680679595279794375,0,30,0,30
1680679595281731458,0,30,0,30
1680679595283553593,0,30,0,30
1680679595285381471,0,30,0,30
1680679595287202900,0,30,0,30
1680679595289036946,0,30,0,30
1680679595290920568,0,30,0,30
1680679595292808802,0,30,0,30
1680679595294674069,0,30,0,30
1680679595296533679,0,30,0,30
1680679595298476586,0,30,0,30
1680679595300300139,0,30,0,30
1680679595302172465,0,30,0,30
1680679595304135684,0,30,0,30
1680679595306009182,0,30,0,30
1680679595307936812,0,30,0,30
1680679595309824035,0,30,0,30
1680679595311777286,0,30,0,30
1680679595313661100,0,30,0,30
1680679595315660158,0,30,0,30
1680679595317435452,0,30,0,30
1680679595319322931,0,30,0,30
1680679595321108648,0,30,0,30
1680679595322964134,0,30,0,30
1680679595324885084,0,30,0,30
1680679595326758915,0,30,0,30
1680679595328627761,0,30,0,30
1680679595330524239,0,30,0,30
1680679595332456389,0,30,0,30
1680679595334328772,0,30,0,30
1680679595336332591,0,30,0,30
1680679595338274219,0,30,0,30
1680679595340088838,0,30,0,30
1680679595342034646,0,30,0,30
1680679595343840239,0,30,0,30
1680679595345762986,0,30,0,30
1680679595347640155,0,30,0,30
1680679595349529402,0,30,0,30
1680679595351483308,0,30,0,30
1680679595353299628,0,30,0,30
1680679595355283781,0,30,0,30
1680679595357093912,0,30,0,30
1680679595358879287,0,30,0,30
1680679595360734248,0,30,0,30
1680679595362688341,0,30,0,30
1680679595364529719,0,30,0,30
1680679595366465538,0,30,0,30
1680679595368299532,0,30,0,30
1680679595370152646,0,30,0,30
1680679595371954496,0,30,0,30
1680679595373881850,0,30,0,30
1680679595375736702,0,30,0,30
1680679595377647889,0,30,0,30
1680679595379600068,0,30,0,30
1680679595381434423,0,30,0,30
1680679595383241145,0,30,0,30
1680679595385174283,0,30,0,30
1680679595387108570,0,30,0,30
1680679595388931160,0,30,0,30
1680679595390844267,0,30,0,30
1680679595392654364,0,30,0,30
1680679595394602087,0,30,0,30
1680679595396539620,0,30,0,30
1680679595398456348,0,30,0,30
1680679595400245289,0,30,0,30
1680679595402205448,0,30,0,30
1680679595404064062,0,30,0,30
1680679595406002472,0,30,0,30
1680679595407827446,0,30,0,30
1680679595409753475,0,30,0,30
1680679595411573194,0,30,0,30
1680679595413411985,0,30,0,30
1680679595415177370,0,30,0,30
1680679595416889524,0,30,0,30
1680679595418720563,0,30,0,30
1680679595420860325,0,30,0,30
1680679595422770592,0,30,0,30
1680679595424712218,0,30,0,30
1680679595426590992,0,30,0,30
1680679595428510618,0,30,0,30
1680679595430395816,0,30,0,30
1680679595432296543,0,30,0,30
1680679595434120305,0,30,0,30
1680679595436060647,0,30,0,30
1680679595437880077,0,30,0,30
1680679595439736483,0,30,0,30
1680679595441604834,0,30,0,30
1680679595443548165,0,30,0,30
1680679595445420542,0,30,0,30
1680679595447290808,0,30,0,30
1680679595449100050,0,30,0,30
1680679595451023684,0,30,0,30
1680679595452798250,0,30,0,30
1680679595454636101,0,30,0,30
1680679595456554939,0,30,0,30
1680679595458421253,0,30,0,30
1680679595460270327,0,30,0,30
1680679595462217897,0,30,0,30
1680679595464154212,0,30,0,30
1680679595466088290,0,30,0,30
1680679595467956497,0,30,0,30
1680679595469911479,0,30,0,30
1680679595471809077,0,30,0,30
1680679595473735160,0,30,0,30
1680679595475616846,0,30,0,30
1680679595477513920,0,30,0,30
1680679595479349698,0,30,0,30
1680679595481173116,0,30,0,30
1680679595483084819,0,30,0,30
1680679595484997103,0,30,0,30
1680679595486862369,0,30,0,30
1680679595488750901,0,30,0,30
1680679595490624087,0,30,0,30
1680679595492546490,0,30,0,30
1680679595494344100,0,30,0,30
1680679595496387290,0,30,0,30
1680679595498161314,0,30,0,30
1680679595500054922,0,30,0,30
1680679595501902144,0,30,0,30
1680679595503800791,0,30,0,30
1680679595505800577,0,30,0,30
1680679595507713258,0,30,0,30
1680679595509626934,0,30,0,30
1680679595511602024,0,30,0,30
1680679595513443967,0,30,0,30
1680679595515237992,0,30,0,30
1680679595517122223,0,30,0,30
1680679595518947053,0,30,0,30
1680679595520707186,0,30,0,30
1680679595522803642,0,30,0,30
1680679595524815569,0,30,0,30
1680679595526692814,0,30,0,30
1680679595528628493,0,30,0,30
1680679595530556059,0,30,0,30
1680679595532509238,0,30,0,30
1680679595534403800,0,30,0,30
1680679595536419165,0,30,0,30
1680679595538389349,0,30,0,30
1680679595540284279,0,30,0,30
1680679595542220910,0,30,0,30
1680679595544275417,0,30,0,30
1680679595546256977,0,30,0,30
1680679595548077165,0,30,0,30
1680679595550006743,0,30,0,30
1680679595551886086,0,30,0,30
1680679595553991844,0,30,0,30
1680679595555898955,0,30,0,30
1680679595557712229,0,30,0,30
1680679595559618999,0,30,0,30
1680679595561475360,0,30,0,30
1680679595563272355,0,30,0,30
1680679595565250850,0,30,0,7
1680679595567138988,0,30,0,7
1680679595568960678,0,30,0,7
1680679595570845114,0,30,0,7
1680679595572747530,0,30,0,7
1680679595574600057,0,30,0,7
1680679595576537911,0,30,0,7
1680679595578452185,0,30,0,7
1680679595580287556,0,30,0,7
1680679595582134065,0,30,0,7
1680679595583901751,0,30,0,7
1680679595585876102,0,30,0,7
1680679595587796424,0,30,0,7
1680679595589733438,0,30,0,7
1680679595591707601,0,30,0,7
1680679595593608591,0,30,0,7
1680679595595555853,0,30,0,7
1680679595597390467,0,30,0,7
1680679595599158669,0,30,0,7
1680679595600952800,0,30,0,7
1680679595602802277,0,30,0,7
1680679595604819528,0,30,0,7
1680679595606883795,0,30,0,7
1680679595608834896,0,30,0,7
1680679595610775678,0,30,0,7
1680679595612726997,0,30,0,7
1680679595614701851,0,30,0,7
1680679595616789036,0,30,0,7
1680679595618772582,0,30,0,7
1680679595620835782,0,30,0,7
1680679595622747038,0,30,0,7
1680679595624646104,0,30,0,7
1680679595626593472,0,30,0,7
1680679595628523554,0,30,0,7
1680679595630527937,0,30,0,7
1680679595632531759,0,30,0,7
1680679595634475171,0,30,0,7
1680679595637238053,0,30,0,7
1680679595639209642,0,30,0,7
1680679595641113975,0,30,0,7
1680679595643035854,0,30,0,7
1680679595644940429,0,30,0,7
1680679595646838617,0,30,0,7
1680679595648722790,0,30,0,7
1680679595650613955,0,30,0,7
1680679595653559199,0,30,0,7
1680679595655668800,0,30,0,7
1680679595657663237,0,30,0,7
1680679595659573739,0,30,0,7
1680679595661556506,0,30,0,7
1680679595663769359,0,30,0,7
1680679595665996170,0,30,0,7
1680679595668135641,0,30,0,7
1680679595671042931,0,30,0,7
1680679595673121136,0,30,0,7
1680679595675112287,0,30,0,0
1680679595743141789,0,30,0,0
1680679595811372107,0,30,0,0
1680679595813375901,0,30,0,0
1680679595815375851,0,30,0,0
1680679595817513230,0,30,0,0
1680679595819891499,0,30,0,0
1680679595821896727,0,30,0,0
1680679595823814407,0,30,0,0
1680679595825672353,0,30,0,0
1680679595827566779,0,30,0,0
1680679595829321162,0,30,0,0
1680679595831031807,0,30,0,0
1680679595832871174,0,30,0,0
1680679595834667984,0,30,0,0
1680679595836658069,0,30,0,0
1680679595838528499,0,30,0,0
1680679595840476514,0,30,0,0
1680679595842356548,0,30,0,0
1680679595844252526,0,30,0,0
1680679595846140309,0,30,0,0
1680679595848070934,0,30,0,0
1680679595849942445,0,30,0,0
1680679595851798148,0,30,0,0
1680679595853665418,0,30,0,0
1680679595855599168,0,30,0,0
1680679595857427101,0,30,0,0
1680679595859162507,0,30,0,0
1680679595860915072,0,30,0,0
1680679595862658182,0,30,0,0
1680679595864502601,0,30,0,0
1680679595866492456,0,30,0,0
1680679595868376861,0,30,0,0
1680679595870342207,0,30,0,0
1680679595872197635,0,30,0,0
1680679595874117473,0,30,0,0
1680679595875945091,0,30,0,0
1680679595877913158,0,30,0,0
1680679595879725853,0,30,0,0
1680679595881647426,0,30,0,0
1680679595883498071,0,30,0,0
1680679595885402266,0,30,0,0
1680679595887237856,0,30,0,0
1680679595889083842,0,30,0,0
1680679595890947244,0,30,0,0
1680679595892809388,0,30,0,0
1680679595894738537,0,30,0,0
1680679595896793836,0,30,0,0
1680679595898660774,0,30,0,0
1680679595900568741,0,30,0,0
1680679595902360520,0,30,0,0
1680679595904323367,0,30,0,0
1680679595906192307,0,30,0,0
1680679595908109759,0,30,0,0
1680679595909945779,0,30,0,0
1680679595911799797,0,30,0,0
1680679595913726323,0,30,0,0
1680679595915548529,0,30,0,0
1680679595917581476,0,30,0,0
1680679595919417104,0,30,0,0
1680679595921292468,0,30,0,0
1680679595923133447,0,30,0,0
1680679595925028877,0,30,0,0
1680679595926914855,0,30,0,0
1680679595928771545,0,30,0,0
1680679595930697388,0,30,0,0
1680679595932537169,0,30,0,0
1680679595934377988,0,30,0,0
1680679595936192017,0,30,0,0
1680679595938170540,0,30,0,0
1680679595940050818,0,30,0,0
1680679595942017317,0,30,0,0
1680679595944028683,0,30,0,0
1680679595946032150,0,30,0,0
1680679595947891017,0,30,0,0
1680679595949607616,0,30,0,0
1680679595951417810,0,30,0,0
1680679595953178117,0,30,0,0
1680679595955080904,0,30,0,0
1680679595957022366,0,30,0,0
1680679595958984216,0,30,0,0
1680679595960809486,0,30,0,0
1680679595962762887,0,30,0,0
1680679595964665851,0,30,0,0
1680679595966632602,0,30,0,0
1680679595968574517,0,30,0,0
1680679595970383750,0,30,0,0
1680679595972297097,0,30,0,0
1680679595974131115,0,30,0,0
1680679595976070349,0,30,0,0
1680679595977953839,0,30,0,0
1680679595979900076,0,30,0,0
1680679595981794848,0,30,0,0
1680679595983739107,0,30,0,0
1680679595985740333,0,30,0,0
1680679595987654611,0,30,0,0
1680679595989555662,0,30,0,0
1680679595991485524,0,30,0,0
1680679595993262522,0,30,0,0
1680679595995047971,0,30,0,0
1680679595996811414,0,30,0,0
1680679595998711318,0,30,0,0
1680679596000581490,0,30,0,0
1680679596002517333,0,30,0,0
1680679596004417699,0,30,0,0
1680679596006424609,0,30,0,0
1680679596008307757,0,30,0,0
1680679596010272318,0,30,0,0
1680679596012070855,0,30,0,0
1680679596013991966,0,30,0,0
1680679596015833364,0,30,0,0
1680679596017820811,0,30,0,0
1680679596019667021,0,30,0,0
1680679596021639196,0,30,0,0
1680679596023604520,0,30,0,0
1680679596025416208,0,30,0,0
1680679596027240938,0,30,0,0
1680679596029072313,0,30,0,0
1680679596030981070,0,30,0,0
1680679596032812580,0,30,0,0
1680679596034739166,0,30,0,0
1680679596036587829,0,30,0,0
1680679596038453595,0,30,0,0
1680679596040258241,0,30,0,0
1680679596042219320,0,30,0,0
1680679596044190978,0,30,0,0
1680679596046174293,0,30,0,0
1680679596048080363,0,30,0,0
1680679596049982525,0,30,0,0
1680679596051943374,0,30,0,0
1680679596053763138,0,30,0,0
1680679596055651431,0,30,0,0
1680679596057442354,0,30,0,0
1680679596059212903,0,30,0,0
1680679596061073062,0,30,0,0
1680679596062802843,0,30,0,0
1680679596064733261,0,30,0,0
1680679596066682552,0,30,0,0
1680679596068633667,0,30,0,0
1680679596070528597,0,30,0,0
1680679596072474140,0,30,0,0
1680679596074375390,0,30,0,0
1680679596076265644,0,30,0,0
1680679596078146474,0,30,0,0
1680679596080041348,0,30,0,0
1680679596081875278,0,30,0,0
1680679596083787324,0,30,0,0
1680679596085736218,0,30,0,0
1680679596087653809,0,30,0,0
1680679596089527320,0,30,0,0
1680679596091287923,0,30,0,0
1680679596093133244,0,30,0,0
1680679596094953357,0,30,0,0
1680679596096886862,0,30,0,0
1680679596098793263,0,30,0,0
1680679596100767533,0,30,0,0
1680679596102636307,0,30,0,0
1680679596104571522,0,30,0,0
1680679596106619888,0,30,0,0
1680679596108364698,0,30,0,0
1680679596110271784,0,30,0,0
1680679596112088678,0,30,0,0
1680679596114025424,0,30,0,0
1680679596115872674,0,30,0,0
1680679596117969577,0,30,0,0
1680679596119872747,0,30,0,0
1680679596121849590,0,30,0,0
1680679596123762169,0,30,0,0
1680679596125712683,0,30,0,0
1680679596127566997,0,30,0,0
1680679596129383404,0,30,0,0
1680679596131191321,0,30,0,0
1680679596132921164,0,30,0,0
1680679596134668330,0,30,0,0
1680679596136431730,0,30,0,0
1680679596138419597,0,30,0,0
1680679596140259145,0,30,0,0
1680679596142207401,0,30,0,0
1680679596144144547,0,30,0,0
1680679596146108950,0,30,0,0
1680679596148055520,0,30,0,0
1680679596149891897,0,30,0,0
1680679596151810523,0,30,0,0
1680679596153649779,0,30,0,0
1680679596155574016,0,30,0,0
1680679596157404215,0,30,0,0
1680679596159235354,0,30,0,0
1680679596161146724,0,30,0,0
1680679596162990014,0,30,0,0
1680679596164946580,0,30,0,0
1680679596166892006,0,30,0,0
1680679596168818695,0,30,0,0
1680679596170585511,0,30,0,0
1680679596172491825,0,30,0,0
1680679596174341476,0,30,0,0
1680679596176241378,0,30,0,0
1680679596178192238,0,30,0,0
1680679596180131564,0,30,0,0
1680679596181982613,0,30,0,0
1680679596183967395,0,30,0,0
1680679596185954786,0,30,0,0
1680679596187819372,0,30,0,0
1680679596189743303,0,30,0,0
1680679596191600533,0,30,0,0
1680679596193331202,0,30,0,0
1680679596195201124,0,30,0,0
1680679596197063178,0,30,0,0
1680679596198857019,0,30,0,0
1680679596200809971,0,30,0,0
1680679596202673401,0,30,0,0
1680679596204678731,0,30,0,0
1680679596206653486,0,30,0,0
1680679596208563420,0,30,0,0
1680679596210496275,0,30,0,0
1680679596212345190,0,30,0,0
1680679596214211075,0,30,0,0
1680679596216046379,0,30,0,0
1680679596217899479,0,30,0,0
1680679596219756467,0,30,0,0
1680679596221614688,0,30,0,0
1680679596223386747,0,30,0,0
1680679596225281753,0,30,0,0
1680679596227121810,0,30,0,0
1680679596228990796,0,30,0,0
1680679596230885750,0,30,0,0
1680679596232811920,0,30,0,0
1680679596234685455,0,30,0,0
1680679596236630342,0,30,0,0
1680679596238544963,0,30,0,0
1680679596240481925,0,30,0,0
1680679596242455402,0,30,0,0
1680679596244301893,0,5,0,0
1680679596246095822,0,5,0,0
1680679596247978326,0,5,0,0
1680679596249812401,0,5,0,0
1680679596251670043,0,5,0,0
1680679596253415017,0,5,0,0
1680679596255277178,0,5,0,0
1680679596257243499,0,5,0,0
1680679596259141656,0,5,0,0
1680679596260982342,0,5,0,0
1680679596262936528,0,5,0,0
1680679596264793669,0,5,0,0
1680679596266754928,0,5,0,0
1680679596268689195,0,5,0,0
1680679596270547280,0,5,0,0
1680679596272319807,0,5,0,0
1680679596274304457,0,5,0,0
1680679596276188032,0,5,0,0
1680679596278310415,0,5,0,0
1680679596280302757,0,5,0,0
1680679596282184479,0,5,0,0
1680679596284108162,0,5,0,0
1680679596285927932,0,5,0,0
1680679596287832410,0,5,0,0
1680679596289855893,0,5,0,0
1680679596291647303,0,5,0,0
1680679596293425610,0,5,0,0
1680679596295315566,0,5,0,0
1680679596297102652,0,5,0,0
1680679596299002943,0,5,0,0
1680679596300795597,0,5,0,0
1680679596302629831,0,5,0,0
1680679596304424700,0,5,0,0
1680679596306341455,0,5,0,0
1680679596308240740,0,5,0,0
1680679596310220434,0,5,0,0
1680679596312091607,0,5,0,0
1680679596314058017,0,5,0,0
1680679596316037915,0,5,0,0
1680679596317924151,0,5,0,0
1680679596319829367,0,5,0,0
1680679596321623482,0,5,0,0
1680679596323548598,0,5,0,0
1680679596325394798,0,5,0,0
1680679596327258500,0,5,0,0
1680679596329092731,0,5,0,0
1680679596330990109,0,5,0,0
1680679596332836523,0,5,0,0
1680679596334760953,0,5,0,0
1680679596336618519,0,5,0,0
1680679596338550518,0,5,0,0
1680679596340391091,0,5,0,0
1680679596342237037,0,5,0,0
1680679596344107303,0,5,0,0
1680679596346027214,0,5,0,0
1680679596347914748,0,5,0,0
1680679596349883537,0,5,0,0
1680679596351856742,0,5,0,0
1680679596353769539,0,5,0,0
1680679596355730111,0,5,0,0
1680679596357743805,0,5,0,0
1680679596359555751,0,5,0,0
1680679596361303564,0,5,0,0
1680679596363025867,0,5,0,0
1680679596364815208,0,5,0,0
1680679596366810507,0,5,0,0
1680679596368640477,0,5,0,0
1680679596370588875,0,5,0,0
1680679596372418309,0,5,0,0
1680679596374366176,0,5,0,0
1680679596376206286,0,5,0,0
1680679596378239125,0,5,0,0
1680679596380121415,0,5,0,0
1680679596381957257,0,5,0,0
1680679596383890742,0,5,0,0
1680679596385687355,0,5,0,0
1680679596389161504,0,5,0,0
1680679596392818548,0,5,0,0
1680679596396646917,0,5,0,0
1680679596400394224,0,5,0,0
1680679596402362880,0,5,0,1
1680679596404409497,0,5,0,1
1680679596406457666,0,5,0,1
1680679596408400290,0,5,0,1
1680679596410287466,0,5,0,1
1680679596412192657,0,0,0,1
1680679596414030843,0,0,0,1
1680679596415862744,0,0,0,1
1680679596417859787,0,0,0,1
1680679596419736275,0,0,0,1
1680679596421589072,0,0,0,1
1680679596423525733,0,0,0,1
1680679596425367559,0,0,0,1
1680679596427233947,0,0,0,1
1680679596429058440,0,0,0,1
1680679596430870886,0,0,0,1
1680679596432701440,0,0,0,1
1680679596434509951,0,0,0,1
1680679596436432621,0,0,0,1
1680679596438394255,0,0,0,1
1680679596440314150,0,0,0,1
1680679596442166956,0,0,0,1
1680679596444072202,0,0,0,1
1680679596445918712,0,0,0,1
1680679596447834990,0,0,0,1
1680679596449672024,0,0,0,1
1680679596451590966,0,0,0,1
1680679596453379259,0,0,0,1
1680679596455239632,0,0,0,1
1680679596457025000,0,0,0,1
1680679596458912703,0,0,0,1
1680679596460809943,0,0,0,1
1680679596462628875,0,0,0,1
1680679596464532441,0,0,0,1
1680679596466517420,0,0,0,1
1680679596468393334,0,0,0,1
1680679596470373860,0,0,0,1
1680679596472247630,0,0,0,1
1680679596474183673,0,0,0,1
1680679596475940082,0,0,0,1
1680679596477762509,0,0,0,1
1680679596479677295,0,0,0,1
1680679596481445601,0,0,0,1
1680679596483281473,0,0,0,1
1680679596485081803,0,0,0,1
1680679596487032624,0,0,0,1
1680679596488820194,0,0,0,1
1680679596490782671,0,0,0,1
1680679596492673546,0,0,0,1
1680679596494545912,0,0,0,1
1680679596496445514,0,0,0,1
1680679596498367453,0,0,0,1
1680679596500238223,0,0,0,1
1680679596502049845,0,0,0,1
1680679596503954371,0,0,0,1
1680679596506012830,0,0,0,1
1680679596507991461,0,0,0,1
1680679596509933135,0,0,0,1
1680679596511809990,0,0,0,1
1680679596513755186,0,0,0,1
1680679596515645730,0,0,0,1
1680679596517496465,0,0,0,1
1680679596519350771,0,0,0,1
1680679596521157832,0,0,0,1
1680679596522987014,0,0,0,1
1680679596524809928,0,0,0,1
1680679596526745450,0,0,0,1
1680679596528598956,0,0,0,1
1680679596530534663,0,0,0,1
1680679596532382281,0,0,0,1
1680679596534334499,0,0,0,1
1680679596536194112,0,0,0,1
1680679596538219008,0,0,0,1
1680679596539999530,0,0,0,1
1680679596541912757,0,0,0,1
1680679596543689862,0,0,0,1
1680679596545638957,0,0,0,1
1680679596547505935,0,0,0,1
1680679596549378949,0,0,0,1
1680679596551218703,0,0,0,1
1680679596553006669,0,0,0,1
1680679596554933397,0,0,0,1
1680679596556779091,0,0,0,1
1680679596558672798,0,0,0,1
1680679596560502279,0,0,0,1
1680679596562291304,0,0,0,1
1680679596564178310,0,0,0,1
1680679596566028008,0,0,0,1
1680679596567985491,0,0,0,1
1680679596569879263,0,0,0,14
1680679596571708518,0,0,0,14
1680679596573574492,0,0,0,14
1680679596575356551,0,0,0,14
1680679596577139916,0,0,0,14
1680679596579073143,0,0,0,14
1680679596580898321,0,0,0,14
1680679596582744819,0,0,0,14
1680679596584698510,0,0,0,14
1680679596586607064,0,0,0,14
1680679596588527950,0,0,0,14
1680679596590482214,0,0,0,14
1680679596592229230,0,0,0,14
1680679596594026937,0,0,0,14
1680679596595852454,0,0,0,14
1680679596597682180,0,0,0,14
1680679596599572073,0,0,0,14
1680679596601246128,0,0,0,14
1680679596602996026,0,0,0,14
1680679596604898637,0,0,0,14
1680679596606797631,0,0,0,14
1680679596608747537,0,0,0,14
1680679596610602137,0,0,0,14
1680679596612566162,0,0,0,14
1680679596614443148,0,0,0,14
1680679596616393871,0,0,0,14
1680679596618310941,0,0,0,14
1680679596620172563,0,0,0,14
1680679596622044585,0,0,0,14
1680679596623959827,0,0,0,14
1680679596625824782,0,0,0,14
1680679596627720356,0,0,0,14
1680679596629455081,0,0,0,14
1680679596631336159,0,0,0,14
1680679596633180813,0,0,0,14
1680679596634960464,0,0,0,14
1680679596636799510,0,0,0,14
1680679596638842423,0,0,0,14
1680679596640676995,0,0,0,14
1680679596642631069,0,0,0,14
1680679596644472796,0,0,0,14
1680679596646296913,0,0,0,14
1680679596648205783,0,0,0,14
1680679596650059126,0,0,0,14
1680679596651969327,0,0,0,14
1680679596653777229,0,0,0,14
1680679596655690180,0,0,0,14
1680679596657475660,0,0,0,14
1680679596659313893,0,0,0,14
1680679596661093578,0,0,0,14
1680679596662972172,0,0,0,14
1680679596664810026,0,0,0,14
1680679596666672848,0,0,0,14
1680679596668550467,0,0,0,14
1680679596670453001,0,0,0,14
1680679596672378407,0,0,0,14
1680679596674249301,0,0,0,14
1680679596676073999,0,0,0,14
1680679596677904489,0,0,0,14
1680679596679787855,0,0,0,14
1680679596681626338,0,0,0,14
1680679596683544436,0,0,0,14
1680679596685380258,0,0,0,14
1680679596687242396,0,0,0,14
1680679596689084406,0,0,0,14
1680679596690977389,0,0,0,14
1680679596692811047,0,0,0,14
1680679596694665233,0,0,0,14
1680679596696479770,0,0,0,14
1680679596698402805,0,0,0,14
1680679596700231410,0,0,0,14
1680679596702023245,0,0,0,14
1680679596703830235,0,0,0,14
1680679596705745317,0,0,0,14
1680679596707742858,0,0,0,14
1680679596709602698,0,0,0,14
1680679596711546036,0,0,0,14
1680679596713383066,0,0,0,14
1680679596715234941,0,0,0,14
1680679596717077277,0,0,0,14
1680679596718933521,0,0,0,14
1680679596720786599,0,0,0,14
1680679596722552301,0,0,0,14
1680679596724445390,0,0,0,14
1680679596726275345,0,0,0,14
1680679596728252140,0,0,0,14
1680679596730220260,0,0,0,14
1680679596732180113,0,0,0,14
1680679596734080054,0,0,0,14
1680679596736023645,0,0,0,0
1680679596737862819,0,0,0,0
1680679596739833334,0,0,0,0
1680679596741668184,0,0,0,0
1680679596743504071,0,0,0,0
1680679596745418577,0,0,0,0
1680679596747248538,0,0,0,0
1680679596749129220,0,0,0,0
1680679596750950294,0,0,0,0
1680679596752777636,0,0,0,0
1680679596754613547,0,0,0,0
1680679596756451753,0,0,0,0
1680679596758477011,0,0,0,0
1680679596760351606,0,0,0,0
1680679596762302731,0,0,0,0
1680679596764237638,0,0,0,0
1680679596766203557,0,0,0,0
1680679596768125839,0,0,0,0
1680679596769973478,0,0,0,0
1680679596771811625,0,0,0,0
1680679596773573433,0,0,0,0
1680679596775480849,0,0,0,0
1680679596777310526,0,0,0,0
1680679596779173819,0,0,0,0
1680679596781067793,0,0,0,0
1680679596782975832,0,0,0,0
1680679596784811346,0,0,0,0
1680679596786768619,0,0,0,0
1680679596788657538,0,0,0,0
1680679596790770070,0,0,0,0
1680679596792631652,0,0,0,0
1680679596794422990,0,0,0,0
1680679596796314789,0,0,0,0
1680679596798120746,0,0,0,0
1680679596800112656,0,0,0,0
1680679596801990617,0,0,0,0
1680679596803917241,0,0,0,0
1680679596805782683,0,0,0,0
1680679596807719394,0,0,0,0
1680679596809564402,0,0,0,0
1680679596811496226,0,0,0,0
1680679596813273000,0,0,0,0
1680679596815089294,0,0,0,0
1680679596816798220,0,0,0,0
1680679596818707722,0,0,0,0
1680679596820609636,0,0,0,0
1680679596822583787,0,0,0,0
1680679596824464349,0,0,0,0
1680679596826545321,0,0,0,0
1680679596828399739,0,0,0,0
1680679596830369227,0,0,0,0
1680679596832179726,0,0,0,0
1680679596833958357,0,0,0,0
1680679596835808849,0,0,0,0
1680679596837551709,0,0,0,0
1680679596839503618,0,0,0,0
1680679596841275290,0,0,0,0
1680679596843257280,0,0,0,0
1680679596845121690,0,0,0,0
1680679596847009396,0,0,0,0
1680679596848983338,0,0,0,0
1680679596850915564,0,0,0,0
1680679596852762490,0,0,0,0
1680679596854656165,0,0,0,0
1680679596856524495,0,0,0,0
1680679596858544830,0,0,0,0
1680679596860377702,0,0,0,0
1680679596862327818,0,0,0,0
1680679596864229564,0,0,0,0
1680679596866218587,0,0,0,0
1680679596868178890,0,0,0,0
1680679596870030019,0,0,0,0
1680679596872096275,0,0,0,0
1680679596873899528,0,0,0,0
1680679596875666797,0,0,0,0
1680679596877429760,0,0,0,0
1680679596879189640,0,0,0,0
1680679596880923219,0,0,0,0
1680679596882758159,0,0,0,0
1680679596884561873,0,0,0,0
1680679596886488742,0,0,0,0
1680679596888331424,0,0,0,0
1680679596890233703,0,0,0,0
1680679596892086548,0,0,0,0
1680679596894023876,0,0,0,0
1680679596895880721,0,0,0,0
1680679596897778290,0,0,0,0
1680679596899612463,0,0,0,0
1680679596901453235,0,0,0,0
1680679596903202925,0,0,0,0
1680679596904953593,0,0,0,0
1680679596906756373,0,0,0,0
1680679596908647163,0,0,0,0
1680679596910458018,0,0,0,0
1680679596912330896,0,0,0,0
1680679596914177996,0,0,0,0
1680679596916053375,0,0,0,0
1680679596917824623,0,0,0,0
1680679596919748005,0,0,0,0
1680679596921648127,0,0,0,0
1680679596923659163,0,0,0,0
1680679596925555913,0,0,0,0
1680679596927472423,0,0,0,0
1680679596929334746,0,0,0,0
1680679596931241433,0,0,0,0
1680679596933145877,0,0,0,0
1680679596935044361,0,0,0,0
1680679596936916251,0,0,0,0
1680679596938831312,0,0,0,0
1680679596940727094,0,0,0,0
1680679596942657920,0,0,0,0
1680679596944583031,0,0,0,0
1680679596946556018,0,0,0,0
1680679596948507778,0,0,0,0
1680679596950438725,0,0,0,0
1680679596953038550,0,0,0,0
1680679596954911071,0,0,0,0
1680679596956788589,0,0,0,0
1680679596958749498,0,0,0,0
1680679596960656050,0,0,0,0
1680679596962534148,0,0,0,0
1680679596964456762,0,0,0,0
1680679596966374675,0,0,0,0
1680679596969112497,0,0,0,0
1680679596971020192,0,0,0,0
1680679596972909890,0,0,0,0
1680679596974804264,0,0,0,0
1680679596976726266,0,0,0,0
1680679596978697944,0,0,0,0
1680679596980605330,0,0,0,0
1680679596982464126,0,0,0,0
1680679596985064664,0,0,0,0
1680679596987159841,0,0,0,0
1680679596989096101,0,0,0,0
1680679597063816063,0,0,0,0
1680679597139512829,0,0,0,0
1680679597146215051,0,0,0,0
1680679597150493889,0,0,0,0
1680679597153152767,0,0,0,0
1680679597154993699,0,0,0,0
1680679597156780516,0,0,0,0
1680679597158682982,0,0,0,0
1680679597160635226,0,0,0,0
1680679597162878134,0,0,0,0
1680679597165003772,0,0,0,0
1680679597166954984,0,0,0,0
1680679597168951534,0,0,0,0
1680679597170772841,0,0,0,0
1680679597172549074,0,0,0,0
1680679597174402104,0,0,0,0
1680679597176268078,0,0,0,0
1680679597178225569,0,0,0,0
1680679597180128817,0,0,0,0
1680679597182050077,0,0,0,0
1680679597183956224,0,0,0,0
1680679597185820878,0,0,0,0
1680679597187731180,0,0,0,0
1680679597189486180,0,0,0,0
1680679597191269739,0,0,0,0
1680679597193099975,0,0,0,0
1680679597194832219,0,0,0,0
1680679597196700901,0,0,0,0
1680679597198594566,0,0,0,0
1680679597200595372,0,0,0,0
1680679597202494801,0,0,0,0
1680679597204446612,0,0,0,0
1680679597206398857,0,0,0,0
1680679597208326709,0,0,0,0
1680679597210142964,0,0,0,0
1680679597212034685,0,0,0,0
1680679597213866202,0,0,0,0
1680679597215775144,0,0,0,0
1680679597217600908,0,0,0,0
1680679597219565022,0,0,0,0
1680679597221334431,0,0,0,0
1680679597223163165,0,0,0,0
1680679597224902314,0,0,0,0
1680679597226704229,0,0,0,0
1680679597228637057,0,0,0,0
1680679597230550633,0,0,0,0
1680679597232500740,0,0,0,0
1680679597234399696,0,0,0,0
1680679597236304657,0,0,0,0
1680679597238258887,0,0,0,0
1680679597240257018,0,0,0,0
1680679597242180110,0,0,0,0
1680679597243995677,0,0,0,0
1680679597245919304,0,0,0,0
1680679597247738978,0,11,0,0
1680679597249680985,0,11,0,0
1680679597251559595,0,11,0,0
1680679597253377266,0,11,0,0
1680679597255153267,0,11,0,0
1680679597257061421,0,11,0,0
1680679597258947012,0,11,0,0
1680679597260809422,0,11,0,0
1680679597262696816,0,11,0,0
1680679597264512045,0,11,0,0
1680679597266366042,0,11,0,0
1680679597268246574,0,11,0,0
1680679597270167200,0,11,0,0
1680679597272121661,0,11,0,0
1680679597274013309,0,11,0,0
1680679597275933181,0,11,0,0
1680679597277821009,0,11,0,0
1680679597279783266,0,11,0,0
1680679597281591282,0,11,0,0
1680679597283485057,0,11,0,0
1680679597285264864,0,11,0,0
1680679597287051530,0,11,0,0
1680679597288943031,0,11,0,0
1680679597290786110,0,11,0,0
1680679597292747783,0,11,0,0
1680679597294608485,0,11,0,0
1680679597296546819,0,11,0,0
1680679597298489820,0,11,0,0
1680679597300392360,0,11,0,0
1680679597302305306,0,11,0,0
1680679597304277925,0,11,0,0
1680679597306118711,0,11,0,0
1680679597308021685,0,11,0,0
1680679597309864455,0,11,0,0
1680679597311790518,0,11,0,0
1680679597313654088,0,11,0,0
1680679597315543439,0,11,0,0
1680679597317451129,0,11,0,0
1680679597319285931,0,11,0,0
1680679597321141032,0,11,0,0
1680679597323038835,0,11,0,0
1680679597324842897,0,11,0,0
1680679597326627268,0,11,0,0
1680679597328518725,0,11,0,0
1680679597330361873,0,11,0,0
1680679597332315767,0,11,0,0
1680679597334218952,0,11,0,0
1680679597336158670,0,11,0,0
1680679597338030828,0,11,0,0
1680679597339970873,0,11,0,0
1680679597341880445,0,11,0,0
1680679597343782223,0,11,0,0
1680679597345609713,0,11,0,0
1680679597347533255,0,11,0,0
1680679597349308057,0,11,0,0
1680679597351085869,0,11,0,0
1680679597352890973,0,11,0,0
1680679597354832612,0,11,0,0
1680679597356693946,0,11,0,0
1680679597358659512,0,11,0,0
1680679597360648246,0,11,0,0
1680679597362562725,0,11,0,0
1680679597364375667,0,11,0,0
1680679597366219386,0,11,0,0
1680679597368082011,0,11,0,0
1680679597370028834,0,11,0,0
1680679597371851225,0,11,0,0
1680679597373733335,0,11,0,0
1680679597375692828,0,11,0,0
1680679597377582098,0,11,0,0
1680679597379534325,0,11,0,0
1680679597381381671,0,11,0,0
1680679597383286450,0,11,0,0
1680679597385053976,0,11,0,0
1680679597387007418,0,11,0,0
1680679597388821583,0,11,0,0
1680679597390584962,0,11,0,0
1680679597392480296,0,11,0,0
1680679597394375550,0,11,0,0
1680679597396258464,0,11,0,0
1680679597398163083,0,11,0,0
1680679597400137326,0,11,0,0
1680679597402051683,0,11,0,0
1680679597403984862,0,11,0,0
1680679597405855732,0,11,0,0
1680679597407859195,0,11,0,0
1680679597409740693,0,11,0,0
1680679597411643976,0,11,0,0
1680679597413398853,0,11,0,0
1680679597415257672,0,4,0,0
1680679597417059925,0,4,0,0
1680679597419008900,0,4,0,0
1680679597421089402,0,4,0,0
1680679597422959517,0,4,0,0
1680679597424817513,0,4,0,0
1680679597426722061,0,4,0,0
1680679597428630363,0,4,0,0
1680679597430571782,0,4,0,0
1680679597432400468,0,4,0,0
1680679597434386227,0,4,0,0
1680679597436165887,0,4,0,0
1680679597437949442,0,4,0,0
1680679597439882080,0,4,0,0
1680679597441809007,0,4,0,0
1680679597443746573,0,4,0,0
1680679597445606188,0,4,0,0
1680679597447596958,0,4,0,0
1680679597449427428,0,4,0,0
1680679597451219118,0,4,0,0
1680679597452955772,0,4,0,0
1680679597454855670,0,4,0,0
1680679597456679385,0,4,0,0
1680679597458509762,0,4,0,0
1680679597460565861,0,4,0,0
1680679597462473239,0,4,0,0
1680679597464357665,0,4,0,0
1680679597466309036,0,4,0,0
1680679597468228458,0,4,0,0
1680679597470126969,0,4,0,0
1680679597471941599,0,4,0,0
1680679597473791760,0,4,0,0
1680679597475630939,0,4,0,0
1680679597477411406,0,4,0,0
1680679597479264370,0,4,0,0
1680679597481235179,0,4,0,0
1680679597483156192,0,4,0,0
1680679597485003929,0,4,0,0
1680679597486943659,0,4,0,0
1680679597488929926,0,4,0,0
1680679597490733701,0,4,0,0
1680679597492589522,0,4,0,0
1680679597494410313,0,4,0,0
1680679597496328159,0,4,0,0
1680679597498257893,0,4,0,0
1680679597500205100,0,4,0,0
1680679597502153665,0,4,0,0
1680679597503989676,0,4,0,0
1680679597505929993,0,4,0,0
1680679597507829033,0,4,0,0
1680679597509794720,0,4,0,0
1680679597511652467,0,4,0,0
1680679597513362339,0,4,0,0
1680679597515250273,0,4,0,0
1680679597517042179,0,4,0,0
1680679597518846921,0,4,0,0
1680679597520865100,0,4,0,0
1680679597522773434,0,4,0,0
1680679597524660860,0,4,0,0
1680679597526618134,0,4,0,0
1680679597528483582,0,4,0,0
1680679597530459326,0,4,0,0
1680679597532303458,0,4,0,0
1680679597534252324,0,4,0,0
1680679597536092158,0,4,0,0
1680679597538034988,0,4,0,0
1680679597539864719,0,4,0,0
1680679597541758413,0,4,0,0
1680679597543669483,0,4,0,0
1680679597545446886,0,4,0,0
1680679597547215355,0,4,0,0
1680679597549091003,0,4,0,0
1680679597550911357,0,4,0,0
1680679597552709633,0,4,0,0
1680679597554659719,0,4,0,0
1680679597556541246,0,4,0,0
1680679597558505914,0,4,0,0
1680679597560499358,0,4,0,0
1680679597562400781,0,4,0,0
1680679597564265915,0,4,0,0
1680679597566074273,0,4,0,0
1680679597567914917,0,4,0,0
1680679597569787603,0,4,0,0
1680679597571702179,0,4,0,0
1680679597573590426,0,4,0,0
1680679597575550517,0,4,0,0
1680679597577382031,0,4,0,0
1680679597579202477,0,4,0,0
1680679597581082141,0,4,0,0
1680679597583011557,0,0,0,0
1680679597584819163,0,0,0,0
1680679597586633725,0,0,0,0
1680679597588621545,0,0,0,0
1680679597590458317,0,0,0,0
1680679597592355312,0,0,0,0
1680679597594292538,0,0,0,0
1680679597596174960,0,0,0,0
1680679597598076215,0,0,0,0
1680679597600043283,0,0,0,0
1680679597602004656,0,0,0,0
1680679597603862086,0,0,0,0
1680679597605742568,0,0,0,0
1680679597607662391,0,0,0,0
1680679597609615875,0,0,0,0
1680679597611561696,0,0,0,0
1680679597613336286,0,0,0,0
1680679597615057231,0,0,0,0
1680679597616818328,0,0,0,0
1680679597618681410,0,0,0,0
1680679597620612441,0,0,0,0
1680679597622478372,0,0,0,0
1680679597624408729,0,0,0,0
1680679597626285320,0,0,0,0
1680679597628246126,0,0,0,0
1680679597630201481,0,0,0,0
1680679597632128328,0,0,0,0
1680679597634004349,0,0,0,0
1680679597635937755,0,0,0,0
1680679597637779766,0,0,0,0
1680679597639611336,0,0,0,0
1680679597641623526,0,0,0,0
1680679597643422692,0,0,0,0
1680679597645292526,0,0,0,0
1680679597647141119,0,0,0,0
1680679597648989718,0,0,0,0
1680679597650936429,0,0,0,0
1680679597652817823,0,0,0,0
1680679597654838299,0,0,0,0
1680679597656707664,0,0,0,0
1680679597658590866,0,0,0,0
1680679597660479909,0,0,0,0
1680679597662418664,0,0,0,0
1680679597664470482,0,0,0,0
1680679597666378321,0,0,0,0
1680679597668504579,0,0,0,0
1680679597670420243,0,0,0,0
1680679597672315028,0,0,0,0
1680679597674172394,0,0,0,0
1680679597676005974,0,0,0,0
1680679597677945310,0,0,0,0
1680679597679829816,0,0,0,0
1680679597681782367,0,0,0,0
1680679597683705885,0,0,0,0
1680679597685640980,0,0,0,0
1680679597687594787,0,0,0,0
1680679597689574685,0,0,0,0
1680679597691408023,0,0,0,0
1680679597693191141,0,0,0,0
1680679597694930602,0,0,0,0
1680679597696727610,0,0,0,0
1680679597698492003,0,0,0,0
1680679597700349608,0,0,0,0
1680679597702304787,0,0,0,0
1680679597704161533,0,0,0,0
1680679597706091253,0,0,0,0
1680679597707969125,0,0,0,0
1680679597709929868,0,0,0,0
1680679597711760618,0,0,0,0
1680679597713652588,0,0,0,0
1680679597715594398,0,0,0,0
1680679597717374280,0,0,0,0
1680679597719200837,0,0,0,0
1680679597721063432,0,0,0,0
1680679597722977682,0,0,0,0
1680679597724809921,0,0,0,0
1680679597726705795,0,0,0,0
1680679597728619473,0,0,0,0
1680679597730521824,0,0,0,0
1680679597732424098,0,0,0,0
1680679597734228780,0,0,0,0
1680679597736064971,0,0,0,0
1680679597737900357,0,0,0,0
1680679597739758758,0,0,0,0
1680679597741768953,0,0,0,0
1680679597743681283,0,0,0,0
1680679597745573573,0,0,0,0
1680679597747580228,0,0,0,0
1680679597749555086,0,0,0,0
1680679597751483339,0,0,0,0
1680679597753173803,0,0,0,0
1680679597754922604,0,0,0,0
1680679597756749635,0,0,0,0
1680679597758666105,0,0,0,0
1680679597760496883,0,0,0,0
1680679597762499185,0,0,0,0
1680679597764358172,0,0,0,0
1680679597766305610,0,0,0,0
1680679597768187628,0,0,0,0
1680679597770089779,0,0,0,0
1680679597772015109,0,0,0,0
1680679597773874331,0,0,0,0
1680679597775786483,0,0,0,0
1680679597777614839,0,0,0,0
1680679597779524285,0,0,0,0
1680679597781355246,0,0,0,0
1680679597783099373,0,0,0,0
1680679597784887376,0,0,0,0
1680679597786681965,0,0,0,0
1680679597788502239,0,0,0,0
1680679597790489186,0,0,0,0
1680679597792333764,0,0,0,0
1680679597794281754,0,0,0,0
1680679597796108429,0,0,0,0
1680679597797943742,0,0,0,0
1680679597799872476,0,0,0,0
1680679597801817723,0,0,0,0
1680679597803730545,0,0,0,0
1680679597805602075,0,0,0,0
1680679597807545462,0,0,0,0
1680679597809368769,0,0,0,0
1680679597811216926,0,0,0,0
1680679597812991552,0,0,0,0
1680679597814913498,0,0,0,0
1680679597816742912,0,0,0,0
1680679597818628335,0,0,0,0
1680679597820445944,0,0,0,0
1680679597822431512,0,0,0,0
1680679597824296882,0,0,0,0
1680679597826105448,0,0,0,0
1680679597828033109,0,0,0,0
1680679597829912450,0,0,0,0
1680679597831837867,0,0,0,0
1680679597833669188,0,0,0,0
1680679597835618739,0,0,0,0
1680679597837426007,0,0,0,0
1680679597839328731,0,0,0,0
1680679597841168115,0,0,0,0
1680679597842937831,0,0,0,0
1680679597844792946,0,0,0,0
1680679597846630583,0,0,0,0
1680679597848547493,0,0,0,0
1680679597850523780,0,0,0,0
1680679597852405297,0,0,0,0
1680679597854345757,0,0,0,0
1680679597856247015,0,0,0,0
1680679597858147013,0,0,0,0
1680679597859986803,0,0,0,0
1680679597862042786,0,0,0,0
1680679597863860169,0,0,0,0
1680679597865681318,0,0,0,0
1680679597867525001,0,0,0,0
1680679597869426746,0,0,0,0
1680679597871317721,0,0,0,0
1680679597873120455,0,0,0,0
1680679597874959171,0,0,0,0
1680679597876809805,0,0,0,0
1680679597878679209,0,0,0,0
1680679597880586639,0,0,0,0
1680679597882436482,0,0,0,0
1680679597884205039,0,0,0,0
1680679597886044454,0,0,0,0
1680679597887921756,0,0,0,0
1680679597889893294,0,0,0,0
1680679597891855916,0,0,0,0
1680679597893725731,0,0,0,0
1680679597895675185,0,0,0,0
1680679597897548006,0,0,0,0
1680679597899509814,0,0,0,0
1680679597901413573,0,0,0,0
1680679597903291999,0,0,0,0
1680679597905089560,0,0,0,0
1680679597906858024,0,0,0,0
1680679597908742717,0,0,0,0
1680679597910736135,0,0,0,0
1680679597912592521,0,0,0,0
1680679597914551376,0,0,0,0
1680679597916423193,0,0,0,0
1680679597918442620,0,0,0,0
1680679597920267786,0,0,0,0
1680679597922130600,0,0,0,0
1680679597923944942,0,0,0,0
1680679597925765957,0,0,0,0
1680679597927686655,0,0,0,0
1680679597929729521,0,0,0,0
1680679597931598204,0,0,0,0
1680679597933556214,0,0,0,0
1680679597935424220,0,0,0,0
1680679597937231959,0,0,0,0
1680679597939109786,0,0,0,0
1680679597940857617,0,0,0,0
1680679597942617305,0,0,0,0
1680679597944374311,0,0,0,0
1680679597946245001,0,0,0,0
1680679597948042287,0,0,0,0
1680679597949994737,0,0,0,0
1680679597951867838,0,0,0,0
1680679597953805909,0,0,0,0
1680679597955672518,0,0,0,0
1680679597957605222,0,0,0,0
1680679597959466304,0,0,0,0
1680679597961295541,0,0,0,0
1680679597963133428,0,0,0,0
1680679597964910533,0,0,0,0
1680679597966740474,0,0,0,0
1680679597968541587,0,0,0,0
1680679597970517924,0,0,0,0
1680679597972408691,0,0,0,0
1680679597974372497,0,0,0,0
1680679597976230785,0,0,0,0
1680679597978128565,0,0,0,0
1680679597980085592,0,0,0,0
1680679597982077722,0,0,0,0
1680679597983839656,0,0,0,0
1680679597985724126,0,0,0,0
1680679597987535476,0,0,0,0
1680679597989437118,0,0,0,0
1680679597991238215,0,0,0,0
1680679597993163583,0,0,0,0
1680679597995017213,0,0,0,0
1680679597996819406,0,0,0,0
1680679597998691409,0,0,0,0
1680679598000556371,0,0,0,0
1680679598002551526,0,0,0,0
1680679598004375964,0,0,0,0
1680679598006317450,0,0,0,0
1680679598008176617,0,0,0,0
1680679598010118095,0,0,0,0
1680679598011943103,0,0,0,0
1680679598013778039,0,0,0,0
1680679598015700897,0,0,0,0
1680679598017609955,0,0,0,0
1680679598019437673,0,0,0,0
1680679598021294067,0,0,0,0
1680679598023131782,0,0,0,0
1680679598024873493,0,0,0,0
1680679598026801758,0,0,0,0
1680679598028667196,0,0,0,0
1680679598030595123,0,0,0,0
1680679598032491365,0,0,0,0
1680679598034383340,0,0,0,0
1680679598036147569,0,0,0,0
1680679598038073355,0,0,0,0
1680679598039886954,0,0,0,0
1680679598041744991,0,0,0,0
1680679598043681402,0,0,0,0
1680679598045581532,0,0,0,0
1680679598047550494,0,0,0,0
1680679598049531660,0,0,0,0
1680679598051399528,0,0,0,0
1680679598053267314,0,0,0,0
1680679598055090075,0,0,0,0
1680679598056943852,0,0,0,0
1680679598058785207,0,0,0,0
1680679598060753006,0,0,0,0
1680679598062731933,0,0,0,0
1680679598064618092,0,0,0,0
1680679598066427798,0,0,0,0
1680679598068317684,0,0,0,0
1680679598070311642,0,0,0,0
1680679598072250690,0,0,0,0
1680679598074141523,0,0,0,0
1680679598076067020,0,0,0,0
1680679598077938450,0,0,0,0
1680679598079847537,0,0,0,0
1680679598081769043,0,0,0,0
1680679598083660686,0,0,0,0
1680679598085395540,0,0,0,0
1680679598087300426,0,0,0,0
1680679598089172368,0,0,0,0
1680679598090984482,0,0,0,0
1680679598092860220,0,0,0,0
1680679598094689454,0,0,0,0
1680679598096616164,0,0,0,0
1680679598098466194,0,0,0,0
1680679598100376957,0,0,0,0
1680679598102425864,0,0,0,0
1680679598104293806,0,0,0,0
1680679598106085212,0,0,0,0
1680679598107945202,0,0,0,0
1680679598109797054,0,0,0,0
1680679598111741762,0,0,0,0
1680679598113597665,0,0,0,0
1680679598115526107,0,0,0,0
1680679598117309773,0,0,0,0
1680679598119264098,0,0,0,0
1680679598121030893,0,0,0,0
1680679598122889024,0,0,0,0
1680679598124780968,0,0,0,0
1680679598126549307,0,0,0,0
1680679598128500817,0,0,0,0
1680679598130435260,0,0,0,0
1680679598132368043,0,0,0,0
1680679598134263967,0,0,0,0
1680679598136192261,0,0,0,0
1680679598138072233,0,0,0,0
1680679598139986720,0,0,0,0
1680679598141930402,0,0,0,0
1680679598143794988,0,0,0,0
1680679598145728655,0,0,0,0
1680679598147611266,0,0,0,0
1680679598149393090,0,0,0,0
1680679598151301413,0,0,0,0
1680679598153092757,0,0,0,0
1680679598154844449,0,0,0,0
1680679598156753571,0,0,0,0
1680679598158582341,0,0,0,0
1680679598160398908,0,0,0,0
1680679598162377433,0,0,0,0
1680679598164324990,0,0,0,0
1680679598166182606,0,0,0,0
1680679598168130837,0,0,0,0
1680679598170095320,0,0,0,0
1680679598171932461,0,0,0,0
1680679598173729546,0,0,0,0
1680679598175491469,0,0,0,0
1680679598177315805,0,0,0,0
1680679598179038435,0,0,0,0
1680679598180796480,0,0,0,0
1680679598182634246,0,0,0,0
1680679598184642988,0,0,0,0
1680679598186768566,0,0,0,0
1680679598188679360,0,0,0,0
1680679598190577944,0,0,0,0
1680679598192373767,0,0,0,0
1680679598194329653,0,0,0,0
1680679598196263878,0,0,0,0
1680679598198259324,0,0,0,0
1680679598200232459,0,0,0,0
1680679598202301599,0,0,0,0
1680679598204260738,0,0,0,0
1680679598206225539,0,0,0,0
1680679598208108405,0,0,0,0
1680679598209932744,0,0,0,0
1680679598211793069,0,0,0,0
1680679598213577852,0,0,0,0
1680679598215620833,0,0,0,0
1680679598217374553,0,0,0,0
1680679598219148135,0,0,0,0
1680679598221044652,0,0,0,0
1680679598222942038,0,0,0,0
1680679598224764755,0,0,0,0
1680679598226576661,0,0,0,0
1680679598228405308,0,0,0,0
1680679598230348178,0,0,0,0
1680679598232149156,0,0,0,0
1680679598234075097,0,0,0,0
1680679598235845364,0,0,0,0
1680679598237633954,0,0,0,0
1680679598239568080,0,0,0,0
1680679598241352188,0,0,0,0
1680679598243253745,0,0,0,0
1680679598245102191,0,0,0,0
1680679598246872808,0,0,0,0
1680679598248745785,0,0,0,0
1680679598250697381,0,0,0,0
1680679598252560100,0,0,0,0
1680679598254505086,0,0,0,0
1680679598256381000,0,0,0,0
1680679598258191315,0,0,0,0
1680679598259982372,0,0,0,0
1680679598261850428,0,0,0,0
1680679598263681759,0,0,0,0
1680679598265663608,0,0,0,0
1680679598267701224,0,0,0,0
1680679598269584758,0,0,0,0
1680679598271452040,0,0,0,0
1680679598273333971,0,0,0,0
1680679598275198008,0,0,0,0
1680679598277068915,0,0,0,0
1680679598279926962,0,0,0,0
1680679598281856044,0,0,0,0
1680679598283827723,0,0,0,0
1680679598285742439,0,0,0,0
1680679598287638205,0,0,0,0
1680679598289542278,0,0,0,0
1680679598291434209,0,0,0,0
1680679598293311584,0,0,0,0
1680679598295984856,0,0,0,0
1680679598297872160,0,0,0,0
1680679598299732739,0,0,0,0
1680679598301658574,0,0,0,0
1680679598303645316,0,0,0,0
1680679598305584380,0,0,0,0
1680679598307527757,0,0,0,0
1680679598309442433,0,0,0,0
1680679598312065630,0,0,0,0
1680679598313955137,0,0,0,0
1680679598315809770,0,0,0,0
1680679598317686744,0,0,0,0
1680679598319566911,0,0,0,0
1680679598321435918,0,0,0,0
1680679598323345176,0,0,0,0
1680679598325244929,0,0,0,0
1680679598327769275,0,0,0,0
1680679598329895279,0,0,0,0
1680679598331985559,0,0,0,0
1680679598400798847,0,0,0,0
1680679598470738671,0,0,0,0
1680679598472748443,0,0,0,0
1680679598474681041,0,0,0,0
1680679598476623203,0,0,0,0
1680679598479096024,0,0,0,0
1680679598481555918,0,0,0,0
1680679598483516561,0,0,0,0
1680679598485335486,0,0,0,0
1680679598487044678,0,0,0,0
1680679598488797252,0,0,0,0
1680679598490707566,0,0,0,0
1680679598492510388,0,0,0,0
1680679598494440638,0,0,0,0
1680679598496265996,0,0,0,0
1680679598498198673,0,0,0,0
1680679598499985715,0,0,0,0
1680679598501858923,0,0,0,0
1680679598503759481,0,0,0,0
1680679598505656895,0,0,0,0
1680679598507484669,0,0,0,0
1680679598509278440,0,0,0,0
1680679598511123514,0,0,0,0
1680679598512884172,0,0,0,0
1680679598514698841,0,0,0,0
1680679598516492717,0,0,0,0
1680679598518536398,0,0,0,0
1680679598520457535,0,0,0,0
1680679598522346710,0,0,0,0
1680679598524304913,0,0,0,0
1680679598526130519,0,0,0,0
1680679598528039537,0,0,0,0
1680679598529922443,0,0,0,0
1680679598531797902,0,0,0,0
1680679598533712040,0,0,0,0
1680679598535606506,0,0,0,0
1680679598537376100,0,0,0,0
1680679598539142462,0,0,0,0
1680679598540885912,0,0,0,0
1680679598542773131,0,0,0,0
1680679598544568551,0,0,0,0
1680679598546450776,0,0,0,0
1680679598548325414,0,0,0,0
1680679598550272226,0,0,0,0
1680679598552190173,0,0,0,0
1680679598554136980,0,0,0,0
1680679598555969094,0,0,0,0
1680679598557919820,0,0,0,0
1680679598559865466,0,0,0,0
1680679598561740413,0,0,0,0
1680679598563678071,0,0,0,0
1680679598565552882,0,0,0,0
1680679598567319347,0,0,0,0
1680679598569178945,0,0,0,0
1680679598571106475,0,0,0,0
1680679598572810829,0,0,0,0
1680679598574541654,0,0,0,0
1680679598576397760,0,0,0,0
1680679598578249726,0,0,0,0
1680679598580183373,0,0,0,0
1680679598582068264,0,0,0,0
1680679598583974836,0,0,0,0
1680679598585801112,0,0,0,0
1680679598587685630,0,0,0,0
1680679598589574000,0,0,0,0
1680679598591516690,0,0,0,0
1680679598593272361,0,0,0,0
1680679598595105531,0,0,0,0
1680679598596910302,0,0,0,0
1680679598598668819,0,0,0,0
1680679598600487204,0,0,0,0
1680679598602219605,0,0,0,0
1680679598604125013,0,0,0,0
1680679598606014794,0,0,0,0
1680679598607844756,0,0,0,0
1680679598609791859,0,0,0,0
1680679598611659649,0,0,0,0
1680679598613459991,0,0,0,0
1680679598615221385,0,0,0,0
1680679598616995883,0,0,0,0
1680679598618844173,0,0,0,0
1680679598620780852,0,0,0,0
1680679598622645714,0,0,0,0
1680679598624532192,0,0,0,0
1680679598626477574,0,0,0,0
1680679598628331944,0,0,0,0
1680679598630276314,0,0,0,0
1680679598632190697,0,0,0,0
1680679598634053639,0,0,0,0
1680679598635827709,0,0,0,0
1680679598637737464,0,0,0,0
1680679598639612614,0,0,0,0
1680679598641435342,0,0,0,0
1680679598643226433,0,0,0,0
1680679598645111187,0,0,0,0
1680679598646999918,0,0,0,0
1680679598648809292,0,0,0,0
1680679598650702365,0,0,0,0
1680679598652528320,0,0,0,0
1680679598654456070,0,0,0,0
1680679598656286065,0,0,0,0
1680679598658210843,0,0,0,0
1680679598660088117,0,0,0,0
1680679598662000095,0,0,0,0
1680679598663956386,0,0,0,0
1680679598665979730,0,0,0,0
1680679598667842278,0,0,0,0
1680679598669823217,0,0,0,0
1680679598671751928,0,0,0,0
1680679598673691230,0,0,0,0
1680679598675534060,0,0,0,0
1680679598677262900,0,0,0,0
1680679598679132036,0,0,0,0
1680679598680962634,0,0,0,0
1680679598682895668,0,0,0,0
1680679598684792670,0,0,0,0
1680679598686626500,0,0,0,0
1680679598688584987,0,0,0,0
1680679598690614798,0,0,0,0
1680679598692518451,0,0,0,0
1680679598694306042,0,0,0,0
1680679598696211641,0,0,0,0
1680679598698030549,0,0,0,0
1680679598699955569,0,0,0,0
1680679598701787169,0,0,0,0
1680679598703775702,0,0,0,0
1680679598705574279,0,0,0,0
1680679598707489994,0,0,0,0
1680679598709358532,0,0,0,0
1680679598711309706,0,0,0,0
1680679598713118900,0,0,0,0
1680679598714936739,0,0,0,0
1680679598716802812,0,0,0,0
1680679598718733235,0,0,0,0
1680679598720601541,0,0,0,0
1680679598722526328,0,0,0,0
1680679598724454594,0,0,0,0
1680679598726334700,0,0,0,0
1680679598728255108,0,0,0,0
1680679598730080420,0,0,0,0
1680679598731957386,0,0,0,0
1680679598733908593,0,0,0,0
1680679598735767343,0,0,0,0
1680679598737698669,0,0,0,0
1680679598739531111,0,0,0,0
1680679598741377472,0,0,0,0
1680679598743214058,0,0,0,0
1680679598745066678,0,0,0,0
1680679598746881390,0,0,0,0
1680679598748713262,0,0,0,0
1680679598750572848,0,0,0,0
1680679598752522334,0,0,0,0
1680679598754424017,0,0,0,0
1680679598756380716,0,0,0,0
1680679598758271433,0,0,0,0
1680679598760174826,0,0,0,0
1680679598762113135,0,0,0,0
1680679598764058392,0,0,0,0
1680679598765979271,0,0,0,0
1680679598767816017,0,0,0,0
1680679598769610423,0,0,0,0
1680679598771540711,0,0,0,0
1680679598773318555,0,0,0,0
1680679598775155301,0,0,0,0
1680679598776942027,0,0,0,0
1680679598778868441,0,0,0,0
1680679598780706927,0,0,0,0
1680679598782578602,0,0,0,0
1680679598784502054,0,0,0,0
1680679598786456354,0,0,0,0
1680679598788327333,0,0,0,0
1680679598790301807,0,0,0,0
1680679598792258818,0,0,0,0
1680679598794202440,0,0,0,0
1680679598796062622,0,0,0,0
1680679598797969528,0,0,0,0
1680679598799799574,0,0,0,0
1680679598801652564,0,0,0,0
1680679598803472070,0,0,0,0
1680679598805317972,0,0,0,0
1680679598807159487,0,0,0,0
1680679598809071683,0,0,0,0
1680679598811030662,0,0,0,0
1680679598812869074,0,0,0,0
1680679598814770936,0,0,0,0
1680679598816766203,0,0,0,0
1680679598818571714,0,0,0,0
1680679598820472947,0,0,0,0
1680679598822295608,0,0,0,0
1680679598824231327,0,0,0,0
1680679598826145350,0,0,0,0
1680679598828024376,0,0,0,0
1680679598829990777,0,0,0,0
1680679598831842296,0,0,0,0
1680679598833786663,0,0,0,0
1680679598835707370,0,0,0,0
1680679598837550811,0,0,0,0
1680679598839404449,0,0,0,0
1680679598841125895,0,0,0,0
1680679598842931987,0,0,0,0
1680679598844621000,0,0,0,0
1680679598846363616,0,0,0,0
1680679598848269478,0,0,0,0
1680679598850167749,0,0,0,0
1680679598852015886,0,0,0,0
1680679598853930038,0,0,0,0
1680679598855790747,0,0,0,0
1680679598857632683,0,0,0,0
1680679598859597188,0,0,0,0
1680679598861426256,0,0,0,0
1680679598863412440,0,0,0,0
1680679598865269738,0,0,0,0
1680679598867070961,0,0,0,0
1680679598868977823,0,0,0,0
1680679598870771185,0,0,0,0
1680679598872651887,0,0,0,0
1680679598874461939,0,0,0,0
1680679598876392843,0,0,0,0
1680679598878272789,0,0,0,0
1680679598880184758,0,0,0,0
1680679598882042969,0,0,0,0
1680679598884010056,0,0,0,0
1680679598885912069,0,0,0,0
1680679598887924401,0,0,0,0
1680679598889807491,0,0,0,0
1680679598891722106,0,0,0,0
1680679598893629540,0,0,0,0
1680679598895443986,0,0,0,0
1680679598897298601,0,0,0,0
1680679598899067978,0,0,0,0
1680679598900975408,0,0,0,0
1680679598902797250,0,0,0,0
1680679598904797397,0,0,0,0
1680679598906709203,0,0,0,0
1680679598908571737,0,0,0,0
1680679598910471548,0,0,0,0
1680679598912336070,0,0,0,0
1680679598914189120,0,0,0,0
1680679598916025354,0,0,0,0
1680679598917896795,0,0,0,0
1680679598919838375,0,0,0,0
1680679598921672045,0,0,0,0
1680679598923608639,0,0,0,0
1680679598925534794,0,0,0,0
1680679598927381644,0,0,0,0
1680679598929170210,0,0,0,0
1680679598931048831,0,0,0,0
1680679598932879895,0,0,0,0
1680679598934693448,0,0,0,0
1680679598936664710,0,0,0,0
1680679598938557697,0,0,0,0
1680679598940568064,0,0,0,0
1680679598942429954,0,0,0,0
1680679598944408764,0,0,0,0
1680679598946213754,0,0,0,0
1680679598948044033,0,0,0,0
1680679598949844004,0,0,0,0
1680679598951725612,0,0,0,0
1680679598953583546,0,0,0,0
1680679598955447950,0,0,0,0
1680679598957224476,0,0,0,0
1680679598959055544,0,0,0,0
1680679598960898206,0,0,0,0
1680679598962735912,0,0,0,0
1680679598964669338,0,0,0,0
1680679598966545995,0,0,0,0
1680679598968412215,0,0,0,0
1680679598970248913,0,0,0,0
1680679598972159848,0,0,0,0
1680679598974031333,0,0,0,0
1680679598975825626,0,0,0,0
1680679598977618870,0,0,0,0
1680679598979303183,0,0,0,0
1680679598981035837,0,0,0,0
1680679598982869424,0,0,0,0
1680679598984788205,0,0,0,0
1680679598986744851,0,0,0,0
1680679598988616514,0,0,0,0
1680679598990621556,0,0,0,0
1680679598992546250,0,0,0,0
1680679598994516677,0,0,0,0
1680679598996291101,0,0,0,0
1680679598998209969,0,0,0,0
1680679599000051040,0,0,0,0
1680679599001987162,0,0,0,0
1680679599003852844,0,0,0,0
1680679599005771199,0,0,0,0
1680679599007594237,0,0,0,0
1680679599009352471,0,0,0,0
1680679599011219252,0,0,0,0
1680679599012988114,0,0,0,0
1680679599014901773,0,0,0,0
1680679599016797439,0,0,0,0
1680679599018679573,0,0,0,0
1680679599020648567,0,0,0,0
1680679599022555994,0,0,0,0
1680679599024555012,0,0,0,0
1680679599026434599,0,0,0,0
1680679599028338497,0,0,0,0
1680679599030141125,0,0,0,0
1680679599032156238,0,0,0,0
1680679599033986976,0,0,0,0
1680679599035817117,0,0,0,0
1680679599037726300,0,0,0,0
1680679599039676383,0,0,0,0
1680679599041546521,0,0,0,0
1680679599043615344,0,0,0,0
1680679599045612949,0,0,0,0
1680679599047533676,0,0,0,0
1680679599049266476,0,0,0,0
1680679599051036480,0,0,0,0
1680679599052817790,0,0,0,0
1680679599054743300,0,0,0,0
1680679599056653587,0,0,0,0
1680679599058552113,0,0,0,0
1680679599060523931,0,0,0,0
1680679599062534386,0,0,0,0
1680679599064516013,0,0,0,0
1680679599066410383,0,0,0,0
1680679599068295585,0,0,0,0
1680679599070214098,0,0,0,0
1680679599072077944,0,0,0,0
1680679599074007892,0,0,0,0
1680679599075821862,0,0,0,0
1680679599077713512,0,0,0,0
1680679599079627434,0,0,0,0
1680679599081382822,0,0,0,0
1680679599083258130,0,0,0,0
1680679599085096525,0,0,0,0
1680679599086996903,0,0,0,0
1680679599088810652,0,0,0,0
1680679599090705047,0,0,0,0
1680679599092584573,0,0,0,0
1680679599094536020,0,0,0,0
1680679599096386282,0,0,0,0
1680679599098314240,0,0,0,0
1680679599100161364,0,0,0,0
1680679599102027176,0,0,0,0
1680679599103926449,0,0,0,0
1680679599105776128,0,0,0,0
1680679599107682191,0,0,0,0
1680679599109518029,0,0,0,0
1680679599111552516,0,0,0,0
1680679599113353306,0,0,0,0
1680679599115177396,0,0,0,0
1680679599116980722,0,0,0,0
1680679599118837738,0,0,0,0
1680679599120796654,0,0,0,0
1680679599122558140,0,0,0,0
1680679599124552427,0,0,0,0
1680679599126482605,0,0,0,0
1680679599128316488,0,0,0,0
1680679599130196245,0,0,0,0
1680679599132169182,0,0,0,0
1680679599134095374,0,0,0,0
1680679599135975464,0,0,0,0
1680679599137936061,0,0,0,0
1680679599139795342,0,0,0,0
1680679599141732039,0,0,0,0
1680679599143619146,0,0,0,0
1680679599145437820,0,0,0,0
1680679599147321530,0,0,0,0
1680679599149098972,0,0,0,0
1680679599150946594,0,0,0,0
1680679599152810005,0,0,0,0
1680679599154748019,0,0,0,0
1680679599156567632,0,0,0,0
1680679599158461807,0,0,0,0
1680679599160331801,0,0,0,0
1680679599162208883,0,0,0,0
1680679599164051857,0,0,0,0
1680679599165951376,0,0,0,0
1680679599167866994,0,0,0,0
1680679599169733266,0,0,0,0
1680679599171612369,0,0,0,0
1680679599173374512,0,0,0,0
1680679599175236506,0,0,0,0
1680679599177017296,0,0,0,0
1680679599178760002,0,0,0,0
1680679599180636800,0,0,0,0
1680679599182484818,0,0,0,0
1680679599184365533,0,0,0,0
1680679599186277575,0,0,0,0
1680679599188113905,0,0,0,0
1680679599190091348,0,0,0,0
1680679599191951774,0,0,0,0
1680679599193896426,0,0,0,0
1680679599195735042,0,0,0,0
1680679599197435307,0,0,0,0
1680679599199295462,0,0,0,0
1680679599201083259,0,0,0,0
1680679599202799095,0,0,0,0
1680679599204561271,0,0,0,0
1680679599206547081,0,0,0,0
1680679599208423612,0,0,0,0
1680679599210324650,0,0,0,0
1680679599212271705,0,0,0,0
1680679599214244979,0,0,0,0
1680679599216081320,0,0,0,0
1680679599217851335,0,0,0,0
1680679599219738806,0,0,0,0
1680679599221522247,0,0,0,0
1680679599223416241,0,0,0,0
1680679599225268370,0,0,0,0
1680679599227138394,0,0,0,0
1680679599228944111,0,0,0,0
1680679599230777217,0,0,0,0
1680679599232697668,0,0,0,0
1680679599234547660,0,0,0,0
1680679599236424140,0,0,0,0
1680679599238243766,0,0,0,0
1680679599240073319,0,0,0,0
1680679599241861432,0,0,0,0
1680679599243757657,0,0,0,0
1680679599245680831,0,0,0,0
1680679599256807876,0,0,0,0
1680679599258596822,0,0,0,0
1680679599260508292,0,0,0,0
1680679599262517740,0,0,0,0
1680679599264551478,0,0,0,0
1680679599266487520,0,0,0,0
1680679599268429754,0,0,0,0
1680679599270216584,0,0,0,0
1680679599272144103,0,0,0,0
1680679599273910560,0,0,0,0
1680679599275642406,0,0,0,0
1680679599277570008,0,0,0,0
1680679599279370086,0,0,0,0
1680679599281171521,0,0,0,0
1680679599282873229,0,0,0,0
1680679599284810832,0,0,0,0
1680679599286636122,0,0,0,0
1680679599288488388,0,0,0,0
1680679599290339483,0,0,0,0
1680679599292295597,0,0,0,0
1680679599294222083,0,0,0,0
1680679599296163553,0,0,0,0
1680679599298053156,0,0,0,0
1680679599299917858,0,0,0,0
1680679599301676572,0,0,0,0
1680679599303475554,0,0,0,0
1680679599305389282,0,0,0,0
1680679599307161574,0,0,0,0
1680679599308920828,0,0,0,0
1680679599310857630,0,0,0,0
1680679599312810579,0,0,0,0
1680679599314679879,0,0,0,0
1680679599316500909,0,0,0,0
1680679599318359127,0,0,0,0
1680679599320280622,0,0,0,0
1680679599322088169,0,0,0,0
1680679599323965349,0,0,0,0
1680679599325851331,0,0,0,0
1680679599327632494,0,0,0,0
1680679599329427921,0,0,0,0
1680679599331284273,0,0,0,0
1680679599333204665,0,0,0,0
1680679599334909786,0,0,0,0
1680679599336744243,0,0,0,0
1680679599338519728,0,0,0,0
1680679599340273115,0,0,0,0
1680679599342059950,0,0,0,0
1680679599343974576,0,0,0,0
1680679599345904954,0,0,0,0
1680679599347829822,0,0,0,0
1680679599349714592,0,0,0,0
1680679599351549933,0,0,0,0
1680679599353564498,0,0,0,0
1680679599355329177,0,0,0,0
1680679599357185599,0,0,0,0
1680679599358998161,0,0,0,0
1680679599360823038,0,0,0,0
1680679599362522537,0,0,0,0
1680679599364344999,0,0,0,0
1680679599366196970,0,0,0,0
1680679599368061659,0,0,0,0
1680679599369933887,0,0,0,0
1680679599371891360,0,0,0,0
1680679599373794182,0,0,0,0
1680679599375700786,0,0,0,0
1680679599377519471,0,0,0,0
1680679599379452273,0,0,0,0
1680679599381241671,0,0,0,0
1680679599383011153,0,0,0,0
1680679599384808157,0,0,0,0
1680679599386734709,0,0,0,0
1680679599388569767,0,0,0,0
1680679599390457255,0,0,0,0
1680679599392309631,0,0,0,0
1680679599394282270,0,0,0,0
1680679599396140272,0,0,0,0
1680679599398043738,0,0,0,0
1680679599399925364,0,0,0,0
1680679599401729802,0,0,0,0
1680679599403543228,0,0,0,0
1680679599405444652,0,0,0,0
1680679599407298745,0,0,0,0
1680679599409128430,0,0,0,0
1680679599410984797,0,0,0,0
1680679599412920890,0,0,0,0
1680679599414772589,0,0,0,0
1680679599416674970,0,0,0,0
1680679599418529414,0,0,0,0
1680679599420339014,0,0,0,0
1680679599422129718,0,0,0,0
1680679599423956724,0,0,0,0
1680679599425909770,0,0,0,0
1680679599427849697,0,0,0,0
1680679599429820555,0,0,0,0
1680679599431728537,0,0,0,0
1680679599433684516,0,0,0,0
1680679599435543854,0,0,0,0
1680679599437608885,0,0,0,0
1680679599439445799,0,0,0,0
1680679599441174821,0,0,0,0
1680679599443093763,0,0,0,0
1680679599444947293,0,0,0,0
1680679599446903788,0,0,0,0
1680679599448808082,0,0,0,0
1680679599450694898,0,0,0,0
1680679599452606143,0,0,0,0
1680679599454504796,0,0,0,0
1680679599456394505,0,0,0,0
1680679599458185625,0,0,0,0
1680679599460064159,0,0,0,0
1680679599461914765,0,0,0,0
1680679599463744132,0,0,0,0
1680679599465624098,0,0,0,0
1680679599467522452,0,0,0,0
1680679599469336896,0,0,0,0
1680679599471111987,0,0,0,0
1680679599472973070,0,0,0,0
1680679599474893757,0,0,0,0
1680679599476747035,0,0,0,0
1680679599478681796,0,0,0,0
1680679599480541567,0,0,0,0
1680679599482431741,0,0,0,0
1680679599484294079,0,0,0,0
1680679599486244558,0,0,0,0
1680679599488034382,0,0,0,0
1680679599489842273,0,0,0,0
1680679599491666331,0,0,0,0
1680679599493567753,0,0,0,0
1680679599495325293,0,0,0,0
1680679599497071730,0,0,0,0
1680679599498964252,0,0,0,0
1680679599500827940,0,0,0,0
1680679599502718096,0,0,0,0
1680679599504612918,0,0,0,0
1680679599506536981,0,0,0,0
1680679599508630415,0,0,0,0
1680679599510411653,0,0,0,0
1680679599512309543,0,0,0,0
1680679599514261834,0,0,0,0
1680679599516086683,0,0,0,0
1680679599518040362,0,0,0,0
1680679599519913558,0,0,0,0
1680679599522076484,0,0,0,0
1680679599523965614,0,0,0,0
1680679599525989503,0,0,0,0
1680679599528041425,0,0,0,0
1680679599529869999,0,0,0,0
1680679599531648466,0,0,0,0
1680679599533398917,0,0,0,0
1680679599535089751,0,0,0,0
1680679599536790308,0,0,0,0
1680679599538678280,0,0,0,0
1680679599540508140,0,0,0,0
1680679599542512791,0,0,0,0
1680679599544513992,0,0,0,0
1680679599546483309,0,0,0,0
1680679599548411930,0,0,0,0
1680679599550351971,0,0,0,0
1680679599552345348,0,0,0,0
1680679599554379539,0,0,0,0
1680679599556178455,0,0,0,0
1680679599557969922,0,0,0,0
1680679599559739686,0,0,0,0
1680679599561467618,0,0,0,0
1680679599563257326,0,0,0,0
1680679599565172506,0,0,0,0
1680679599566853698,0,0,0,0
1680679599568581036,0,0,0,0
1680679599570378648,0,0,0,0
1680679599572287100,0,0,0,0
1680679599574080784,0,0,0,0
1680679599575823292,0,0,0,0
1680679599577645085,0,0,0,0
1680679599579334104,0,0,0,0
1680679599581081037,0,0,0,0
1680679599582934409,0,0,0,0
1680679599584828460,0,0,0,0
1680679599586740450,0,0,0,0
1680679599588632778,0,0,0,0
1680679599590553131,0,0,0,0
1680679599592487614,0,0,0,0
1680679599594796271,0,0,0,0
1680679599596730509,0,0,0,0
1680679599598599066,0,0,0,0
1680679599600476667,0,0,0,0
1680679599602357718,0,0,0,0
1680679599604232418,0,0,0,0
1680679599606228414,0,0,0,0
1680679599608106045,0,0,0,0
1680679599610588828,0,0,0,0
1680679599612505687,0,0,0,0
1680679599614400738,0,0,0,0
1680679599616261660,0,0,0,0
1680679599618138141,0,0,0,0
1680679599619989158,0,0,0,0
1680679599621940525,0,0,0,0
1680679599623846238,0,0,0,0
1680679599626309913,0,0,0,0
1680679599628186385,0,0,0,0
1680679599630062045,0,0,0,0
1680679599631949450,0,0,0,0
1680679599633830279,0,0,0,0
1680679599635704439,0,0,0,0
1680679599637583578,0,0,0,0
1680679599639470616,0,0,0,0
1680679599641914312,0,0,0,0
1680679599643930233,0,0,0,0
1680679599646039939,0,0,0,0
1680679599716623722,0,0,0,0
1680679599783010892,0,0,0,0
1680679599784957912,0,0,0,0
1680679599786892770,0,0,0,0
1680679599788822081,0,0,0,0
1680679599790738015,0,0,0,0
1680679599792750754,0,0,0,0
1680679599794802486,0,0,0,0
1680679599796767356,0,0,0,0
1680679599798511749,0,0,0,0
1680679599800332629,0,0,0,0
1680679599802294721,0,0,0,0
1680679599804196064,0,0,0,0
1680679599806248134,0,0,0,0
1680679599808113520,0,0,0,0
1680679599809996215,0,0,0,0
1680679599811866900,0,0,0,0
1680679599813850919,0,0,0,0
1680679599815775566,0,0,0,0
1680679599817546001,0,0,0,0
1680679599819263973,0,0,0,0
1680679599821083352,0,0,0,0
1680679599822946577,0,0,0,0
1680679599824786183,0,0,0,0
1680679599826779602,0,0,0,0
1680679599828641736,0,0,0,0
1680679599830589589,0,0,0,0
1680679599832435229,0,0,0,0
1680679599834411807,0,0,0,0
1680679599836264113,0,0,0,0
1680679599838163772,0,0,0,0
1680679599839961022,0,0,0,0
1680679599841871116,0,0,0,0
1680679599843637802,0,0,0,0
1680679599845493093,0,0,0,0
1680679599847294054,0,0,0,0
1680679599849160200,0,0,0,0
1680679599851041162,0,0,0,0
1680679599852896705,0,0,0,0
1680679599854840567,0,0,0,0
1680679599856686229,0,0,0,0
1680679599858597669,0,0,0,0
1680679599860415790,0,0,0,0
1680679599862211372,0,0,0,0
1680679599864086465,0,0,0,0
1680679599865941640,0,0,0,0
1680679599867814194,0,0,0,0
1680679599869676664,0,0,0,0
1680679599871554022,0,0,0,0
1680679599873413805,0,0,0,0
1680679599875313911,0,0,0,0
1680679599877130297,0,0,0,0
1680679599879021411,0,0,0,0
1680679599880811753,0,0,0,0
1680679599882595419,0,0,0,0
1680679599884414133,0,0,0,0
1680679599886391672,0,0,0,0
1680679599888267414,0,0,0,0
1680679599890116351,0,0,0,0
1680679599891973461,0,0,0,0
1680679599894035872,0,0,0,0
1680679599895970798,0,0,0,0
1680679599897857257,0,0,0,0
1680679599899754435,0,0,0,0
1680679599901510921,0,0,0,0
1680679599903364909,0,0,0,0
1680679599905161525,0,0,0,0
1680679599906945487,0,0,0,0
1680679599908809433,0,0,0,0
1680679599910689323,0,0,0,0
1680679599912752166,0,0,0,0
1680679599914726569,0,0,0,0
1680679599916662347,0,0,0,0
1680679599918634358,0,0,0,0
1680679599920460166,0,0,0,0
1680679599922352418,0,0,0,0
1680679599924124063,0,0,0,0
1680679599936803469,0,0,0,0
1680679599938800852,0,0,0,0
1680679599940808475,0,0,0,0
1680679599942860018,0,0,0,0
1680679599944866301,0,0,0,0
1680679599947005363,0,0,0,0
1680679599949004710,0,0,0,0
1680679599950910032,0,0,0,0
1680679599952791100,0,0,0,0
1680679599954526111,0,0,0,0
1680679599956456432,0,0,0,0
1680679599958279089,0,0,0,0
1680679599960195171,0,0,0,0
1680679599962051949,0,0,0,0
1680679599963839789,0,0,0,0
1680679599965706053,0,0,0,0
1680679599967683755,0,0,0,0
1680679599969444756,0,0,0,0
1680679599971225234,0,0,0,0
1680679599973173566,0,0,0,0
1680679599975058741,0,0,0,0
1680679599976876219,0,0,0,0
1680679599978701276,0,0,0,0
1680679599980599731,0,0,0,0
1680679599982361980,0,0,0,0
1680679599984235678,0,0,0,0
1680679599986102712,0,0,0,0
1680679599987923029,0,0,0,0
1680679599989855229,0,0,0,0
1680679599991744303,0,0,0,0
1680679599993635662,0,0,0,0
1680679599995555608,0,0,0,0
1680679599997539974,0,0,0,0
1680679599999467576,0,0,0,0
1680679600001363019,0,0,0,0
1680679600003162125,0,0,0,0
1680679600004917379,0,0,0,0
1680679600006826538,0,0,0,0
1680679600008576739,0,0,0,0
1680679600010505013,0,0,0,0
1680679600012387911,0,0,0,0
1680679600014285341,0,0,0,0
1680679600016256520,0,0,0,0
1680679600018210757,0,0,0,0
1680679600020045340,0,0,0,0
1680679600021990235,0,0,0,0
1680679600023889027,0,0,0,0
1680679600025715088,0,0,0,0
1680679600027547161,0,0,0,0
1680679600029401360,0,0,0,0
1680679600031218925,0,0,0,0
1680679600033066427,0,0,0,0
1680679600034978986,0,0,0,0
1680679600036814265,0,0,0,0
1680679600038680402,0,0,0,0
1680679600040599616,0,0,0,0
1680679600042451356,0,0,0,0
1680679600044347081,0,0,0,0
1680679600046199534,0,0,0,0
1680679600048105213,0,0,0,0
1680679600049917551,0,0,0,0
1680679600051727245,0,0,0,0
1680679600053693066,0,0,0,0
1680679600055656286,0,0,0,0
1680679600057517893,0,0,0,0
1680679600059432805,0,0,0,0
1680679600061229160,0,0,0,0
1680679600063128483,0,0,0,0
1680679600064913993,0,0,0,0
1680679600066912563,0,0,0,0
1680679600068797070,0,0,0,0
1680679600070609195,0,0,0,0
1680679600072527208,0,0,0,0
1680679600074398872,0,0,0,0
1680679600076324686,0,0,0,0
1680679600078175389,0,0,0,0
1680679600080086811,0,0,0,0
1680679600081942269,0,0,0,0
1680679600083862904,0,0,0,0
1680679600085698926,0,0,0,0
1680679600087633724,0,0,0,0
1680679600089389104,0,0,0,0
1680679600091118712,0,0,0,0
1680679600092973109,0,0,0,0
1680679600094822859,0,0,0,0
1680679600096579510,0,0,0,0
1680679600098473400,0,0,0,0
1680679600100346129,0,0,0,0
1680679600102247668,0,0,0,0
1680679600104185252,0,0,0,0
1680679600106086005,0,0,0,0
1680679600108051778,0,0,0,0
1680679600109850157,0,0,0,0
1680679600111736191,0,0,0,0
1680679600113643584,0,0,0,0
1680679600115575728,0,0,0,0
1680679600117352070,0,0,0,0
1680679600119063810,0,0,0,0
1680679600120793653,0,0,0,0
1680679600122582792,0,0,0,0
1680679600124472842,0,0,0,0
1680679600126332636,0,0,0,0
1680679600128274498,0,0,0,0
1680679600130148144,0,0,0,0
1680679600132082470,0,0,0,0
1680679600133986985,0,0,0,0
1680679600135942516,0,0,0,0
1680679600137816118,0,0,0,0
1680679600139694792,0,0,0,0
1680679600141516682,0,0,0,0
1680679600143431092,0,0,0,0
1680679600145194996,0,0,0,0
1680679600147001692,0,0,0,0
1680679600148881795,0,0,0,0
1680679600150752727,0,0,0,0
1680679600152678543,0,0,0,0
1680679600154616367,0,0,0,0
1680679600156600104,0,0,0,0
1680679600158500278,0,0,0,0
1680679600160324700,0,0,0,0
1680679600162208386,0,0,0,0
1680679600163991623,0,0,0,0
1680679600165975639,0,0,0,0
1680679600167846657,0,0,0,0
1680679600169734011,0,0,0,0
1680679600171574437,0,0,0,0
1680679600173314423,0,0,0,0
1680679600175080649,0,0,0,0
1680679600176816920,0,0,0,0
1680679600178643528,0,0,0,0
1680679600180480127,0,0,0,0
1680679600182372513,0,0,0,0
1680679600184295032,0,0,0,0
1680679600186142198,0,0,0,0
1680679600188094136,0,0,0,0
1680679600189971949,0,0,0,0
1680679600191785595,0,0,0,0
1680679600193707776,0,0,0,0
1680679600195546364,0,0,0,0
1680679600197289430,0,0,0,0
1680679600199124340,0,0,0,0
1680679600200918554,0,0,0,0
1680679600202814517,0,0,0,0
1680679600204646325,0,0,0,0
1680679600206644109,0,0,0,0
1680679600208529283,0,0,0,0
1680679600210353562,0,0,0,0
1680679600212145516,0,0,0,0
1680679600214017334,0,0,0,0
1680679600215873495,0,0,0,0
1680679600217765290,0,0,0,0
1680679600219644588,0,0,0,0
1680679600221515800,0,0,0,0
1680679600223521407,0,0,0,0
1680679600225385782,0,0,0,0
1680679600227275745,0,0,0,0
1680679600229171719,0,0,0,0
1680679600231021592,0,0,0,0
1680679600232821375,0,0,0,0
1680679600234530401,0,0,0,0
1680679600236274329,0,0,0,0
1680679600238027430,0,0,0,0
1680679600239764486,0,0,0,0
1680679600241659516,0,0,0,0
1680679600243579851,0,0,0,0
1680679600245358654,0,0,0,0
1680679600247188339,0,0,0,0
1680679600249003546,0,0,0,0
1680679600250933696,0,0,0,0
1680679600252763691,0,0,0,0
1680679600254741172,0,0,0,0
1680679600256635429,0,0,0,0
1680679600258502420,0,0,0,0
1680679600260321762,0,0,0,0
1680679600262204100,0,0,0,0
1680679600264103287,0,0,0,0
1680679600265946753,0,0,0,0
1680679600267834667,0,0,0,0
1680679600269677129,0,0,0,0
1680679600271601188,0,0,0,0
1680679600273389701,0,0,0,0
1680679600275171676,0,0,0,0
1680679600276931842,0,0,0,0
1680679600278853190,0,0,0,0
1680679600280710938,0,0,0,0
1680679600282505640,0,0,0,0
1680679600284428590,0,0,0,0
1680679600286346292,0,0,0,0
1680679600288249110,0,0,0,0
1680679600290196433,0,0,0,0
1680679600292055879,0,0,0,0
1680679600294039120,0,0,0,0
1680679600295856884,0,0,0,0
1680679600297815382,0,0,0,0
1680679600299656348,0,0,0,0
1680679600301397070,0,0,0,0
1680679600303128943,0,0,0,0
1680679600304919932,0,0,0,0
1680679600306757060,0,0,0,0
1680679600308692422,0,0,0,0
1680679600310640444,0,0,0,0
1680679600312508299,0,0,0,0
1680679600314509713,0,0,0,0
1680679600316365227,0,0,0,0
1680679600318279529,0,0,0,0
1680679600320123397,0,0,0,0
1680679600321926112,0,0,0,0
1680679600323819712,0,0,0,0
1680679600325637218,0,0,0,0
1680679600327614549,0,0,0,0
1680679600329378314,0,0,0,0
1680679600331108084,0,0,0,0
1680679600332878266,0,0,0,0
1680679600334802817,0,0,0,0
1680679600336708809,0,0,0,0
1680679600338654061,0,0,0,0
1680679600340518674,0,0,0,0
1680679600342448974,0,0,0,0
1680679600344329284,0,0,0,0
1680679600346286282,0,0,0,0
1680679600348108444,0,0,0,0
1680679600349966644,0,0,0,0
1680679600351893284,0,0,0,0
1680679600353737063,0,0,0,0
1680679600355671117,0,0,0,0
1680679600357520468,0,0,0,0
1680679600359416109,0,0,0,0
1680679600361162767,0,0,0,0
1680679600363058997,0,0,0,0
1680679600364868543,0,0,0,0
1680679600366661873,0,0,0,0
1680679600368450739,0,0,0,0
1680679600370405474,0,0,0,0
1680679600372269933,0,0,0,0
1680679600374198734,0,0,0,0
1680679600376071920,0,0,0,0
1680679600378003735,0,0,0,0
1680679600379879610,0,0,0,0
1680679600381638579,0,0,0,0
1680679600383539777,0,0,0,0
1680679600385287255,0,0,0,0
1680679600387122335,0,0,0,0
1680679600388957703,0,0,0,0
1680679600390844680,0,0,0,0
1680679600392691606,0,0,0,0
1680679600394590402,0,0,0,0
1680679600396474924,0,0,0,0
1680679600398332292,0,0,0,0
1680679600400186004,0,0,0,0
1680679600402021899,0,0,0,0
1680679600403850012,0,0,0,0
1680679600405765529,0,0,0,0
1680679600407729363,0,0,0,0
1680679600409555523,0,0,0,0
1680679600411479773,0,0,0,0
1680679600413250947,0,0,0,0
1680679600415053053,0,0,0,0
1680679600416794780,0,0,0,0
1680679600418637750,0,0,0,0
1680679600420483332,0,0,0,0
1680679600422343353,0,0,0,0
1680679600424269452,0,0,0,0
1680679600426173295,0,0,0,0
1680679600428153609,0,0,0,0
1680679600430049819,0,0,0,0
1680679600431829305,0,0,0,0
1680679600433583030,0,0,0,0
1680679600435491533,0,0,0,0
1680679600437299951,0,0,0,0
1680679600439152599,0,0,0,0
1680679600440960563,0,0,0,0
1680679600442820999,0,0,0,0
1680679600444760212,0,0,0,0
1680679600446605613,0,0,0,0
1680679600448577390,0,0,0,0
1680679600450429682,0,0,0,0
1680679600452313837,0,0,0,0
1680679600454145755,0,0,0,0
1680679600456043615,0,0,0,0
1680679600457851031,0,0,0,0
1680679600459673801,0,0,0,0
1680679600461517431,0,0,0,0
1680679600463475400,0,0,0,0
1680679600465290255,0,0,0,0
1680679600467173741,0,0,0,0
1680679600469010740,0,0,0,0
1680679600470771918,0,0,0,0
1680679600472674263,0,0,0,0
1680679600474507369,0,0,0,0
1680679600476295602,0,0,0,0
1680679600478170842,0,0,0,0
1680679600479973736,0,0,0,0
1680679600481819750,0,0,0,0
1680679600483665934,0,0,0,0
1680679600485525087,0,0,0,0
1680679600487415601,0,0,0,0
1680679600489271394,0,0,0,0
1680679600491006913,0,0,0,0
1680679600492794971,0,0,0,0
1680679600494643849,0,0,0,0
1680679600496451723,0,0,0,0
1680679600498485625,0,0,0,0
1680679600500315519,0,0,0,0
1680679600502123393,0,0,0,0
1680679600504056328,0,0,0,0
1680679600505965862,0,0,0,0
1680679600507853026,0,0,0,0
1680679600509742927,0,0,0,0
1680679600511634057,0,0,0,0
1680679600513384123,0,0,0,0
1680679600515253864,0,0,0,0
1680679600517157111,0,0,0,0
1680679600518980241,0,0,0,0
1680679600520751590,0,0,0,0
1680679600522503216,0,0,0,0
1680679600524274119,0,0,0,0
1680679600526214621,0,0,0,0
1680679600528134775,0,0,0,0
1680679600530079745,0,0,0,0
1680679600531912384,0,0,0,0
1680679600533702593,0,0,0,0
1680679600535607224,0,0,0,0
1680679600537395242,0,0,0,0
1680679600539058715,0,0,0,0
1680679600540903905,0,0,0,0
1680679600542694159,0,0,0,0
1680679600544454467,0,0,0,0
1680679600546384459,0,0,0,0
1680679600548282380,0,0,0,0
1680679600550202646,0,0,0,0
1680679600552047518,0,0,0,0
1680679600553983833,0,0,0,0
1680679600555832005,0,0,0,0
1680679600557777033,0,0,0,0
1680679600559661575,0,0,0,0
1680679600561418849,0,0,0,0
1680679600563155647,0,0,0,0
1680679600564895929,0,0,0,0
1680679600566744966,0,0,0,0
1680679600568658307,0,0,0,0
1680679600570519395,0,0,0,0
1680679600572354787,0,0,0,0
1680679600574202879,0,0,0,0
1680679600576044965,0,0,0,0
1680679600577901787,0,0,0,0
1680679600579759284,0,0,0,0
1680679600581613650,0,0,0,0
1680679600583518302,0,0,0,0
1680679600585347702,0,0,0,0
1680679600587268507,0,0,0,0
1680679600589069737,0,0,0,0
1680679600590903506,0,0,0,0
1680679600592711324,0,0,0,0
1680679600594536698,0,0,0,0
1680679600596421681,0,0,0,0
1680679600598291098,0,0,0,0
1680679600600230953,0,0,0,0
1680679600602057496,0,0,0,0
1680679600603923266,0,0,0,0
1680679600605800852,0,0,0,0
1680679600607728130,0,0,0,0
1680679600609665436,0,0,0,0
1680679600611552915,0,0,0,0
1680679600613320033,0,0,0,0
1680679600615054285,0,0,0,0
1680679600616816680,0,0,0,0
1680679600618603870,0,0,0,0
1680679600620536304,0,0,0,0
1680679600622401623,0,0,0,0
1680679600624325971,0,0,0,0
1680679600626210135,0,0,0,0
1680679600628223838,0,0,0,0
1680679600630048904,0,0,0,0
1680679600631907894,0,0,0,0
1680679600633710276,0,0,0,0
1680679600635652878,0,0,0,0
1680679600637541137,0,0,0,0
1680679600639358691,0,0,0,0
1680679600641086476,0,0,0,0
1680679600642972351,0,0,0,0
1680679600644810181,0,0,0,0
1680679600646673005,0,0,0,0
1680679600648592031,0,0,0,0
1680679600650511656,0,0,0,0
1680679600652335065,0,0,0,0
1680679600654237870,0,0,0,0
1680679600656049156,0,0,0,0
1680679600657977840,0,0,0,0
1680679600659810042,0,0,0,0
1680679600661657309,0,0,0,0
1680679600663441382,0,0,0,0
1680679600665309901,0,0,0,0
1680679600667129940,0,0,0,0
1680679600669040875,0,0,0,0
1680679600670835774,0,0,0,0
1680679600672630176,0,0,0,0
1680679600674568803,0,0,0,0
1680679600676412898,0,0,0,0
1680679600678298039,0,0,0,0
1680679600680207282,0,0,0,0
1680679600682043639,0,0,0,0
1680679600683799341,0,0,0,0
1680679600685634123,0,0,0,0
1680679600687552462,0,0,0,0
1680679600689312919,0,0,0,0
1680679600691166497,0,0,0,0
1680679600692977931,0,0,0,0
1680679600694903262,0,0,0,0
1680679600696780132,0,0,0,0
1680679600698822419,0,0,0,0
1680679600700669957,0,0,0,0
1680679600702620952,0,0,0,0
1680679600704422221,0,0,0,0
1680679600706327900,0,0,0,0
1680679600708176730,0,0,0,0
1680679600710071754,0,0,0,0
1680679600711883562,0,0,0,0
1680679600713784186,0,0,0,0
1680679600715668302,0,0,0,0
1680679600717604829,0,0,0,0
1680679600719424147,0,0,0,0
1680679600721199799,0,0,0,0
1680679600722998479,0,0,0,0
1680679600724810392,0,0,0,0
1680679600726832904,0,0,0,0
1680679600728775896,0,0,0,0
1680679600730634764,0,0,0,0
1680679600732553223,0,0,0,0
1680679600734415549,0,0,0,0
1680679600736333694,0,0,0,0
1680679600738124373,0,0,0,0
1680679600740009339,0,0,0,0
1680679600741822919,0,0,0,0
1680679600743722647,0,0,0,0
1680679600745602890,0,0,0,0
1680679600747557912,0,0,0,0
1680679600749424828,0,0,0,0
1680679600751221028,0,0,0,0
1680679600753111070,0,0,0,0
1680679600754994452,0,0,0,0
1680679600756847391,0,0,0,0
1680679600758679801,0,0,0,0
1680679600760518135,0,0,0,0
1680679600762327653,0,0,0,0
1680679600764223955,0,0,0,0
1680679600766098898,0,0,0,0
1680679600768045248,0,0,0,0
1680679600769929287,0,0,0,0
1680679600771866819,0,0,0,0
1680679600773737923,0,0,0,0
1680679600775714174,0,0,0,0
1680679600777446277,0,0,0,0
1680679600779302212,0,0,0,0
1680679600781124449,0,0,0,0
1680679600782852129,0,0,0,0
1680679600784666219,0,0,0,0
1680679600786574613,0,0,0,0
1680679600788586027,0,0,0,0
1680679600790497550,0,0,0,0
1680679600792383412,0,0,0,0
1680679600794274498,0,0,0,0
1680679600796233701,0,0,0,0
1680679600798053715,0,0,0,0
1680679600799810297,0,0,0,0
1680679600801611397,0,0,0,0
1680679600803267919,0,0,0,0
1680679600804923777,0,0,0,0
1680679600806574841,0,0,0,0
1680679600808329094,0,0,0,0
1680679600810053474,0,0,0,0
1680679600811939125,0,0,0,0
1680679600813763446,0,0,0,0
1680679600815589683,0,0,0,0
1680679600817416509,0,0,0,0
1680679600819119035,0,0,0,0
1680679600820940110,0,0,0,0
1680679600822764249,0,0,0,0
1680679600824704973,0,0,0,0
1680679600826414079,0,0,0,0
1680679600828216199,0,0,0,0
1680679600830032925,0,0,0,0
1680679600832082739,0,0,0,0
1680679600833887438,0,0,0,0
1680679600835766335,0,0,0,0
1680679600837670378,0,0,0,0
1680679600839387554,0,0,0,0
1680679600841128548,0,0,0,0
1680679600842825170,0,0,0,0
1680679600844533148,0,0,0,0
1680679600846242511,0,0,0,0
1680679600847986554,0,0,0,0
1680679600849712774,0,0,0,0
1680679600851421128,0,0,0,0
1680679600853119582,0,0,0,0
1680679600854831350,0,0,0,0
1680679600856545971,0,0,0,0
1680679600858288408,0,0,0,0
1680679600860023570,0,0,0,0
1680679600861742136,0,0,0,0
1680679600863478673,0,0,0,0
1680679600865195919,0,0,0,0
1680679600867051711,0,0,0,0
1680679600868845539,0,0,0,0
1680679600870535607,0,0,0,0
1680679600872219568,0,0,0,0
1680679600873914262,0,0,0,0
1680679600875608927,0,0,0,0
1680679600877318598,0,0,0,0
1680679600878999691,0,0,0,0
1680679600880728521,0,0,0,0
1680679600882550478,0,0,0,0
1680679600884426028,0,0,0,0
1680679600886260451,0,0,0,0
1680679600888092203,0,0,0,0
1680679600890010609,0,0,0,0
1680679600891842205,0,0,0,0
1680679600893656805,0,0,0,0
1680679600895515350,0,0,0,0
1680679600897394088,0,0,0,0
1680679600899319060,0,0,0,0
1680679600901180588,0,0,0,0
1680679600902990431,0,0,0,0
1680679600904795684,0,0,0,0
1680679600906615612,0,0,0,0
1680679600908454596,0,0,0,0
1680679600910309369,0,0,0,0
1680679600912101744,0,0,0,0
1680679600914011124,0,0,0,0
1680679600915915718,0,0,0,0
1680679600917857377,0,0,0,0
1680679600919707274,0,0,0,0
1680679600921587662,0,0,0,0
1680679600923459769,0,0,0,0
1680679600925339495,0,0,0,0
1680679600927165746,0,0,0,0
1680679600929083952,0,0,0,0
1680679600930920267,0,0,0,0
1680679600932725967,0,0,0,0
1680679600934544961,0,0,0,0
1680679600936382171,0,0,0,0
1680679600938265528,0,0,0,0
1680679600940057753,0,0,0,0
1680679600941950470,0,0,0,0
1680679600943958565,0,0,0,0
1680679601012037598,0,0,0,0
1680679601079030621,0,0,0,0
1680679601080973566,0,0,0,0
1680679601082895664,0,0,0,0
1680679601084814778,0,0,0,0
1680679601086729878,0,0,0,0
1680679601088742043,0,0,0,0
1680679601090808223,0,0,0,0
1680679601092531551,0,0,0,0
1680679601094260192,0,0,0,0
1680679601095979083,0,0,0,0
1680679601097758957,0,0,0,0
1680679601099569879,0,0,0,0
1680679601101347821,0,0,0,0
1680679601103119082,0,0,0,0
1680679601104861448,0,0,0,0
1680679601106690038,0,0,0,0
1680679601108545424,0,0,0,0
1680679601110549523,0,0,0,0
1680679601112422526,0,0,0,0
1680679601114321399,0,0,0,0
1680679601116177745,0,0,0,0
1680679601118105928,0,0,0,0
1680679601119955543,0,0,0,0
1680679601121789769,0,0,0,0
1680679601123604982,0,0,0,0
1680679601125315452,0,0,0,0
1680679601127015685,0,0,0,0
1680679601128811272,0,0,0,0
1680679601130676592,0,0,0,0
1680679601132557443,0,0,0,0
1680679601134422954,0,0,0,0
1680679601136271144,0,0,0,0
1680679601138171427,0,0,0,0
1680679601140116817,0,0,0,0
1680679601141955011,0,0,0,0
1680679601143857833,0,0,0,0
1680679601145683159,0,0,0,0
1680679601147591005,0,0,0,0
1680679601149614664,0,0,0,0
1680679601151351762,0,0,0,0
1680679601153193128,0,0,0,0
1680679601155017958,0,0,0,0
1680679601156809678,0,0,0,0
1680679601158705135,0,0,0,0
1680679601160503321,0,0,0,0
1680679601162258083,0,0,0,0
1680679601164142220,0,0,0,0
1680679601165997895,0,0,0,0
1680679601167861527,0,0,0,0
1680679601169780293,0,0,0,0
1680679601171678689,0,0,0,0
1680679601173564271,0,0,0,0
1680679601175518722,0,0,0,0
1680679601177280196,0,0,0,0
1680679601179151617,0,0,0,0
1680679601180921715,0,0,0,0
1680679601182741358,0,0,0,0
1680679601184566680,0,0,0,0
1680679601186468606,0,0,0,0
1680679601188342160,0,0,0,0
1680679601190335107,0,0,0,0
1680679601192198260,0,0,0,0
1680679601194097212,0,0,0,0
1680679601196039106,0,0,0,0
1680679601197871740,0,0,0,0
1680679601199689518,0,0,0,0
1680679601201450207,0,0,0,0
1680679601203167009,0,0,0,0
1680679601204931583,0,0,0,0
1680679601206703369,0,0,0,0
1680679601208734512,0,0,0,0
1680679601210637318,0,0,0,0
1680679601212443587,0,0,0,0
1680679601214379874,0,0,0,0
1680679601216243192,0,0,0,0
1680679601218202943,0,0,0,0
1680679601220048972,0,0,0,0
1680679601221985199,0,0,0,0
1680679601223894774,0,0,0,0
1680679601225755540,0,0,0,0
1680679601227674743,0,0,0,0
1680679601229481485,0,0,0,0
1680679601231299862,0,0,0,0
1680679601233031344,0,0,0,0
1680679601234859610,0,0,0,0
1680679601236706736,0,0,0,0
1680679601238681475,0,0,0,0
1680679601240563473,0,0,0,0
1680679601242546288,0,0,0,0
1680679601244426925,0,0,0,0
1680679601246431094,0,0,0,0
1680679601248322931,0,0,0,0
1680679601250186984,0,0,0,0
1680679601252008378,0,0,0,0
1680679601253841341,0,0,0,0
1680679601255604484,0,0,0,0
1680679601257590573,0,0,0,0
1680679601259494743,0,0,0,0
1680679601261361921,0,0,0,0
1680679601263247814,0,0,0,0
1680679601265034370,0,0,0,0
1680679601266972724,0,0,0,0
1680679601268823317,0,0,0,0
1680679601270665125,0,0,0,0
1680679601272568455,0,0,0,0
1680679601274401507,0,0,0,0
1680679601276244271,0,0,0,0
1680679601278032479,0,0,0,0
1680679601279890723,0,0,0,0
1680679601281746611,0,0,0,0
1680679601283684491,0,0,0,0
1680679601285522015,0,0,0,0
1680679601287457695,0,0,0,0
1680679601289252761,0,0,0,0
1680679601291055523,0,0,0,0
1680679601292905088,0,0,0,0
1680679601294694153,0,0,0,0
1680679601296463441,0,0,0,0
1680679601298307684,0,0,0,0
1680679601300234518,0,0,0,0
1680679601302079110,0,0,0,0
1680679601303936251,0,0,0,0
1680679601305886997,0,0,0,0
1680679601307739464,0,0,0,0
1680679601309650869,0,0,0,0
1680679601311517236,0,0,0,0
1680679601313308521,0,0,0,0
1680679601315124041,0,0,0,0
1680679601316922981,0,0,0,0
1680679601318643613,0,0,0,0
1680679601320408385,0,0,0,0
1680679601322211517,0,0,0,0
1680679601324108616,0,0,0,0
1680679601325978059,0,0,0,0
1680679601327896345,0,0,0,0
1680679601329779500,0,0,0,0
1680679601331714862,0,0,0,0
1680679601333565254,0,0,0,0
1680679601335434866,0,0,0,0
1680679601337240521,0,0,0,0
1680679601339140326,0,0,0,0
1680679601340935533,0,0,0,0
1680679601342748690,0,0,0,0
1680679601344671337,0,0,0,0
1680679601346480090,0,0,0,0
1680679601348376865,0,0,0,0
1680679601350264868,0,0,0,0
1680679601352159521,0,0,0,0
1680679601354016782,0,0,0,0
1680679601355912021,0,0,0,0
1680679601357800213,0,0,0,0
1680679601359742094,0,0,0,0
1680679601361605307,0,0,0,0
1680679601363553175,0,0,0,0
1680679601365450174,0,0,0,0
1680679601367249791,0,0,0,0
1680679601368972619,0,0,0,0
1680679601370891047,0,0,0,0
1680679601372697244,0,0,0,0
1680679601374621708,0,0,0,0
1680679601376455049,0,0,0,0
1680679601378319295,0,0,0,0
1680679601380168710,0,0,0,0
1680679601382034044,0,0,0,0
1680679601383869719,0,0,0,0
1680679601385785821,0,0,0,0
1680679601387708199,0,0,0,0
1680679601389682802,0,0,0,0
1680679601391625406,0,0,0,0
1680679601393453132,0,0,0,0
1680679601395342032,0,0,0,0
1680679601397213145,0,0,0,0
1680679601399103357,0,0,0,0
1680679601400885811,0,0,0,0
1680679601402738889,0,0,0,0
1680679601404565297,0,0,0,0
1680679601406417565,0,0,0,0
1680679601408289507,0,0,0,0
1680679601410309870,0,0,0,0
1680679601412220844,0,0,0,0
1680679601414107938,0,0,0,0
1680679601415958600,0,0,0,0
1680679601417889179,0,0,0,0
1680679601419778337,0,0,0,0
1680679601421594525,0,0,0,0
1680679601423435437,0,0,0,0
1680679601425192757,0,0,0,0
1680679601426916205,0,0,0,0
1680679601428816243,0,0,0,0
1680679601430785241,0,0,0,0
1680679601432658971,0,0,0,0
1680679601434502981,0,0,0,0
1680679601436424508,0,0,0,0
1680679601438643163,0,0,0,0
1680679601440466533,0,0,0,0
1680679601442376861,0,0,0,0
1680679601444197489,0,0,0,0
1680679601446101076,0,0,0,0
1680679601447920526,0,0,0,0
1680679601449846297,0,0,0,0
1680679601451703621,0,0,0,0
1680679601453421604,0,0,0,0
1680679601455277270,0,0,0,0
1680679601457059781,0,0,0,0
1680679601458899942,0,0,0,0
1680679601460809144,0,0,0,0
1680679601462679451,0,0,0,0
1680679601464559557,0,0,0,0
1680679601466513507,0,0,0,0
1680679601468486082,0,0,0,0
1680679601470535853,0,0,0,0
1680679601472356439,0,0,0,0
1680679601474185392,0,0,0,0
1680679601475999218,0,0,0,0
1680679601477856646,0,0,0,0
1680679601479579671,0,0,0,0
1680679601481388056,0,0,0,0
1680679601483224511,0,0,0,0
1680679601485000963,0,0,0,0
1680679601486834054,0,0,0,0
1680679601488762645,0,0,0,0
1680679601490739634,0,0,0,0
1680679601492550622,0,0,0,0
1680679601494371019,0,0,0,0
1680679601496221402,0,0,0,0
1680679601497970427,0,0,0,0
1680679601499887206,0,0,0,0
1680679601501800376,0,0,0,0
1680679601503754110,0,0,0,0
1680679601505616694,0,0,0,0
1680679601507459702,0,0,0,0
1680679601509435609,0,0,0,0
1680679601511283387,0,0,0,0
1680679601513109549,0,0,0,0
1680679601514877155,0,0,0,0
1680679601516695105,0,0,0,0
1680679601518609468,0,0,0,0
1680679601520386977,0,0,0,0
1680679601522313988,0,0,0,0
1680679601524149162,0,0,0,0
1680679601526080680,0,0,0,0
1680679601528018110,0,0,0,0
1680679601529902377,0,0,0,0
1680679601531761711,0,0,0,0
1680679601533680914,0,0,0,0
1680679601535495703,0,0,0,0
1680679601537314392,0,0,0,0
1680679601539051807,0,0,0,0
1680679601540817939,0,0,0,0
1680679601542582487,0,0,0,0
1680679601544473989,0,0,0,0
1680679601546369563,0,0,0,0
1680679601548304130,0,0,0,0
1680679601550273760,0,0,0,0
1680679601552181857,0,0,0,0
1680679601554065136,0,0,0,0
1680679601555976879,0,0,0,0
1680679601557876505,0,0,0,0
1680679601559815972,0,0,0,0
1680679601561688150,0,0,0,0
1680679601563565675,0,0,0,0
1680679601565318330,0,0,0,0
1680679601567080859,0,0,0,0
1680679601568819806,0,0,0,0
1680679601570703740,0,0,0,0
1680679601572474744,0,0,0,0
1680679601574387348,0,0,0,0
1680679601576261210,0,0,0,0
1680679601578190781,0,0,0,0
1680679601580076109,0,0,0,0
1680679601581961277,0,0,0,0
1680679601583903163,0,0,0,0
1680679601585759248,0,0,0,0
1680679601587678476,0,0,0,0
1680679601589537996,0,0,0,0
1680679601591321560,0,0,0,0
1680679601593174762,0,0,0,0
1680679601595072912,0,0,0,0
1680679601596921162,0,0,0,0
1680679601598734978,0,0,0,0
1680679601600819837,0,0,0,0
1680679601602634553,0,0,0,0
1680679601604521748,0,0,0,0
1680679601606423609,0,0,0,0
1680679601608274562,0,0,0,0
1680679601610158534,0,0,0,0
1680679601612094964,0,0,0,0
1680679601613950675,0,0,0,0
1680679601615864875,0,0,0,0
1680679601617758612,0,0,0,0
1680679601619663446,0,0,0,0
1680679601621423176,0,0,0,0
1680679601623140357,0,0,0,0
1680679601624863711,0,0,0,0
1680679601626764065,0,0,0,0
1680679601628674652,0,0,0,0
1680679601630618734,0,0,0,0
1680679601632520935,0,0,0,0
1680679601634399094,0,0,0,0
1680679601636281820,0,0,0,0
1680679601638264131,0,0,0,0
1680679601640106740,0,0,0,0
1680679601641878875,0,0,0,0
1680679601643764785,0,0,0,0
1680679601645567760,0,0,0,0
1680679601647471657,0,0,0,0
1680679601649283963,0,0,0,0
1680679601651167878,0,0,0,0
1680679601652978750,0,0,0,0
1680679601654919331,0,0,0,0
1680679601656816636,0,0,0,0
1680679601658780311,0,0,0,0
1680679601660602641,0,0,0,0
1680679601662494755,0,0,0,0
1680679601664300149,0,0,0,0
1680679601666140335,0,0,0,0
1680679601668033069,0,0,0,0
1680679601669961475,0,0,0,0
1680679601671895330,0,0,0,0
1680679601673751426,0,0,0,0
1680679601675683087,0,0,0,0
1680679601677657906,0,0,0,0
1680679601679676024,0,0,0,0
1680679601681614770,0,0,0,0
1680679601683931980,0,0,0,0
1680679601685753338,0,0,0,0
1680679601687576306,0,0,0,0
1680679601689322623,0,0,0,0
1680679601691193692,0,0,0,0
1680679601692952812,0,0,0,0
1680679601694891742,0,0,0,0
1680679601696786529,0,0,0,0
1680679601698719899,0,0,0,0
1680679601700613549,0,0,0,0
1680679601702556607,0,0,0,0
1680679601704376505,0,0,0,0
1680679601706301668,0,0,0,0
1680679601708131605,0,0,0,0
1680679601709923198,0,0,0,0
1680679601711739258,0,0,0,0
1680679601713575663,0,0,0,0
1680679601715530986,0,0,0,0
1680679601717368808,0,0,0,0
1680679601719240335,0,0,0,0
1680679601721077261,0,0,0,0
1680679601722850151,0,0,0,0
1680679601724599461,0,0,0,0
1680679601726463922,0,0,0,0
1680679601728267892,0,0,0,0
1680679601730127318,0,0,0,0
1680679601732055157,0,0,0,0
1680679601734001477,0,0,0,0
1680679601735851882,0,0,0,0
1680679601737739872,0,0,0,0
1680679601739663690,0,0,0,0
1680679601741521168,0,0,0,0
1680679601743318550,0,0,0,0
1680679601745143142,0,0,0,0
1680679601746960594,0,0,0,0
1680679601748742306,0,0,0,0
1680679601750782651,0,0,0,0
1680679601752685885,0,0,0,0
1680679601754597928,0,0,0,0
1680679601756480706,0,0,0,0
1680679601758422368,0,0,0,0
1680679601760392138,0,0,0,0
1680679601762344877,0,0,0,0
1680679601764146170,0,0,0,0
1680679601766053009,0,0,0,0
1680679601767981815,0,0,0,0
1680679601769924930,0,0,0,0
1680679601771882908,0,0,0,0
1680679601773756623,0,0,0,0
1680679601775690330,0,0,0,0
1680679601777567783,0,0,0,0
1680679601779520394,0,0,0,0
1680679601781319872,0,0,0,0
1680679601783208920,0,0,0,0
1680679601784993088,0,0,0,0
1680679601786793762,0,0,0,0
1680679601788621232,0,0,0,0
1680679601790620898,0,0,0,0
1680679601792435097,0,0,0,0
1680679601794394411,0,0,0,0
1680679601796337097,0,0,0,0
1680679601798187419,0,0,0,0
1680679601800121614,0,0,0,0
1680679601802004168,0,0,0,0
1680679601803918318,0,0,0,0
1680679601805718589,0,0,0,0
1680679601807544622,0,0,0,0
1680679601809280046,0,0,0,0
1680679601811538540,0,0,0,0
1680679601813817715,0,0,0,0
1680679601815731201,0,0,0,0
1680679601817643308,0,0,0,0
1680679601819504274,0,0,0,0
1680679601821360943,0,0,0,0
1680679601823339163,0,0,0,0
1680679601825271832,0,0,0,0
1680679601854754797,0,0,0,0
1680679601856747945,0,0,0,0
1680679601858786832,0,0,0,0
1680679601860810618,0,0,0,0
1680679601862787912,0,0,0,0
1680679601864615331,0,0,0,0
1680679601866468737,0,0,0,0
1680679601868395855,0,0,0,0
1680679601870265190,0,0,0,0
1680679601872196916,0,0,0,0
1680679601874033502,0,0,0,0
1680679601875866112,0,0,0,0
1680679601877761322,0,0,0,0
1680679601879714192,0,0,0,0
1680679601881560979,0,0,0,0
1680679601883426157,0,0,0,0
1680679601885290578,0,0,0,0
1680679601887087393,0,0,0,0
1680679601888819679,0,0,0,0
1680679601890695930,0,0,0,0
1680679601892541007,0,0,0,0
1680679601894439841,0,0,0,0
1680679601896224187,0,0,0,0
1680679601898134882,0,0,0,0
1680679601900119524,0,0,0,0
1680679601902000780,0,0,0,0
1680679601903878560,0,0,0,0
1680679601905710618,0,0,0,0
1680679601907585325,0,0,0,0
1680679601909341837,0,0,0,0
1680679601911182753,0,0,0,0
1680679601912916602,0,0,0,0
1680679601914832477,0,0,0,0
1680679601916741740,0,0,0,0
1680679601918736282,0,0,0,0
1680679601920626960,0,0,0,0
1680679601922546363,0,0,0,1
1680679601924439341,0,0,0,1
1680679601926388066,0,0,0,1
1680679601928177999,0,0,0,1
1680679601930091295,0,0,0,1
1680679601931949961,0,0,0,1
1680679601933879216,0,0,0,1
1680679601935746042,0,0,0,1
1680679601937602462,0,0,0,1
1680679601939376591,0,0,0,1
1680679601941226372,0,0,0,1
1680679601943025890,0,0,0,1
1680679601944792740,0,0,0,1
1680679601946593178,0,0,0,1
1680679601948402612,0,0,0,1
1680679601950504031,0,0,0,1
1680679601952468265,0,0,0,1
1680679601954369419,0,0,0,1
1680679601956301634,0,0,0,1
1680679601958213606,0,0,0,1
1680679601960043350,0,0,0,1
1680679601961936593,0,0,0,1
1680679601963770939,0,0,0,1
1680679601965687621,0,0,0,1
1680679601967444662,0,0,0,1
1680679601969322117,0,0,0,1
1680679601971245927,0,0,0,1
1680679601973059437,0,0,0,1
1680679601974911399,0,0,0,1
1680679601976808014,0,0,0,1
1680679601978735736,0,0,0,1
1680679601980612782,0,0,0,1
1680679601982510397,0,0,0,1
1680679601984318751,0,0,0,1
1680679601986152680,0,0,0,1
1680679601988074459,0,0,0,1
1680679601989958317,0,0,0,1
1680679601991987004,0,0,0,1
1680679601993866330,0,0,0,1
1680679601995770161,0,0,0,1
1680679601997670989,0,0,0,1
1680679601999561925,0,0,0,1
1680679602001535731,0,0,0,1
1680679602003332561,0,0,0,1
1680679602005188274,0,0,0,1
1680679602006994620,0,0,0,1
1680679602008813996,0,0,0,1
1680679602010642534,0,0,0,1
1680679602012656260,0,0,0,1
1680679602014562191,0,0,0,1
1680679602016511726,0,0,0,1
1680679602018418507,0,0,0,1
1680679602020380469,0,0,0,1
1680679602022203915,0,0,0,1
1680679602024036389,0,0,0,1
1680679602025834124,0,0,0,1
1680679602027718090,0,0,0,1
1680679602029505687,0,0,0,1
1680679602031460582,0,0,0,1
1680679602033279692,0,0,0,1
1680679602035191633,0,0,0,1
1680679602037033272,0,0,0,1
1680679602038974715,0,0,0,1
1680679602040896841,0,0,0,1
1680679602042704563,0,0,0,1
1680679602044610930,0,0,0,1
1680679602046457235,0,0,0,1
1680679602048208704,0,0,0,1
1680679602050090700,0,0,0,1
1680679602052030674,0,0,0,1
1680679602053965851,0,0,0,1
1680679602055796603,0,0,0,1
1680679602057728627,0,0,0,1
1680679602059668256,0,0,0,1
1680679602061514289,0,0,0,1
1680679602063394679,0,0,0,1
1680679602065134830,0,0,0,1
1680679602067029791,0,0,0,1
1680679602068796422,0,0,0,1
1680679602070670840,0,0,0,1
1680679602072634817,0,0,0,1
1680679602074555281,0,0,0,1
1680679602076382739,0,0,0,1
1680679602078330296,0,0,0,1
1680679602080169747,0,0,0,1
1680679602082002877,0,0,0,1
1680679602083889860,0,0,0,1
1680679602085764142,0,0,0,1
1680679602087697192,0,0,0,1
1680679602089567447,0,0,0,0
1680679602091570825,0,0,0,0
1680679602093386999,0,0,0,0
1680679602095136020,0,0,0,0
1680679602097005590,0,0,0,0
1680679602098829038,0,0,0,0
1680679602100580639,0,0,0,0
1680679602102339477,0,0,0,0
1680679602104203170,0,0,0,0
1680679602106031281,0,0,0,0
1680679602107907315,0,0,0,0
1680679602109681972,0,0,0,0
1680679602112046479,0,0,0,0
1680679602113945648,0,0,0,0
1680679602115797761,0,0,0,0
1680679602117627980,0,0,0,0
1680679602119702946,0,0,0,0
1680679602121631401,0,0,0,0
1680679602123552198,0,0,0,0
1680679602125376404,0,0,0,0
1680679602127365399,0,0,0,0
1680679602129095573,0,0,0,0
1680679602130835191,0,0,0,0
1680679602132769003,0,0,0,0
1680679602134709367,0,0,0,0
1680679602136576808,0,0,0,0
1680679602138464488,0,0,0,0
1680679602140622979,0,0,0,0
1680679602142473742,0,0,0,0
1680679602144396986,0,0,0,0
1680679602146196049,0,0,0,0
1680679602147960035,0,0,0,0
1680679602149765760,0,0,0,0
1680679602151608252,0,0,0,0
1680679602153415205,0,0,0,0
1680679602155137629,0,0,0,0
1680679602156869675,0,0,0,0
1680679602158687943,0,0,0,0
1680679602160690966,0,0,0,0
1680679602162497752,0,0,0,0
1680679602164307853,0,0,0,0
1680679602166184155,0,0,0,0
1680679602168077195,0,0,0,0
1680679602169945338,0,0,0,0
1680679602172105027,0,0,0,0
1680679602173898327,0,0,0,0
1680679602175705887,0,0,0,0
1680679602177542842,0,0,0,0
1680679602179480548,0,0,0,0
1680679602181311439,0,0,0,0
1680679602183091345,0,0,0,0
1680679602184858726,0,0,0,0
1680679602186721152,0,0,0,0
1680679602188564306,0,0,0,0
1680679602190402724,0,0,0,0
1680679602210733966,0,0,0,0
1680679602213029105,0,0,0,0
1680679602215262178,0,0,0,0
1680679602217518179,0,0,0,0
1680679602219667418,0,0,0,0
1680679602221727228,0,0,0,0
1680679602223620121,0,0,0,0
1680679602225503711,0,0,0,0
1680679602227351463,0,0,0,0
1680679602229227404,0,0,0,0
1680679602231420434,0,0,0,0
1680679602233411593,0,0,0,0
1680679602235312053,0,0,0,0
1680679602237220035,0,0,0,0
1680679602239136771,0,0,0,0
1680679602241032703,0,0,0,0
1680679602242916883,0,0,0,0
1680679602244802017,0,0,0,0
1680679602247335728,0,0,0,0
1680679602249215427,0,0,0,0
1680679602251113385,0,0,0,0
1680679602253103577,0,0,0,0
1680679602255020671,0,0,0,0
1680679602256924780,0,0,0,0
1680679602258823733,0,0,0,0
1680679602260722350,0,0,0,0
1680679602263340364,0,0,0,0
1680679602265233565,0,0,0,0
1680679602267092539,0,0,0,0
1680679602268979092,0,0,0,0
1680679602270879098,0,0,0,0
1680679602272783499,0,0,0,0
1680679602274668511,0,0,0,0
1680679602276570888,0,0,0,0
1680679602279168153,0,0,0,0
1680679602281215951,0,0,0,0
1680679602283208173,0,0,0,0
1680679602352747397,0,0,0,0
1680679602423305710,0,0,0,0
1680679602425417852,0,0,0,0
1680679602427406219,0,0,0,0
1680679602429402865,0,0,0,0
1680679602431404784,0,0,0,0
1680679602433442443,0,0,0,0
1680679602435203873,0,0,0,0
1680679602436902443,0,0,0,0
1680679602438630931,0,0,0,0
1680679602440388952,0,0,0,0
1680679602442163068,0,0,0,0
1680679602443923766,0,0,0,0
1680679602445857263,0,0,0,0
1680679602447641891,0,0,0,0
1680679602449366269,0,0,0,0
1680679602451114237,0,0,0,0
1680679602452898196,0,0,0,0
1680679602454801729,0,0,0,0
1680679602456633486,0,0,0,0
1680679602458499515,0,0,0,0
1680679602460326624,0,0,0,0
1680679602462235919,0,0,0,0
1680679602464044876,0,0,0,0
1680679602465953856,0,0,0,0
1680679602467744909,0,0,0,0
1680679602469508366,0,0,0,0
1680679602471411580,0,0,0,0
1680679602473197143,0,0,0,0
1680679602474973572,0,0,0,0
1680679602476819967,0,0,0,0
1680679602478667401,0,0,0,0
1680679602480633799,0,0,0,0
1680679602482517019,0,0,0,0
1680679602484355583,0,0,0,0
1680679602486278157,0,0,0,0
1680679602488118552,0,0,0,0
1680679602489994367,0,0,0,0
1680679602491798888,0,0,0,0
1680679602493659434,0,0,0,0
1680679602495440980,0,0,0,0
1680679602497283349,0,0,0,0
1680679602499076764,0,0,0,0
1680679602500954694,0,0,0,0
1680679602502944724,0,0,0,0
1680679602504796099,0,0,0,0
1680679602507169968,0,0,0,0
1680679602509381974,0,0,0,0
1680679602511175199,0,0,0,0
1680679602513069476,0,0,0,0
1680679602514843328,0,0,0,0
1680679602516764399,0,0,0,0
1680679602518578058,0,0,0,0
1680679602520713087,0,0,0,0
1680679602522856898,0,0,0,0
1680679602558645583,0,0,0,0
1680679602560694508,0,0,0,0
1680679602562696164,0,0,0,0
1680679602564765556,0,0,0,0
1680679602566753559,0,0,0,0
1680679602568749550,0,0,0,0
1680679602570751776,0,0,0,0
1680679602572606391,0,0,0,0
1680679602574539035,0,0,0,0
1680679602576362881,0,0,0,0
1680679602578315234,0,0,0,0
1680679602580199116,0,0,0,0
1680679602582164439,0,0,0,0
1680679602584074697,0,0,0,0
1680679602586054481,0,0,0,0
1680679602587934406,0,0,0,0
1680679602589887888,0,0,0,0
1680679602591706802,0,0,0,0
1680679602593540484,0,0,0,0
1680679602595456243,0,0,0,0
1680679602597219429,0,0,0,0
1680679602598994742,0,0,0,0
1680679602600855464,0,0,0,0
1680679602602816903,0,1,0,0
1680679602604700608,0,1,0,0
1680679602606625575,0,1,0,0
1680679602608595150,0,1,0,0
1680679602610491388,0,1,0,0
1680679602612384426,0,1,0,0
1680679602614360500,0,1,0,0
1680679602616213508,0,1,0,0
1680679602618059921,0,1,0,0
1680679602619955768,0,1,0,0
1680679602621905262,0,1,0,0
1680679602623824462,0,1,0,0
1680679602625679303,0,1,0,0
1680679602627657899,0,1,0,0
1680679602629607071,0,1,0,0
1680679602631590106,0,1,0,0
1680679602633521032,0,1,0,0
1680679602635446859,0,1,0,0
1680679602637247232,0,1,0,0
1680679602639092991,0,1,0,0
1680679602640914895,0,1,0,0
1680679602642861335,0,1,0,0
1680679602644791556,0,1,0,0
1680679602646682732,0,1,0,0
1680679602648564062,0,1,0,0
1680679602650456654,0,1,0,0
1680679602652371462,0,1,0,0
1680679602654317827,0,1,0,0
1680679602656141471,0,1,0,0
1680679602658033794,0,1,0,0
1680679602659830427,0,1,0,0
1680679602661809412,0,1,0,0
1680679602663736632,0,1,0,0
1680679602665646286,0,1,0,0
1680679602667609056,0,1,0,0
1680679602669448539,0,1,0,0
1680679602671341913,0,1,0,0
1680679602673317524,0,1,0,0
1680679602675180790,0,1,0,0
1680679602676893886,0,1,0,0
1680679602678675434,0,1,0,0
1680679602680594754,0,1,0,0
1680679602682485386,0,1,0,0
1680679602684496752,0,1,0,0
1680679602686461007,0,1,0,0
1680679602688344701,0,1,0,0
1680679602690230551,0,1,0,0
1680679602692129246,0,1,0,0
1680679602694111639,0,1,0,0
1680679602695905621,0,1,0,0
1680679602697785721,0,1,0,0
1680679602699593371,0,1,0,0
1680679602701370593,0,1,0,0
1680679602703119538,0,1,0,0
1680679602704943304,0,1,0,0
1680679602706859406,0,1,0,0
1680679602708805133,0,1,0,0
1680679602710747741,0,1,0,0
1680679602712622414,0,1,0,0
1680679602714627379,0,1,0,0
1680679602716423566,0,1,0,0
1680679602718347133,0,1,0,0
1680679602720221927,0,1,0,0
1680679602722081873,0,1,0,0
1680679602724034292,0,1,0,0
1680679602725955354,0,1,0,0
1680679602727902384,0,1,0,0
1680679602729876471,0,1,0,0
1680679602731825553,0,1,0,0
1680679602733745560,0,1,0,0
1680679602735693090,0,1,0,0
1680679602737450316,0,1,0,0
1680679602739340133,0,1,0,0
1680679602741202896,0,1,0,0
1680679602743084918,0,1,0,0
1680679602744855958,0,1,0,0
1680679602746794678,0,1,0,0
1680679602748695897,0,1,0,0
1680679602750683811,0,1,0,0
1680679602752582514,0,1,0,0
1680679602754615724,0,1,0,0
1680679602756487531,0,1,0,0
1680679602758441451,0,1,0,0
1680679602760296972,0,1,0,0
1680679602762295551,0,1,0,0
1680679602764154950,0,1,0,0
1680679602765954742,0,1,0,0
1680679602767911860,0,1,0,0
1680679602769903234,0,0,0,0
1680679602771817025,0,0,0,0
1680679602773771652,0,0,0,0
1680679602775664353,0,0,0,0
1680679602777574880,0,0,0,0
1680679602779540001,0,0,0,0
1680679602781374441,0,0,0,0
1680679602783196607,0,0,0,0
1680679602784961261,0,0,0,0
1680679602786819507,0,0,0,0
1680679602788816206,0,0,0,0
1680679602790722856,0,0,0,0
1680679602792691377,0,0,0,0
1680679602794636577,0,0,0,0
1680679602796612163,0,0,0,0
1680679602798555513,0,0,0,0
1680679602800323059,0,0,0,0
1680679602802184261,0,0,0,0
1680679602804130780,0,0,0,0
1680679602805997054,0,0,0,0
1680679602807942965,0,0,0,0
1680679602809870575,0,0,0,0
1680679602811763033,0,0,0,0
1680679602813683279,0,0,0,0
1680679602815599422,0,0,0,0
1680679602817445556,0,0,0,0
1680679602819351234,0,0,0,0
1680679602821168009,0,0,0,0
1680679602822974744,0,0,0,0
1680679602824818661,0,0,0,0
1680679602826651855,0,0,0,0
1680679602828500509,0,0,0,0
1680679602830414011,0,0,0,0
1680679602832376422,0,0,0,0
1680679602834309660,0,0,0,0
1680679602836242167,0,0,0,0
1680679602838105034,0,0,0,0
1680679602840033466,0,0,0,0
1680679602841917177,0,0,0,0
1680679602843785023,0,0,0,0
1680679602845881282,0,0,0,0
1680679602847954073,0,0,0,0
1680679602850040620,0,0,0,0
1680679602852105726,0,0,0,0
1680679602854201186,0,0,0,0
1680679602856270932,0,0,0,0
1680679602858215341,0,0,0,0
1680679602860043594,0,0,0,0
1680679602861945953,0,0,0,0
1680679602863803350,0,0,0,0
1680679602865629327,0,0,0,0
1680679602867586578,0,0,0,0
1680679602869411332,0,0,0,0
1680679602871334950,0,0,0,0
1680679602873173792,0,0,0,0
1680679602875133429,0,0,0,0
1680679602876964055,0,0,0,0
1680679602878881095,0,0,0,0
1680679602880757288,0,0,0,0
1680679602882701364,0,0,0,0
1680679602884562106,0,0,0,0
1680679602886512516,0,0,0,0
1680679602888386591,0,0,0,0
1680679602890348197,0,0,0,0
1680679602892224675,0,0,0,0
1680679602894188460,0,0,0,0
1680679602896057186,0,0,0,0
1680679602897995558,0,0,0,0
1680679602899830345,0,0,0,0
1680679602901807599,0,0,0,0
1680679602903710793,0,0,0,0
1680679602905625414,0,0,0,0
1680679602907404303,0,0,0,0
1680679602909298491,0,0,0,0
1680679602911123528,0,0,0,0
1680679602913028076,0,0,0,0
1680679602914983110,0,0,0,0
1680679602916814465,0,0,0,0
1680679602918723963,0,0,0,0
1680679602920671660,0,0,0,0
1680679602922538060,0,0,0,0
1680679602924441072,0,0,0,0
1680679602926304640,0,0,0,0
1680679602928149359,0,0,0,0
1680679602930101509,0,0,0,0
1680679602932008372,0,0,0,0
1680679602933924785,0,0,0,0
1680679602935861124,0,0,0,0
1680679602937719782,0,0,0,0
1680679602939693920,0,0,0,0
1680679602941434421,0,0,0,0
1680679602943371468,0,0,0,0
1680679602945136638,0,0,0,0
1680679602946957821,0,0,0,0
1680679602948810066,0,0,0,0
1680679602950783125,0,0,0,0
1680679602952728557,0,0,0,0
1680679602954619981,0,0,0,0
1680679602956548154,0,0,0,0
1680679602958429494,0,0,0,0
1680679602960394784,0,0,0,0
1680679602962307295,0,0,0,0
1680679602964252718,0,0,0,0
1680679602966103252,0,0,0,0
1680679602967968408,0,0,0,0
1680679602969740960,0,0,0,0
1680679602971659636,0,0,0,0
1680679602973465474,0,0,0,0
1680679602975455894,0,0,0,0
1680679602977216208,0,0,0,0
1680679602979045980,0,0,0,0
1680679602980815512,0,0,0,0
1680679602982759103,0,0,0,0
1680679602984757441,0,0,0,0
1680679602986649998,0,0,0,0
1680679602988616089,0,0,0,0
1680679602990479128,0,0,0,0
1680679602992422266,0,0,0,0
1680679602994405701,0,0,0,0
1680679602996258251,0,0,0,0
1680679602998080145,0,0,0,0
1680679603000013872,0,0,0,0
1680679603001897078,0,0,0,0
1680679603003858400,0,0,0,0
1680679603005687896,0,0,0,0
1680679603007625676,0,0,0,0
1680679603009431355,0,0,0,0
1680679603011270592,0,0,0,0
1680679603013245133,0,0,0,0
1680679603015040951,0,0,0,0
1680679603016812071,0,0,0,0
1680679603018726553,0,0,0,0
1680679603020610915,0,0,0,0
1680679603022448576,0,0,0,0
1680679603024395884,0,0,0,0
1680679603026276327,0,0,0,0
1680679603028223741,0,0,0,0
1680679603030219435,0,0,0,0
1680679603032121036,0,0,0,0
1680679603034104157,0,0,0,0
1680679603035978299,0,0,0,0
1680679603037933935,0,0,0,0
1680679603039812136,0,0,0,0
1680679603041741529,0,0,0,0
1680679603043743293,0,0,0,0
1680679603045492901,0,0,0,0
1680679603047399606,0,0,0,0
1680679603049235906,0,0,0,0
1680679603051044004,0,0,0,0
1680679603053006819,0,0,0,0
1680679603054938877,0,0,0,0
1680679603056810295,0,0,0,0
1680679603058736278,0,0,0,0
1680679603060590473,0,0,0,0
1680679603062501562,0,0,0,0
1680679603064368235,0,0,0,0
1680679603066249735,0,0,0,0
1680679603068192195,0,0,0,0
1680679603070111936,0,0,0,0
1680679603071965462,0,0,0,0
1680679603073939621,0,0,0,0
1680679603075916713,0,0,0,0
1680679603077744557,0,0,0,0
1680679603079662033,0,0,0,0
1680679603081544559,0,0,0,0
1680679603083519312,0,0,0,0
1680679603085306744,0,0,0,0
1680679603087168936,0,0,0,0
1680679603089073922,0,0,0,0
1680679603090935938,0,0,0,0
1680679603092795938,0,0,0,0
1680679603094819585,0,0,0,0
1680679603096662375,0,0,0,0
1680679603098542597,0,0,0,0
1680679603100513068,0,0,0,0
1680679603102442110,0,0,0,0
1680679603104395279,0,0,0,0
1680679603106239879,0,0,0,0
1680679603108193408,0,0,0,0
1680679603110079126,0,0,0,0
1680679603111969786,0,0,0,0
1680679603113979057,0,0,0,0
1680679603115929998,0,0,0,0
1680679603117802439,0,0,0,0
1680679603119671850,0,0,0,0
1680679603121594824,0,0,0,0
1680679603123585550,0,0,0,0
1680679603125386135,0,0,0,0
1680679603127152980,0,0,0,0
1680679603128954138,0,0,0,0
1680679603130900893,0,0,0,0
1680679603132760063,0,0,0,0
1680679603134714695,0,0,0,0
1680679603136582415,0,0,0,0
1680679603138433187,0,0,0,0
1680679603140285288,0,0,0,0
1680679603142310720,0,0,0,0
1680679603144219310,0,0,0,0
1680679603146094407,0,0,0,0
1680679603148046379,0,0,0,0
1680679603149988476,0,0,0,0
1680679603151982786,0,0,0,0
1680679603153906565,0,0,0,0
1680679603155906615,0,0,0,0
1680679603157776023,0,0,0,0
1680679603159755984,0,0,0,0
1680679603161627330,0,0,0,0
1680679603163591028,0,0,0,0
1680679603165383169,0,0,0,0
1680679603167277520,0,0,0,0
1680679603169024170,0,0,0,0
1680679603170943059,0,0,0,0
1680679603172761063,0,0,0,0
1680679603174672617,0,0,0,0
1680679603176638433,0,0,0,0
1680679603178543832,0,0,0,0
1680679603180471308,0,0,0,0
1680679603182572084,0,0,0,0
1680679603184498818,0,0,0,0
1680679603186449724,0,0,0,0
1680679603188299058,0,0,0,0
1680679603190148196,0,0,0,0
1680679603192057962,0,0,0,0
1680679603193968949,0,0,0,0
1680679603195922464,0,0,0,0
1680679603197804490,0,0,0,0
1680679603199759304,0,0,0,0
1680679603201669794,0,0,0,0
1680679603203727290,0,0,0,0
1680679603205614496,0,0,0,0
1680679603207498494,0,0,0,0
1680679603209275141,0,0,0,0
1680679603211129898,0,0,0,0
1680679603212883763,0,0,0,0
1680679603214716999,0,0,0,0
1680679603216663433,0,0,0,0
1680679603218570750,0,0,0,0
1680679603220546569,0,0,0,0
1680679603222445505,0,0,0,0
1680679603224388369,0,0,0,0
1680679603226252604,0,0,0,0
1680679603228210034,0,0,0,0
1680679603230086948,0,0,0,0
1680679603231972634,0,0,0,0
1680679603233950823,0,0,0,0
1680679603235973089,0,0,0,0
1680679603237807802,0,0,0,0
1680679603239618180,0,0,0,0
1680679603241566400,0,0,0,0
1680679603243569677,0,0,0,0
1680679603245401579,0,0,0,0
1680679603247208529,0,0,0,0
1680679603249009407,0,0,0,0
1680679603250939381,0,0,0,0
1680679603252805260,0,0,0,0
1680679603254776340,0,0,0,0
1680679603256623210,0,0,0,0
1680679603258613491,0,0,0,0
1680679603260448967,0,0,0,0
1680679603262257409,0,0,0,0
1680679603264201585,0,0,0,0
1680679603266076236,0,0,0,0
1680679603267965222,0,0,0,0
1680679603269882240,0,0,0,0
1680679603271912414,0,0,0,0
1680679603273913085,0,0,0,0
1680679603275824239,0,0,0,0
1680679603277810932,0,0,0,0
1680679603279682880,0,0,0,0
1680679603281639322,0,0,0,0
1680679603283626580,0,0,0,0
1680679603285416735,0,0,0,0
1680679603287208473,0,0,0,0
1680679603289064023,0,0,0,0
1680679603290959710,0,0,0,0
1680679603292812468,0,0,0,0
1680679603294828742,0,0,0,0
1680679603296735137,0,0,0,0
1680679603298689922,0,0,0,0
1680679603300595315,0,0,0,0
1680679603302433916,0,0,0,0
1680679603304393278,0,0,0,0
1680679603306334928,0,0,0,0
1680679603308141722,0,0,0,0
1680679603309996927,0,0,0,0
1680679603311979827,0,0,0,0
1680679603313925567,0,0,0,0
1680679603315900920,0,0,0,0
1680679603317806322,0,0,0,0
1680679603319800809,0,0,0,0
1680679603321702420,0,0,0,0
1680679603323752210,0,0,0,0
1680679603325599793,0,0,0,0
1680679603327565307,0,0,0,0
1680679603329340456,0,0,0,0
1680679603331185397,0,0,0,0
1680679603332998297,0,0,0,0
1680679603334957447,0,0,0,0
1680679603336811275,0,0,0,0
1680679603338676431,0,0,0,0
1680679603340647641,0,0,0,0
1680679603342625127,0,0,0,0
1680679603344617527,0,0,0,0
1680679603346434427,0,0,0,0
1680679603348270195,0,0,0,0
1680679603350102349,0,0,0,0
1680679603352036653,0,0,0,0
1680679603354036002,0,0,0,0
1680679603355960737,0,0,0,0
1680679603357912079,0,0,0,0
1680679603359830759,0,0,0,0
1680679603361807576,0,0,0,0
1680679603363727210,0,0,0,0
1680679603365645453,0,0,0,0
1680679603367474158,0,0,0,0
1680679603369292852,0,0,0,0
1680679603371082610,0,0,0,0
1680679603372870468,0,0,0,0
1680679603374899637,0,0,0,0
1680679603376777197,0,0,0,0
1680679603378725254,0,0,0,0
1680679603380620026,0,0,0,0
1680679603382681656,0,0,0,0
1680679603384678983,0,0,0,0
1680679603386545718,0,0,0,0
1680679603388470528,0,0,0,0
1680679603390336620,0,0,0,0
1680679603392248337,0,0,0,0
1680679603394105011,0,0,0,0
1680679603396124386,0,0,0,0
1680679603398091708,0,0,0,0
1680679603399987959,0,0,0,0
1680679603401888205,0,0,0,0
1680679603403889651,0,0,0,0
1680679603405804397,0,0,0,0
1680679603407694111,0,0,0,0
1680679603409517590,0,0,0,0
1680679603411295507,0,0,0,0
1680679603413143521,0,0,0,0
1680679603415098256,0,0,0,0
1680679603416930086,0,0,0,0
1680679603418823092,0,0,0,0
1680679603420727084,0,0,0,0
1680679603422572372,0,0,0,0
1680679603424510755,0,0,0,0
1680679603426416974,0,0,0,0
1680679603428348771,0,0,0,0
1680679603430138142,0,0,0,0
1680679603431934379,0,0,0,0
1680679603433924015,0,0,0,0
1680679603435787290,0,0,0,0
1680679603437737562,0,0,0,0
1680679603439687821,0,0,0,0
1680679603441531116,0,0,0,0
1680679603443423337,0,0,0,0
1680679603445268937,0,0,0,0
1680679603447032676,0,0,0,0
1680679603448889164,0,0,0,0
1680679603450617442,0,0,0,0
1680679603452406825,0,0,0,0
1680679603454267782,0,0,0,0
1680679603456428153,0,0,0,0
1680679603458433877,0,0,0,0
1680679603460300891,0,0,0,0
1680679603462191492,0,0,0,0
1680679603464098904,0,0,0,0
1680679603466080001,0,0,0,0
1680679603467960463,0,0,0,0
1680679603469894091,0,0,0,0
1680679603471864408,0,0,0,0
1680679603473795730,0,0,0,0
1680679603475656794,0,0,0,0
1680679603477757701,0,0,0,0
1680679603479710283,0,0,0,0
1680679603481548743,0,0,0,0
1680679603483393380,0,0,0,0
1680679603485168687,0,0,0,0
1680679603486898292,0,0,0,0
1680679603488690398,0,0,0,0
1680679603490539029,0,0,0,0
1680679603492418499,0,0,0,0
1680679603494403171,0,0,0,0
1680679603496298263,0,0,0,0
1680679603498112798,0,0,0,0
1680679603500004517,0,0,0,0
1680679603501860841,0,0,0,0
1680679603503832448,0,0,0,0
1680679603505745544,0,0,0,0
1680679603507530768,0,0,0,0
1680679603509302014,0,0,0,0
1680679603511046246,0,0,0,0
1680679603512836030,0,0,0,0
1680679603514785284,0,0,0,0
1680679603516668908,0,0,0,0
1680679603518582573,0,0,0,0
1680679603520417756,0,0,0,0
1680679603522321539,0,0,0,0
1680679603524146347,0,0,0,0
1680679603525903893,0,0,0,0
1680679603527678042,0,0,0,0
1680679603529429377,0,0,0,0
1680679603531193488,0,0,0,0
1680679603532956860,0,0,0,0
1680679603534789686,0,0,0,0
1680679603536679476,0,0,0,0
1680679603538488517,0,0,0,0
1680679603540287378,0,0,0,0
1680679603542243599,0,0,0,0
1680679603544310945,0,0,0,0
1680679603546259177,0,0,0,0
1680679603548175778,0,0,0,0
1680679603550102282,0,0,0,0
1680679603552044136,0,0,0,0
1680679603553931921,0,0,0,0
1680679603556541839,0,0,0,0
1680679603558408162,0,0,0,0
1680679603560271995,0,0,0,0
1680679603562152080,0,0,0,0
1680679603564146754,0,0,0,0
1680679603566074042,0,0,0,0
1680679603567994257,0,0,0,0
1680679603569924428,0,0,0,0
1680679603571825584,0,0,0,0
1680679603574931965,0,0,0,0
1680679603576918676,0,0,0,0
1680679603578834647,0,0,0,0
1680679603580730496,0,0,0,0
1680679603582665735,0,0,0,0
1680679603584659013,0,0,0,0
1680679603586536879,0,0,0,0
1680679603588411283,0,0,0,0
1680679603591111896,0,0,0,0
1680679603592974360,0,0,0,0
1680679603594887347,0,0,0,0
1680679603596814863,0,0,0,0
1680679603598714015,0,0,0,0
1680679603600608466,0,0,0,0
1680679603602508603,0,0,0,0
1680679603604551776,0,0,0,0
1680679603606499066,0,0,0,0
1680679603608394875,0,0,0,0
1680679603610316219,0,0,0,0
1680679603612375263,0,0,0,0
1680679603682926748,0,0,0,0
1680679603755550609,0,0,0,0
1680679603757511514,0,0,0,0
1680679603759437622,0,0,0,0
1680679603761368119,0,0,0,0
1680679603763321665,0,0,0,0
1680679603772795670,0,0,0,0
1680679603774692832,0,0,0,0
1680679603782949390,0,0,0,0
1680679603784982979,0,0,0,0
1680679603786995113,0,0,0,0
1680679603788957785,0,0,0,0
1680679603790967843,0,0,0,0
1680679603792916103,0,0,0,0
1680679603794830890,0,0,0,0
1680679603796763426,0,0,0,0
1680679603798695002,0,0,0,0
1680679603800544734,0,0,0,0
1680679603802371136,0,0,0,0
1680679603804213400,0,0,0,0
1680679603806002484,0,0,0,0
1680679603807908593,0,0,0,0
1680679603809737361,0,0,0,0
1680679603811672145,0,0,0,0
1680679603813475394,0,0,0,0
1680679603815278323,0,0,0,0
1680679603817151773,0,0,0,0
1680679603818982431,0,0,0,0
1680679603820891325,0,0,0,0
1680679603822815135,0,0,0,0
1680679603824682450,0,0,0,0
1680679603826597740,0,0,0,0
1680679603828384939,0,0,0,0
1680679603830225640,0,0,0,0
1680679603832140726,0,0,0,0
1680679603834070676,0,0,0,0
1680679603835971105,0,0,0,0
1680679603837941981,0,0,0,0
1680679603839902728,0,0,0,0
1680679603841806883,0,0,0,0
1680679603843795266,0,0,0,0
1680679603845691891,0,0,0,0
1680679603847666670,0,0,0,0
1680679603849570992,0,0,0,0
1680679603851584337,0,0,0,0
1680679603853388925,0,0,0,0
1680679603855256615,0,0,0,0
1680679603857228385,0,0,0,0
1680679603859390841,0,0,0,0
1680679603861334850,0,0,0,0
1680679603863253390,0,0,0,0
1680679603865136575,0,0,0,0
1680679603867031242,0,0,0,0
1680679603868942328,0,0,0,0
1680679603890458755,0,0,0,0
1680679603892438838,0,0,0,0
1680679603894494325,0,0,0,0
1680679603896530068,0,0,0,0
1680679603898539562,0,0,0,0
1680679603900500821,0,0,0,0
1680679603902441991,0,0,0,0
1680679603904439658,0,0,0,0
1680679603906425697,0,0,0,0
1680679603908331754,0,0,0,0
1680679603910265937,0,0,0,0
1680679603912223272,0,0,0,0
1680679603914105617,0,0,0,0
1680679603916101436,0,0,0,0
1680679603918010644,0,0,0,0
1680679603919908085,0,0,0,0
1680679603921858235,0,0,0,0
1680679603923709285,0,0,0,0
1680679603925654052,0,0,0,0
1680679603927486116,0,0,0,0
1680679603929374860,0,0,0,0
1680679603931289510,0,0,0,0
1680679603933196917,0,0,0,0
1680679603935104254,0,0,0,0
1680679603936888113,0,0,0,0
1680679603938829332,0,0,0,0
1680679603940738742,0,0,0,0
1680679603942664076,0,0,0,0
1680679603944594539,0,0,0,0
1680679603946453729,0,0,0,0
1680679603948409055,0,0,0,0
1680679603950307469,0,0,0,0
1680679603952179130,0,0,0,0
1680679603954034405,0,0,0,0
1680679603955886016,0,0,0,0
1680679603957844534,0,0,0,0
1680679603959706200,0,0,0,0
1680679603961673429,0,0,0,0
1680679603963643048,0,0,0,0
1680679603965531188,0,0,0,0
1680679603967461500,0,0,0,0
1680679603969249860,0,0,0,0
1680679603971159947,0,0,0,0
1680679603972971597,0,0,0,0
1680679603974890255,0,0,0,0
1680679603976779492,0,0,0,0
1680679603978710796,0,0,0,0
1680679603980544698,0,0,0,0
1680679603982373644,0,0,0,0
1680679603984351650,0,0,0,0
1680679603986195908,0,0,0,0
1680679603988157447,0,0,0,0
1680679603990019322,0,0,0,0
1680679603991835795,0,0,0,0
1680679603993763261,0,0,0,0
1680679603995752803,0,0,0,0
1680679603997703755,0,0,0,0
1680679603999697267,0,0,0,0
1680679604001616219,0,0,0,0
1680679604003617082,0,0,0,0
1680679604005614716,0,0,0,0
1680679604007536331,0,0,0,0
1680679604009288197,0,0,0,0
1680679604011102423,0,0,0,0
1680679604012883540,0,0,0,0
1680679604014764866,0,0,0,0
1680679604016684683,0,0,0,0
1680679604018734870,0,0,0,0
1680679604020635174,0,0,0,0
1680679604022603416,0,0,0,0
1680679604024527116,0,0,0,0
1680679604026467413,0,0,0,0
1680679604028393196,0,0,0,0
1680679604030374474,0,0,0,0
1680679604032270788,0,0,0,0
1680679604034265041,0,0,0,0
1680679604036159946,0,0,0,0
1680679604038183264,0,0,0,0
1680679604039994980,0,0,0,0
1680679604041757132,0,0,0,0
1680679604043663260,0,0,0,0
1680679604045666265,0,0,0,0
1680679604047572427,0,0,0,0
1680679604049330825,0,0,0,0
1680679604051239707,0,0,0,0
1680679604053082257,0,0,0,0
1680679604055026303,0,0,0,0
1680679604056917110,0,0,0,0
1680679604058810764,0,0,0,0
1680679604060751154,0,0,0,0
1680679604062650795,0,0,0,0
1680679604064604501,0,0,0,0
1680679604066448497,0,0,0,0
1680679604068365572,0,0,0,0
1680679604070262226,0,0,0,0
1680679604072226161,0,0,0,0
1680679604074120506,0,0,0,0
1680679604076079526,0,0,0,0
1680679604078087104,0,0,0,0
1680679604079987426,0,0,0,0
1680679604081928285,0,0,0,0
1680679604083890040,0,0,0,0
1680679604085849150,0,0,0,0
1680679604087803333,0,0,0,0
1680679604089646543,0,0,0,0
1680679604091552249,0,0,0,0
1680679604093329731,0,0,0,0
1680679604095161441,0,0,0,0
1680679604096980348,0,0,0,0
1680679604098970813,0,0,0,0
1680679604100863391,0,0,0,0
1680679604102832266,0,0,0,0
1680679604104830582,0,0,0,0
1680679604106780450,0,0,0,0
1680679604108661665,0,0,0,0
1680679604110660868,0,0,0,0
1680679604112547528,0,0,0,0
1680679604114482926,0,0,0,0
1680679604116405571,0,0,0,0
1680679604118445230,0,0,0,0
1680679604120248211,0,0,0,0
1680679604122202718,0,0,0,0
1680679604124185308,0,0,0,0
1680679604126176155,0,0,0,0
1680679604128077590,0,0,0,0
1680679604130045092,0,0,0,0
1680679604131937786,0,0,0,0
1680679604133927404,0,0,0,0
1680679604135822343,0,0,0,0
1680679604137686183,0,0,0,0
1680679604139570460,0,0,0,0
1680679604141315889,0,0,0,0
1680679604143084721,0,0,0,0
1680679604145057369,0,0,0,0
1680679604146974423,0,0,0,0
1680679604148875022,0,0,0,0
1680679604150735760,0,0,0,0
1680679604152618962,0,0,0,0
1680679604154419428,0,0,0,0
1680679604156276099,0,0,0,0
1680679604158179901,0,0,0,0
1680679604160115587,0,0,0,0
1680679604161972198,0,0,0,0
1680679604163794283,0,0,0,0
1680679604165802458,0,0,0,0
1680679604167696585,0,0,0,0
1680679604169623276,0,0,0,0
1680679604171425962,0,0,0,0
1680679604173281328,0,0,0,0
1680679604175017878,0,0,0,0
1680679604176854514,0,0,0,0
1680679604178757746,0,0,0,0
1680679604180681160,0,0,0,0
1680679604182685006,0,0,0,0
1680679604184586944,0,0,0,0
1680679604186601039,0,0,0,0
1680679604188457841,0,0,0,0
1680679604190408776,0,0,0,0
1680679604192242224,0,0,0,0
1680679604194135032,0,0,0,0
1680679604196009634,0,0,0,0
1680679604198019792,0,0,0,0
1680679604199944283,0,0,0,0
1680679604201933074,0,0,0,0
1680679604203824848,0,0,0,0
1680679604205896334,0,0,0,0
1680679604207828033,0,0,0,0
1680679604209682091,0,0,0,0
1680679604211562906,0,0,0,0
1680679604213286167,0,0,0,0
1680679604215183025,0,0,0,0
1680679604217027908,0,0,0,0
1680679604218920121,0,0,0,0
1680679604220846924,0,0,0,0
1680679604222744922,0,0,0,0
1680679604224761871,0,0,0,0
1680679604226629903,0,0,0,0
1680679604228610853,0,0,0,0
1680679604230471140,0,0,0,0
1680679604232338411,0,0,0,0
1680679604234258010,0,0,0,0
1680679604236250457,0,0,0,0
1680679604238101470,0,0,0,0
1680679604239979576,0,0,0,0
1680679604241906614,0,0,0,0
1680679604243821500,0,0,0,0
1680679604245867014,0,0,0,0
1680679604247762725,0,0,0,0
1680679604249680723,0,0,0,0
1680679604251644854,0,0,0,0
1680679604253536684,0,0,0,0
1680679604255500187,0,0,0,0
1680679604257321561,0,0,0,0
1680679604259172723,0,0,0,0
1680679604261024493,0,0,0,0
1680679604263001912,0,0,0,0
1680679604264885170,0,0,0,0
1680679604266865170,0,0,0,0
1680679604268779081,0,0,0,0
1680679604270677753,0,0,0,0
1680679604272541624,0,0,0,0
1680679604274516070,0,0,0,0
1680679604276393880,0,0,0,0
1680679604278392676,0,0,0,0
1680679604280210460,0,0,0,0
1680679604282140261,0,0,0,0
1680679604284033865,0,0,0,0
1680679604286001072,0,0,0,0
1680679604287878673,0,0,0,0
1680679604289868628,0,0,0,0
1680679604291784491,0,0,0,0
1680679604293735493,0,0,0,0
1680679604295594875,0,0,0,0
1680679604297558272,0,0,0,0
1680679604299460616,0,0,0,0
1680679604301341478,0,0,0,0
1680679604303245293,0,0,0,0
1680679604305025506,0,0,0,0
1680679604306978689,0,0,0,0
1680679604308805423,0,0,0,0
1680679604310756761,0,0,0,0
1680679604312639829,0,0,0,0
1680679604314592503,0,0,0,0
1680679604316643148,0,0,0,0
1680679604318649175,0,0,0,0
1680679604320565414,0,0,0,0
1680679604322567924,0,0,0,0
1680679604324495946,0,0,0,0
1680679604326909978,0,0,0,0
1680679604328811293,0,0,0,0
1680679604330817595,0,0,0,0
1680679604332787654,0,0,0,0
1680679604334710835,0,0,0,0
1680679604336771428,0,0,0,0
1680679604355088872,0,0,0,0
1680679604356997134,0,0,0,0
1680679604358976145,0,0,0,0
1680679604360945660,0,0,0,0
1680679604362922822,0,0,0,0
1680679604364880388,0,0,0,0
1680679604366765379,0,0,0,0
1680679604368713500,0,0,0,0
1680679604370559213,0,0,0,0
1680679604372463947,0,0,0,0
1680679604374406355,0,0,0,0
1680679604376388572,0,0,0,0
1680679604378197853,0,0,0,0
1680679604380121087,0,0,0,0
1680679604381988725,0,0,0,0
1680679604383862637,0,0,0,0
1680679604385861758,0,0,0,0
1680679604387810038,0,0,0,0
1680679604389781223,0,0,0,0
1680679604391721411,0,0,0,0
1680679604393641570,0,0,0,0
1680679604395631664,0,0,0,0
1680679604397547008,0,0,0,0
1680679604399552803,0,0,0,0
1680679604401331893,0,0,0,0
1680679604403158575,0,0,0,0
1680679604404969894,0,0,0,0
1680679604406929507,0,0,0,0
1680679604408785020,0,0,0,0
1680679604410724455,0,0,0,0
1680679604412607212,0,0,0,0
1680679604414550601,0,0,0,0
1680679604416553595,0,0,0,0
1680679604418463692,0,0,0,0
1680679604420386136,0,0,0,0
1680679604422242690,0,0,0,0
1680679604424167289,0,0,0,0
1680679604426038815,0,0,0,0
1680679604427973523,0,0,0,0
1680679604429942519,0,0,0,0
1680679604431833770,0,0,0,0
1680679604433815310,0,0,0,0
1680679604435694718,0,0,0,0
1680679604437656690,0,0,0,0
1680679604439549569,0,0,0,0
1680679604441367047,0,0,0,0
1680679604443240512,0,0,0,0
1680679604445071129,0,0,0,0
1680679604447006314,0,0,0,0
1680679604448807938,0,0,0,0
1680679604450745638,0,0,0,0
1680679604452555754,0,0,0,0
1680679604454499305,0,0,0,0
1680679604456407319,0,0,0,0
1680679604458361986,0,0,0,0
1680679604460333285,0,0,0,0
1680679604462142782,0,0,0,0
1680679604464087528,0,0,0,0
1680679604465985823,0,0,0,0
1680679604468002485,0,0,0,0
1680679604469950942,0,0,0,0
1680679604471826328,0,0,0,0
1680679604473678580,0,0,0,0
1680679604475715267,0,0,0,0
1680679604477621935,0,0,0,0
1680679604479648294,0,0,0,0
1680679604481570642,0,0,0,0
1680679604483385172,0,0,0,0
1680679604485269594,0,0,0,0
1680679604487078957,0,0,0,0
1680679604488949754,0,0,0,0
1680679604490916382,0,0,0,0
1680679604492762047,0,0,0,0
1680679604494712398,0,0,0,0
1680679604496759476,0,0,0,0
1680679604498662645,0,0,0,0
1680679604500566091,0,0,0,0
1680679604502561410,0,0,0,0
1680679604504432246,0,0,0,0
1680679604506292520,0,0,0,0
1680679604508261018,0,0,0,0
1680679604510057124,0,0,0,0
1680679604511926479,0,0,0,0
1680679604513794493,0,0,0,0
1680679604515727533,0,0,0,0
1680679604517639638,0,0,0,0
1680679604519603004,0,0,0,0
1680679604521397492,0,0,0,0
1680679604523223911,0,0,0,0
1680679604525074262,0,0,0,0
1680679604527015369,0,0,0,0
1680679604528860820,0,0,0,0
1680679604530721477,0,0,0,0
1680679604532633871,0,0,0,0
1680679604534518755,0,0,0,0
1680679604536291227,0,0,0,0
1680679604538246415,0,0,0,0
1680679604540262804,0,0,0,0
1680679604542230229,0,0,0,0
1680679604544079141,0,0,0,0
1680679604546099600,0,0,0,0
1680679604547971730,0,0,0,0
1680679604549929276,0,0,0,0
1680679604551827922,0,0,0,0
1680679604553744885,0,0,0,0
1680679604555644511,0,0,0,0
1680679604557598617,0,0,0,0
1680679604559568112,0,0,0,0
1680679604561385384,0,0,0,0
1680679604563241030,0,0,0,0
1680679604565157956,0,0,0,0
1680679604567084861,0,0,0,0
1680679604568973147,0,0,0,0
1680679604570912450,0,0,0,0
1680679604572806264,0,0,0,0
1680679604574787974,0,0,0,0
1680679604576778545,0,0,0,0
1680679604578648696,0,0,0,0
1680679604580559026,0,0,0,0
1680679604582455292,0,0,0,0
1680679604584325298,0,0,0,0
1680679604586274167,0,0,0,0
1680679604588285747,0,0,0,0
1680679604590188738,0,0,0,0
1680679604592148432,0,0,0,0
1680679604594049045,0,0,0,0
1680679604595919256,0,0,0,0
1680679604597897965,0,0,0,0
1680679604599898773,0,0,0,0
1680679604601753936,0,0,0,0
1680679604603568891,0,0,0,0
1680679604605365328,0,0,0,0
1680679604607245196,0,0,0,0
1680679604609075610,0,0,0,0
1680679604611006726,0,0,0,0
1680679604612902813,0,0,0,0
1680679604614862501,0,0,0,0
1680679604616713755,0,0,0,0
1680679604618713904,0,0,0,0
1680679604620565400,0,0,0,0
1680679604622471208,0,0,0,0
1680679604624313300,0,0,0,0
1680679604626354705,0,0,0,0
1680679604628335384,0,0,0,0
1680679604630241378,0,0,0,0
1680679604632144500,0,0,0,0
1680679604634171863,0,0,0,0
1680679604636083653,0,0,0,0
1680679604638056818,0,0,0,0
1680679604640044112,0,0,0,0
1680679604641995631,0,0,0,0
1680679604643856377,0,0,0,0
1680679604645775841,0,0,0,0
1680679604647748804,0,0,0,0
1680679604649552885,0,0,0,0
1680679604651320802,0,0,0,0
1680679604653210150,0,0,0,0
1680679604655080602,0,0,0,0
1680679604656967780,0,0,0,0
1680679604658743228,0,0,0,0
1680679604660622112,0,0,0,0
1680679604662447837,0,0,0,0
1680679604664449675,0,0,0,0
1680679604666369571,0,0,0,0
1680679604668379686,0,0,0,0
1680679604670294870,0,0,0,0
1680679604672261256,0,0,0,0
1680679604674075046,0,0,0,0
1680679604676080114,0,0,0,0
1680679604677925959,0,0,0,0
1680679604679839590,0,0,0,0
1680679604681704456,0,0,0,0
1680679604683691558,0,0,0,0
1680679604685578821,0,0,0,0
1680679604687532407,0,0,0,0
1680679604689350734,0,0,0,0
1680679604691155009,0,0,0,0
1680679604692954274,0,0,0,0
1680679604694913481,0,0,0,0
1680679604696748618,0,0,0,0
1680679604698611076,0,0,0,0
1680679604700468144,0,0,0,0
1680679604702341958,0,0,0,0
1680679604704267903,0,0,0,0
1680679604706237398,0,0,0,0
1680679604708224179,0,0,0,0
1680679604710206662,0,0,0,0
1680679604712159230,0,0,0,0
1680679604714054851,0,0,0,0
1680679604715870821,0,0,0,0
1680679604718076004,0,0,0,0
1680679604720070049,0,0,0,0
1680679604722018069,0,0,0,0
1680679604723821469,0,0,0,0
1680679604725764928,0,0,0,0
1680679604727599484,0,0,0,0
1680679604729541216,0,0,0,0
1680679604731401894,0,0,0,0
1680679604733290687,0,0,0,0
1680679604735138785,0,0,0,0
1680679604736944255,0,0,0,0
1680679604738830661,0,0,0,0
1680679604740811118,0,0,0,0
1680679604742680604,0,0,0,0
1680679604744562513,0,0,0,0
1680679604746462944,0,0,0,0
1680679604748450070,0,0,0,0
1680679604750364519,0,0,0,0
1680679604752331914,0,0,0,0
1680679604754239008,0,0,0,0
1680679604756156816,0,0,0,0
1680679604758062542,0,0,0,0
1680679604760004979,0,0,0,0
1680679604761850041,0,0,0,0
1680679604763756747,0,0,0,0
1680679604765696928,0,0,0,0
1680679604767645920,0,0,0,0
1680679604769545998,0,0,0,0
1680679604771533357,0,0,0,0
1680679604773359244,0,0,0,0
1680679604775156909,0,0,0,0
1680679604776957436,0,0,0,0
1680679604778749560,0,0,0,0
1680679604780567178,0,0,0,0
1680679604782255332,0,0,0,0
1680679604783943365,0,0,0,0
1680679604785650226,0,0,0,0
1680679604787329821,0,0,0,0
1680679604789321395,0,0,0,0
1680679604791165468,0,0,0,0
1680679604792906470,0,0,0,0
1680679604794786190,0,0,0,0
1680679604796919869,0,0,0,0
1680679604798756611,0,0,0,0
1680679604800687161,0,0,0,0
1680679604802628155,0,0,0,0
1680679604804470978,0,0,0,0
1680679604806427055,0,0,0,0
1680679604808414918,0,0,0,0
1680679604810479762,0,0,0,0
1680679604812347440,0,0,0,0
1680679604814229295,0,0,0,0
1680679604816062817,0,0,0,0
1680679604817902853,0,0,0,0
1680679604819665905,0,0,0,0
1680679604821390017,0,0,0,0
1680679604823112679,0,0,0,0
1680679604824840912,0,0,0,0
1680679604826627385,0,0,0,0
1680679604828419656,0,0,0,0
1680679604830248616,0,0,0,0
1680679604831965962,0,0,0,0
1680679604833687770,0,0,0,0
1680679604835402531,0,0,0,0
1680679604837260746,0,0,0,0
1680679604838981284,0,0,0,0
1680679604840726958,0,0,0,0
1680679604842461387,0,0,0,0
1680679604844257413,0,0,0,0
1680679604846121044,0,0,0,0
1680679604847853385,0,0,0,0
1680679604849586191,0,0,0,0
1680679604851299478,0,0,0,0
1680679604853005255,0,0,0,0
1680679604854708530,0,0,0,0
1680679604856417223,0,0,0,0
1680679604858188242,0,0,0,0
1680679604859925550,0,0,0,0
1680679604861651014,0,0,0,0
1680679604863379174,0,0,0,0
1680679604865277359,0,0,0,0
1680679604867218239,0,0,0,0
1680679604869136666,0,0,0,0
1680679604871017085,0,0,0,0
1680679604872875615,0,0,0,0
1680679604874711272,0,0,0,0
1680679604876812909,0,0,0,0
1680679604878638174,0,0,0,0
1680679604880543407,0,0,0,0
1680679604882446515,0,0,0,0
1680679604884328811,0,0,0,0
1680679604886284750,0,0,0,0
1680679604888199018,0,0,0,0
1680679604890119544,0,0,0,0
1680679604891996492,0,0,0,0
1680679604893803170,0,0,0,0
1680679604895648204,0,0,0,0
1680679604897560140,0,0,0,0
1680679604899431918,0,0,0,0
1680679604901307236,0,0,0,0
1680679604903209124,0,0,0,0
1680679604905105090,0,0,0,0
1680679604907200929,0,0,0,0
1680679604909233921,0,0,0,0
1680679604911091990,0,0,0,0
1680679604912952439,0,0,0,0
1680679604914785149,0,0,0,0
1680679604916635198,0,0,0,0
1680679604918646406,0,0,0,0
1680679604920534314,0,0,0,0
1680679604922480751,0,0,0,0
1680679604924332567,0,0,0,0
1680679604926315053,0,0,0,0
1680679604998444015,0,0,0,0
1680679605070506450,0,0,0,0
1680679605072450912,0,0,0,0
1680679605074412687,0,0,0,0
1680679605076361202,0,0,0,0
1680679605078324343,0,0,0,0
1680679605080289445,0,0,0,0
1680679605082012655,0,0,0,0
1680679605083729038,0,0,0,0
1680679605085427277,0,0,0,0
1680679605087199366,0,0,0,0
1680679605088952082,0,0,0,0
1680679605090662386,0,0,0,0
1680679605092407927,0,0,0,0
1680679605094161051,0,0,0,0
1680679605095906990,0,0,0,0
1680679605097723511,0,0,0,0
1680679605099650971,0,0,0,0
1680679605101537980,0,0,0,0
1680679605103439515,0,0,0,0
1680679605105289881,0,0,0,0
1680679605107240791,0,0,0,0
1680679605109147736,0,0,0,0
1680679605110956014,0,0,0,0
1680679605112686897,0,0,0,0
1680679605114448355,0,0,0,0
1680679605116318840,0,0,0,0
1680679605118244614,0,0,0,0
1680679605120167802,0,0,0,0
1680679605122001608,0,0,0,0
1680679605123925139,0,0,0,0
1680679605125805761,0,0,0,0
1680679605127760838,0,0,0,0
1680679605129684013,0,0,0,0
1680679605131664537,0,0,0,0
1680679605133418769,0,0,0,0
1680679605135170944,0,0,0,0
1680679605136942481,0,0,0,0
1680679605138911068,0,0,0,0
1680679605140772830,0,0,0,0
1680679605142556826,0,0,0,0
1680679605144537562,0,0,0,0
1680679605146438317,0,0,0,0
1680679605148373995,0,0,0,0
1680679605150279565,0,0,0,0
1680679605152165571,0,0,0,0
1680679605154128426,0,0,0,0
1680679605155990056,0,0,0,0
1680679605158001119,0,0,0,0
1680679605159872457,0,0,0,0
1680679605161806576,0,0,0,0
1680679605163742556,0,0,0,0
1680679605165615530,0,0,0,0
1680679605167585009,0,0,0,0
1680679605169449029,0,0,0,0
1680679605171365135,0,0,0,0
1680679605173199037,0,0,0,0
1680679605175147236,0,0,0,0
1680679605177016674,0,0,0,0
1680679605179040080,0,0,0,0
1680679605180897087,0,0,0,0
1680679605182789587,0,0,0,0
1680679605184779980,0,0,0,0
1680679605186703266,0,0,0,0
1680679605188812221,0,0,0,0
1680679605190773146,0,0,0,0
1680679605192661325,0,0,0,0
1680679605194611453,0,0,0,0
1680679605196528952,0,0,0,0
1680679605198428569,0,0,0,0
1680679605200342123,0,0,0,0
1680679605202217799,0,0,0,0
1680679605204127933,0,0,0,0
1680679605205927674,0,0,0,0
1680679605207936870,0,0,0,0
1680679605209952539,0,0,0,0
1680679605211837854,0,0,0,0
1680679605213806072,0,0,0,0
1680679605215702118,0,0,0,0
1680679605217623349,0,0,0,0
1680679605219601255,0,0,0,0
1680679605221545562,0,0,0,0
1680679605223399743,0,0,0,0
1680679605225183569,0,0,0,0
1680679605227086151,0,0,0,0
1680679605228928979,0,0,0,0
1680679605230797266,0,0,0,0
1680679605232786903,0,0,0,0
1680679605234638238,0,0,0,0
1680679605236627599,0,0,0,0
1680679605238574478,0,0,0,0
1680679605240505510,0,0,0,0
1680679605242385651,0,0,0,0
1680679605244254365,0,0,0,0
1680679605246110443,0,0,0,0
1680679605248075395,0,0,0,0
1680679605250042688,0,0,0,0
1680679605251976854,0,0,0,0
1680679605253905161,0,0,0,0
1680679605255771143,0,0,0,0
1680679605257684061,0,0,0,0
1680679605259672346,0,0,0,0
1680679605261443549,0,0,0,0
1680679605263228515,0,0,0,0
1680679605265037949,0,0,0,0
1680679605266927298,0,0,0,0
1680679605268832118,0,0,0,0
1680679605270819517,0,0,0,0
1680679605272681755,0,0,0,0
1680679605274628616,0,0,0,0
1680679605276544395,0,0,0,0
1680679605278536129,0,0,0,0
1680679605280509008,0,0,0,0
1680679605282378755,0,0,0,0
1680679605284264093,0,0,0,0
1680679605286265796,0,0,0,0
1680679605288209168,0,0,0,0
1680679605290237263,0,0,0,0
1680679605292140423,0,0,0,0
1680679605294127037,0,0,0,0
1680679605296024602,0,0,0,0
1680679605298011186,0,0,0,0
1680679605299918741,0,0,0,0
1680679605301961707,0,0,0,0
1680679605303818661,0,0,0,0
1680679605305782714,0,0,0,0
1680679605307732477,0,0,0,0
1680679605309566246,0,0,0,0
1680679605311453732,0,0,0,0
1680679605313251784,0,0,0,0
1680679605315157030,0,0,0,0
1680679605316994118,0,0,0,0
1680679605319028548,0,0,0,0
1680679605320850023,0,0,0,0
1680679605322720358,0,0,0,0
1680679605324559686,0,0,0,0
1680679605326509084,0,0,0,0
1680679605328394263,0,0,0,0
1680679605330412155,0,0,0,0
1680679605332269216,0,0,0,0
1680679605334148858,0,0,0,0
1680679605336084649,0,0,0,0
1680679605337949911,0,0,0,0
1680679605339929729,0,0,0,0
1680679605341886851,0,0,0,0
1680679605343823488,0,0,0,0
1680679605345674187,0,0,0,0
1680679605347732414,0,0,0,0
1680679605349614161,0,0,0,0
1680679605351553119,0,0,0,0
1680679605353374309,0,0,0,0
1680679605355299956,0,0,0,0
1680679605357112842,0,0,0,0
1680679605359107872,0,0,0,0
1680679605360923658,0,0,0,0
1680679605362820273,0,0,0,0
1680679605364784901,0,0,0,0
1680679605366669986,0,0,0,0
1680679605368655112,0,0,0,0
1680679605370536835,0,0,0,0
1680679605372458349,0,0,0,0
1680679605374308286,0,0,0,0
1680679605376203894,0,0,0,0
1680679605378104495,0,0,0,0
1680679605380081866,0,0,0,0
1680679605382046446,0,0,0,0
1680679605384040803,0,0,0,0
1680679605386017985,0,0,0,0
1680679605387934547,0,0,0,0
1680679605389944234,0,0,0,0
1680679605391883351,0,0,0,0
1680679605393882973,0,0,0,0
1680679605395693731,0,0,0,0
1680679605397650862,0,0,0,0
1680679605399564871,0,0,0,0
1680679605401540077,0,0,0,0
1680679605403416597,0,0,0,0
1680679605405305445,0,0,0,0
1680679605407164054,0,0,0,0
1680679605408966135,0,0,0,0
1680679605410887894,0,0,0,0
1680679605412812178,0,0,0,0
1680679605414671720,0,0,0,0
1680679605416549058,0,0,0,0
1680679605418472629,0,0,0,0
1680679605420440487,0,0,0,0
1680679605422317150,0,0,0,0
1680679605424262506,0,0,0,0
1680679605426176182,0,0,0,0
1680679605428172389,0,0,0,0
1680679605430140312,0,0,0,0
1680679605432050422,0,0,0,0
1680679605433920879,0,0,0,0
1680679605435848271,0,0,0,0
1680679605437673510,0,0,0,0
1680679605439602822,0,0,0,0
1680679605441613355,0,0,0,0
1680679605443459889,0,0,0,0
1680679605445301188,0,0,0,0
1680679605447231856,0,0,0,0
1680679605449072830,0,0,0,0
1680679605451041761,0,0,0,0
1680679605452859702,0,0,0,0
1680679605454732441,0,0,0,0
1680679605456630995,0,0,0,0
1680679605458525446,0,0,0,0
1680679605460441946,0,0,0,0
1680679605462389134,0,0,0,0
1680679605464350440,0,0,0,0
1680679605466247517,0,0,0,0
1680679605468149805,0,0,0,0
1680679605470088971,0,0,0,0
1680679605472030794,0,0,0,0
1680679605473936537,0,0,0,0
1680679605475893798,0,0,0,0
1680679605477811963,0,0,0,0
1680679605479717300,0,0,0,0
1680679605481626397,0,0,0,0
1680679605483603772,0,0,0,0
1680679605485446994,0,0,0,0
1680679605487409739,0,0,0,0
1680679605489209435,0,0,0,0
1680679605491107654,0,0,0,0
1680679605492954685,0,0,0,0
1680679605494901026,0,0,0,0
1680679605496761688,0,0,0,0
1680679605498769112,0,0,0,0
1680679605500600697,0,0,0,0
1680679605502573427,0,0,0,0
1680679605504461169,0,0,0,0
1680679605506436550,0,0,0,0
1680679605508570071,0,0,0,0
1680679605510534733,0,0,0,0
1680679605512453495,0,0,0,0
1680679605514349794,0,0,0,0
1680679605516174196,0,0,0,0
1680679605518002321,0,0,0,0
1680679605519897176,0,0,0,0
1680679605521785905,0,0,0,0
1680679605523615181,0,0,0,0
1680679605525464999,0,0,0,0
1680679605527334312,0,0,0,0
1680679605529248735,0,0,0,0
1680679605531097170,0,0,0,0
1680679605532917403,0,0,0,0
1680679605534821678,0,0,0,0
1680679605536741928,0,0,0,0
1680679605538601522,0,0,0,0
1680679605540492072,0,0,0,0
1680679605542418667,0,0,0,0
1680679605544352780,0,0,0,0
1680679605546211836,0,0,0,0
1680679605548168682,0,0,0,0
1680679605550087140,0,0,0,0
1680679605552020470,0,0,0,0
1680679605553953175,0,0,0,0
1680679605555923532,0,0,0,0
1680679605557900738,0,0,0,0
1680679605559826708,0,0,0,0
1680679605561774499,0,0,0,0
1680679605563628653,0,0,0,0
1680679605565426405,0,0,0,0
1680679605567217345,0,0,0,0
1680679605569155335,0,0,0,0
1680679605571109357,0,0,0,0
1680679605572966260,0,0,0,0
1680679605574936942,0,0,0,0
1680679605576814303,0,0,0,0
1680679605578728137,0,0,0,0
1680679605580560701,0,0,0,0
1680679605582562788,0,0,0,0
1680679605584409258,0,0,0,0
1680679605586373930,0,0,0,0
1680679605588213646,0,0,0,0
1680679605590282325,0,0,0,0
1680679605592247091,0,0,0,0
1680679605594112409,0,0,0,0
1680679605596036926,0,0,0,0
1680679605597968680,0,0,0,0
1680679605599845679,0,0,0,0
1680679605601825491,0,0,0,0
1680679605603685827,0,0,0,0
1680679605605424079,0,0,0,0
1680679605607235311,0,0,0,0
1680679605609090739,0,0,0,0
1680679605611036238,0,0,0,0
1680679605612871384,0,0,0,0
1680679605614847429,0,0,0,0
1680679605616773605,0,0,0,0
1680679605618746776,0,0,0,0
1680679605620609132,0,0,0,0
1680679605622423499,0,0,0,0
1680679605624333114,0,0,0,0
1680679605626177396,0,0,0,0
1680679605628184791,0,0,0,0
1680679605630265111,0,0,0,0
1680679605632136639,0,0,0,0
1680679605634106714,0,0,0,0
1680679605636076112,0,0,0,0
1680679605638063743,0,0,0,0
1680679605640081366,0,0,0,0
1680679605642024396,0,0,0,0
1680679605643899163,0,0,0,0
1680679605645812060,0,0,0,0
1680679605647684750,0,0,0,0
1680679605649424411,0,0,0,0
1680679605651276463,0,0,0,0
1680679605653077895,0,0,0,0
1680679605654978216,0,0,0,0
1680679605656898786,0,0,0,0
1680679605658805584,0,0,0,0
1680679605660790708,0,0,0,0
1680679605662674705,0,0,0,0
1680679605664564199,0,0,0,0
1680679605666457197,0,0,0,0
1680679605668354467,0,0,0,0
1680679605670299926,0,0,0,0
1680679605672265326,0,0,0,0
1680679605674172886,0,0,0,0
1680679605676110921,0,0,0,0
1680679605677982603,0,0,0,0
1680679605679953669,0,0,0,0
1680679605681949085,0,0,0,0
1680679605683815515,0,0,0,0
1680679605685656425,0,0,0,0
1680679605687614711,0,0,0,0
1680679605689365441,0,0,0,0
1680679605691254959,0,0,0,0
1680679605693080307,0,0,0,0
1680679605695041432,0,0,0,0
1680679605696875915,0,0,0,0
1680679605698732259,0,0,0,0
1680679605700643620,0,0,0,0
1680679605702522213,0,0,0,0
1680679605704487335,0,0,0,0
1680679605706385441,0,0,0,0
1680679605708253415,0,0,0,0
1680679605710232331,0,0,0,0
1680679605712090256,0,0,0,0
1680679605713933678,0,0,0,0
1680679605715863772,0,0,0,0
1680679605717766143,0,0,0,0
1680679605719679725,0,0,0,0
1680679605721592440,0,0,0,0
1680679605723605682,0,0,0,0
1680679605725343502,0,0,0,0
1680679605727209178,0,0,0,0
1680679605729052556,0,0,0,0
1680679605731001923,0,0,0,0
1680679605732808101,0,0,0,0
1680679605734729515,0,0,0,0
1680679605736679180,0,0,0,0
1680679605738584124,0,0,0,0
1680679605740565804,0,0,0,0
1680679605742559007,0,0,0,0
1680679605744457612,0,0,0,0
1680679605746417229,0,0,0,0
1680679605748397000,0,0,0,0
1680679605750283942,0,0,0,0
1680679605752141841,0,0,0,0
1680679605754045747,0,0,0,0
1680679605755946028,0,0,0,0
1680679605757932327,0,0,0,0
1680679605759856174,0,0,0,0
1680679605761828124,0,0,0,0
1680679605763703427,0,0,0,0
1680679605765649801,0,0,0,0
1680679605767613576,0,0,0,0
1680679605769527830,0,0,0,0
1680679605771451607,0,0,0,0
1680679605773242982,0,0,0,0
1680679605775132881,0,0,0,0
1680679605777092447,0,0,0,0
1680679605779037401,0,0,0,0
1680679605780900827,0,0,0,0
1680679605782926359,0,0,0,0
1680679605784809520,0,0,0,0
1680679605786826838,0,0,0,0
1680679605788739406,0,0,0,0
1680679605790657198,0,0,0,0
1680679605792665676,0,0,0,0
1680679605794593272,0,0,0,0
1680679605796526195,0,0,0,0
1680679605798497374,0,0,0,0
1680679605819094914,0,0,0,0
1680679605821127664,0,0,0,0
1680679605823231276,0,0,0,0
1680679605825256912,0,0,0,0
1680679605827279891,0,0,0,0
1680679605829365472,0,0,0,0
1680679605831189692,0,0,0,0
1680679605832987137,0,0,0,0
1680679605834828596,0,0,0,0
1680679605836665842,0,0,0,0
1680679605838559123,0,0,0,0
1680679605840474277,0,0,0,0
1680679605842536996,0,0,0,0
1680679605844425388,0,0,0,0
1680679605846306153,0,0,0,0
1680679605848142228,0,0,0,0
1680679605850086272,0,0,0,0
1680679605852030211,0,0,0,0
1680679605853905661,0,0,0,0
1680679605855795039,0,0,0,0
1680679605857654401,0,0,0,0
1680679605859740386,0,0,0,0
1680679605861531803,0,0,0,0
1680679605863489577,0,0,0,0
1680679605865369343,0,0,0,0
1680679605867209589,0,0,0,0
1680679605869110368,0,0,0,0
1680679605870996289,0,0,0,0
1680679605872890007,0,0,0,0
1680679605874768193,0,0,0,0
1680679605876575387,0,0,0,0
1680679605878534688,0,0,0,0
1680679605880431853,0,0,0,0
1680679605882386843,0,0,0,0
1680679605884262298,0,0,0,0
1680679605886227948,0,0,0,0
1680679605888162942,0,0,0,0
1680679605890079326,0,0,0,0
1680679605892021151,0,0,0,0
1680679605893957910,0,0,0,0
1680679605895813905,0,0,0,0
1680679605897746146,0,0,0,0
1680679605899667471,0,0,0,0
1680679605901404096,0,0,0,0
1680679605903326565,0,0,0,0
1680679605905180627,0,0,0,0
1680679605906994773,0,0,0,0
1680679605908890703,0,0,0,0
1680679605910865908,0,0,0,0
1680679605912777011,0,0,0,0
1680679605914636474,0,0,0,0
1680679605916617436,0,0,0,0
1680679605918492315,0,0,0,0
1680679605920674914,0,0,0,0
1680679605922615146,0,0,0,0
1680679605924586031,0,0,0,0
1680679605926496714,0,0,0,0
1680679605928397960,0,0,0,0
1680679605930398942,0,0,0,0
1680679605932312224,0,0,0,0
1680679605934248079,0,0,0,0
1680679605936159206,0,0,0,0
1680679605938097787,0,0,0,0
1680679605940001874,0,0,0,0
1680679605941989105,0,0,0,0
1680679605943939467,0,0,0,0
1680679605945882429,0,0,0,0
1680679605947780878,0,0,0,0
1680679605949603910,0,0,0,0
1680679605951340456,0,0,0,0
1680679605953135671,0,0,0,0
1680679605954901271,0,0,0,0
1680679605956765099,0,0,0,0
1680679605958694568,0,0,0,0
1680679605960604990,0,0,0,0
1680679605962576277,0,0,0,0
1680679605964440274,0,0,0,0
1680679605966361277,0,0,0,0
1680679605968319551,0,0,0,0
1680679605970239790,0,0,0,0
1680679605972194836,0,0,0,0
1680679605974070802,0,0,0,0
1680679605976006933,0,0,0,0
1680679605977879284,0,0,0,0
1680679605979866558,0,0,0,0
1680679605981737510,0,0,0,0
1680679605983730534,0,0,0,0
1680679605985605057,0,0,0,0
1680679605987409461,0,0,0,0
1680679605989256987,0,0,0,0
1680679605991111907,0,0,0,0
1680679605992996305,0,0,0,0
1680679605994885066,0,0,0,0
1680679605996812266,0,0,0,0
1680679605998667938,0,0,0,0
1680679606000659458,0,0,0,0
1680679606002521120,0,0,0,0
1680679606004493163,0,0,0,0
1680679606006411713,0,0,0,0
1680679606008416585,0,0,0,0
1680679606010298970,0,0,0,0
1680679606012274077,0,0,0,0
1680679606014119399,0,0,0,0
1680679606016052017,0,0,0,0
1680679606017913509,0,0,0,0
1680679606019784977,0,0,0,0
1680679606021721656,0,0,0,0
1680679606023767315,0,0,0,0
1680679606025688666,0,0,0,0
1680679606027632782,0,0,0,0
1680679606029561982,0,0,0,0
1680679606031591359,0,0,0,0
1680679606033420233,0,0,0,0
1680679606035180108,0,0,0,0
1680679606036909962,0,0,0,0
1680679606038829836,0,0,0,0
1680679606040736287,0,0,0,0
1680679606042583735,0,0,0,0
1680679606044483979,0,0,0,0
1680679606046501622,0,0,0,0
1680679606048392272,0,0,0,0
1680679606050376142,0,0,0,0
1680679606052309554,0,0,0,0
1680679606054292732,0,0,0,0
1680679606056160828,0,0,0,0
1680679606058036504,0,0,0,0
1680679606059939735,0,0,0,0
1680679606061769076,0,0,0,0
1680679606063790781,0,0,0,0
1680679606065673114,0,0,0,0
1680679606067646996,0,0,0,0
1680679606069559973,0,0,0,0
1680679606071554157,0,0,0,0
1680679606073388535,0,0,0,0
1680679606075327310,0,0,0,0
1680679606077159746,0,0,0,0
1680679606079023373,0,0,0,0
1680679606080903659,0,0,0,0
1680679606082728290,0,0,0,0
1680679606084684628,0,0,0,0
1680679606086586534,0,0,0,0
1680679606088510367,0,0,0,0
1680679606090422674,0,0,0,0
1680679606092208123,0,0,0,0
1680679606093998599,0,0,0,0
1680679606095819342,0,0,0,0
1680679606097615687,0,0,0,0
1680679606099485774,0,0,0,0
1680679606101268477,0,0,0,0
1680679606103049793,0,0,0,0
1680679606105298417,0,0,0,0
1680679606107195223,0,0,0,0
1680679606109090753,0,0,0,0
1680679606111060124,0,0,0,0
1680679606113017758,0,0,0,0
1680679606114914736,0,0,0,0
1680679606116801307,0,0,0,0
1680679606118902872,0,0,0,0
1680679606120820496,0,0,0,0
1680679606122778334,0,0,0,0
1680679606124619446,0,0,0,0
1680679606126835310,0,0,0,0
1680679606128734590,0,0,0,0
1680679606130829269,0,0,0,0
1680679606132851804,0,0,0,0
1680679606134805200,0,0,0,0
1680679606136677077,0,0,0,0
1680679606138638310,0,0,0,0
1680679606140505310,0,0,0,0
1680679606142434458,0,0,0,0
1680679606144341449,0,0,0,0
1680679606146163436,0,0,0,0
1680679606148043737,0,0,0,0
1680679606149924921,0,0,0,0
1680679606151631004,0,0,0,0
1680679606153313065,0,0,0,0
1680679606155050758,0,0,0,0
1680679606156844206,0,0,0,0
1680679606158586169,0,0,0,0
1680679606160366523,0,0,0,0
1680679606162209496,0,0,0,0
1680679606164062681,0,0,0,0
1680679606165953952,0,0,0,0
1680679606167738844,0,0,0,0
1680679606169580273,0,0,0,0
1680679606171516858,0,0,0,0
1680679606173330471,0,0,0,0
1680679606175016846,0,0,0,0
1680679606176780412,0,0,0,0
1680679606178656903,0,0,0,0
1680679606180529464,0,0,0,0
1680679606182389937,0,0,0,0
1680679606184200110,0,0,0,0
1680679606186103622,0,0,0,0
1680679606187899442,0,0,0,0
1680679606190034961,0,0,0,0
1680679606192112763,0,0,0,0
1680679606194009864,0,0,0,0
1680679606195880463,0,0,0,0
1680679606197752515,0,0,0,0
1680679606199635498,0,0,0,0
1680679606201539197,0,0,0,0
1680679606203477625,0,0,0,0
1680679606205381348,0,0,0,0
1680679606207270754,0,0,0,0
1680679606209194235,0,0,0,0
1680679606211209265,0,0,0,0
1680679606213221464,0,0,0,0
1680679606215109688,0,0,0,0
1680679606216999241,0,0,0,0
1680679606218888653,0,0,0,0
1680679606220873021,0,0,0,0
1680679606222731754,0,0,0,0
1680679606224673805,0,0,0,0
1680679606226594484,0,0,0,0
1680679606228532708,0,0,0,0
1680679606230492197,0,0,0,0
1680679606232412523,0,0,0,0
1680679606234343343,0,0,0,0
1680679606236254939,0,0,0,0
1680679606239046402,0,0,0,0
1680679606241068579,0,0,0,0
1680679606242996392,0,0,0,0
1680679606244898667,0,0,0,0
1680679606246849836,0,0,0,0
1680679606248796230,0,0,0,0
1680679606250780054,0,0,0,0
1680679606252727070,0,0,0,0
1680679606254664695,0,0,0,0
1680679606256589467,0,0,0,0
1680679606258511779,0,0,0,0
1680679606260631721,0,0,0,0
1680679606332530014,0,0,0,0
1680679606400859318,0,0,0,0
1680679606402818061,0,0,0,0
1680679606404807504,0,0,0,0
1680679606406743828,0,0,0,0
1680679606408695046,0,0,0,0
1680679606410618311,0,0,0,0
1680679606412524265,0,0,0,0
1680679606414402645,0,0,0,0
1680679606416123558,0,0,0,0
1680679606417921477,0,0,0,0
1680679606419702554,0,0,0,0
1680679606421523145,0,0,0,0
1680679606423302825,0,0,0,0
1680679606425105058,0,0,0,0
1680679606426799512,0,0,0,0
1680679606428527170,0,0,0,0
1680679606430274306,0,0,0,0
1680679606432175232,0,0,0,0
1680679606434064472,0,0,0,0
1680679606435999932,0,0,0,0
1680679606437893125,0,0,0,0
1680679606439839523,0,0,0,0
1680679606441749499,0,0,0,0
1680679606448816344,0,0,0,0
1680679606450631907,0,0,0,0
1680679606452605517,0,0,0,0
1680679606460116391,0,0,0,0
1680679606462204001,0,0,0,0
1680679606464216300,0,0,0,0
1680679606466135992,0,0,0,0
1680679606468193574,0,0,0,0
1680679606470232973,0,0,0,0
1680679606472099179,0,0,0,0
1680679606473975313,0,0,0,0
1680679606475827824,0,0,0,0
1680679606477699953,0,0,0,0
1680679606479454356,0,0,0,0
1680679606481347149,0,0,0,0
1680679606483177718,0,0,0,0
1680679606484983819,0,0,0,0
1680679606486792739,0,0,0,0
1680679606488672827,0,0,0,0
1680679606490634735,0,0,0,0
1680679606492609487,0,0,0,0
1680679606494500257,0,0,0,0
1680679606496397434,0,0,0,0
1680679606498234760,0,0,0,0
1680679606500166247,0,0,0,0
1680679606502112973,0,0,0,0
1680679606504067216,0,0,0,0
1680679606506052644,0,0,0,0
1680679606507956633,0,0,0,0
1680679606509938444,0,0,0,0
1680679606511920782,0,0,0,0
1680679606513841358,0,0,0,0
1680679606515691949,0,0,0,0
1680679606517491257,0,0,0,0
1680679606519330939,0,0,0,0
1680679606521205716,0,0,0,0
1680679606523035522,0,0,0,0
1680679606524888085,0,0,0,0
1680679606526768240,0,0,0,0
1680679606528584789,0,0,0,0
1680679606530543203,0,0,0,0
1680679606532486122,0,0,0,0
1680679606534490489,0,0,0,0
1680679606536394171,0,0,0,0
1680679606538373984,0,0,0,0
1680679606540265012,0,0,0,0
1680679606542229875,0,0,0,0
1680679606544248725,0,0,0,0
1680679606546211199,0,0,0,0
1680679606548079374,0,0,0,0
1680679606549940932,0,0,0,0
1680679606551952214,0,0,0,0
1680679606553890065,0,0,0,0
1680679606555871944,0,0,0,0
1680679606557786878,0,0,0,0
1680679606559763344,0,0,0,0
1680679606561715481,0,0,0,0
1680679606563691377,0,0,0,0
1680679606565598672,0,0,0,0
1680679606567502000,0,0,0,0
1680679606569392686,0,0,0,0
1680679606571225254,0,0,0,0
1680679606573083171,0,0,0,0
1680679606574777993,0,0,0,0
1680679606576586710,0,0,0,0
1680679606578495346,0,0,0,0
1680679606580444370,0,0,0,0
1680679606582486024,0,0,0,0
1680679606584487393,0,0,0,0
1680679606586373661,0,0,0,0
1680679606588312523,0,0,0,0
1680679606590310214,0,0,0,0
1680679606592250290,0,0,0,0
1680679606594197194,0,0,0,0
1680679606596075702,0,0,0,0
1680679606598018099,0,0,0,0
1680679606599873669,0,0,0,0
1680679606601829048,0,0,0,0
1680679606603593167,0,0,0,0
1680679606605369475,0,0,0,0
1680679606607095351,0,0,0,0
1680679606608809698,0,0,0,0
1680679606610709616,0,0,0,0
1680679606612689037,0,0,0,0
1680679606614514961,0,0,0,0
1680679606616419847,0,0,0,0
1680679606618374754,0,0,0,0
1680679606620327220,0,0,0,0
1680679606622244191,0,0,0,0
1680679606624110857,0,0,0,0
1680679606625990074,0,0,0,0
1680679606627920700,0,0,0,0
1680679606629793716,0,0,0,0
1680679606631768111,0,0,0,0
1680679606633666539,0,0,0,0
1680679606635632364,0,0,0,0
1680679606637437514,0,0,0,0
1680679606639257592,0,0,0,0
1680679606641208030,0,0,0,0
1680679606642994716,0,0,0,0
1680679606644808354,0,0,0,0
1680679606646785321,0,0,0,0
1680679606648674667,0,0,0,0
1680679606650643013,0,0,0,0
1680679606652549655,0,0,0,0
1680679606654450593,0,0,0,0
1680679606656401436,0,0,0,0
1680679606658343699,0,0,0,0
1680679606660322273,0,0,0,0
1680679606662249812,0,0,0,0
1680679606664112725,0,0,0,0
1680679606665956075,0,0,0,0
1680679606667910942,0,0,0,0
1680679606669783617,0,0,0,0
1680679606671768003,0,0,0,0
1680679606673694381,0,0,0,0
1680679606675693638,0,0,0,0
1680679606677620132,0,0,0,0
1680679606679616505,0,0,0,0
1680679606681555672,0,0,0,0
1680679606683488493,0,0,0,0
1680679606685334816,0,0,0,0
1680679606687221186,0,0,0,0
1680679606689052936,0,0,0,0
1680679606690908874,0,0,0,0
1680679606692810037,0,0,0,0
1680679606694771549,0,0,0,0
1680679606696671647,0,0,0,0
1680679606698664663,0,0,0,0
1680679606700583054,0,0,0,0
1680679606702557323,0,0,0,0
1680679606704459524,0,0,0,0
1680679606706250701,0,0,0,0
1680679606708156193,0,0,0,0
1680679606710035212,0,0,0,0
1680679606712054080,0,0,0,0
1680679606713942827,0,0,0,0
1680679606715818520,0,0,0,0
1680679606717652505,0,0,0,0
1680679606719469937,0,0,0,0
1680679606721337567,0,0,0,0
1680679606723145281,0,0,0,0
1680679606724998838,0,0,0,0
1680679606726843693,0,0,0,0
1680679606728741216,0,0,0,0
1680679606730669868,0,0,0,0
1680679606732795241,0,0,0,0
1680679606734783459,0,0,0,0
1680679606736559604,0,0,0,0
1680679606738348165,0,0,0,0
1680679606740171671,0,0,0,0
1680679606742110487,0,0,0,0
1680679606743909802,0,0,0,0
1680679606745919364,0,0,0,0
1680679606747801946,0,0,0,0
1680679606749739992,0,0,0,0
1680679606751738577,0,0,0,0
1680679606753637956,0,0,0,0
1680679606755598387,0,0,0,0
1680679606757331286,0,0,0,0
1680679606759204772,0,0,0,0
1680679606761013406,0,0,0,0
1680679606762857028,0,0,0,0
1680679606764741318,0,0,0,0
1680679606766733765,0,0,0,0
1680679606768642531,0,0,0,0
1680679606770643027,0,0,0,0
1680679606772596672,0,0,0,0
1680679606774577205,0,0,0,0
1680679606776515352,0,0,0,0
1680679606778379271,0,0,0,0
1680679606780366094,0,0,0,0
1680679606782387485,0,0,0,0
1680679606784249010,0,0,0,0
1680679606786132157,0,0,0,0
1680679606788059472,0,0,0,0
1680679606789989410,0,0,0,0
1680679606791989957,0,0,0,0
1680679606793900357,0,0,0,0
1680679606795857001,0,0,0,0
1680679606797772449,0,0,0,0
1680679606799705250,0,0,0,0
1680679606801594670,0,0,0,0
1680679606803417315,0,0,0,0
1680679606805322576,0,0,0,0
1680679606807116902,0,0,0,0
1680679606809050293,0,0,0,0
1680679606810984282,0,0,0,0
1680679606812808334,0,0,0,0
1680679606814736466,0,0,0,0
1680679606816735674,0,0,0,0
1680679606818740217,0,0,0,0
1680679606820572332,0,0,0,0
1680679606822563473,0,0,0,0
1680679606824423284,0,0,0,0
1680679606826296504,0,0,0,0
1680679606828176728,0,0,0,0
1680679606830125987,0,0,0,0
1680679606832073430,0,0,0,0
1680679606833971787,0,0,0,0
1680679606835941896,0,0,0,0
1680679606837934917,0,0,0,0
1680679606839777459,0,0,0,0
1680679606841650013,0,0,0,0
1680679606843502619,0,0,0,0
1680679606845424858,0,0,0,0
1680679606847221561,0,0,0,0
1680679606848957289,0,0,0,0
1680679606850829983,0,0,0,0
1680679606852848498,0,0,0,0
1680679606854721078,0,0,0,0
1680679606856689591,0,0,0,0
1680679606858690433,0,0,0,0
1680679606860592284,0,0,0,0
1680679606862554322,0,0,0,0
1680679606864411081,0,0,0,0
1680679606866379371,0,0,0,0
1680679606868227881,0,0,0,0
1680679606870094879,0,0,0,0
1680679606872131781,0,0,0,0
1680679606874069180,0,0,0,0
1680679606876035170,0,0,0,0
1680679606877941675,0,0,0,0
1680679606879913721,0,0,0,0
1680679606881965486,0,0,0,0
1680679606883808466,0,0,0,0
1680679606885620214,0,0,0,0
1680679606887553097,0,0,0,0
1680679606889313731,0,0,0,0
1680679606891057980,0,0,0,0
1680679606893027995,0,0,0,0
1680679606894963331,0,0,0,0
1680679606896809159,0,0,0,0
1680679606898786770,0,0,0,0
1680679606900678792,0,0,0,0
1680679606902697903,0,0,0,0
1680679606904643465,0,0,0,0
1680679606906514355,0,0,0,0
1680679606908454303,0,0,0,0
1680679606910331182,0,0,0,0
1680679606912195275,0,0,0,0
1680679606914104634,0,0,0,0
1680679606916064375,0,0,0,0
1680679606917957185,0,0,0,0
1680679606919933164,0,0,0,0
1680679606921876706,0,0,0,0
1680679606923804464,0,0,0,0
1680679606925754031,0,0,0,0
1680679606927760680,0,0,0,0
1680679606929646092,0,0,0,0
1680679606931612634,0,0,0,0
1680679606933445216,0,0,0,0
1680679606935370187,0,0,0,0
1680679606937205489,0,0,0,0
1680679606939028895,0,0,0,0
1680679606940861705,0,0,0,0
1680679606942783795,0,0,0,0
1680679606944669998,0,0,0,0
1680679606946647160,0,0,0,0
1680679606948538203,0,0,0,0
1680679606950507682,0,0,0,0
1680679606952524247,0,0,0,0
1680679606954504768,0,0,0,0
1680679606956386805,0,0,0,0
1680679606958258558,0,0,0,0
1680679606960128873,0,0,0,0
1680679606962001975,0,0,0,0
1680679606963923553,0,0,0,0
1680679606965865098,0,0,0,0
1680679606967834292,0,0,0,0
1680679606969718189,0,0,0,0
1680679606971685662,0,0,0,0
1680679606973617257,0,0,0,0
1680679606975591128,0,0,0,0
1680679606977361149,0,0,0,0
1680679606979170460,0,0,0,0
1680679606981060770,0,0,0,0
1680679606982942384,0,0,0,0
1680679606984822250,0,0,0,0
1680679606986654256,0,0,0,0
1680679606988613068,0,0,0,0
1680679606990562478,0,0,0,0
1680679606992519261,0,0,0,0
1680679606994530207,0,0,0,0
1680679606996448765,0,0,0,0
1680679606998413619,0,0,0,0
1680679607000329567,0,0,0,0
1680679607002174326,0,0,0,0
1680679607004079879,0,0,0,0
1680679607006048385,0,0,0,0
1680679607008019967,0,0,0,0
1680679607009927831,0,0,0,0
1680679607011885308,0,0,0,0
1680679607013960715,0,0,0,0
1680679607015909298,0,0,0,0
1680679607017902196,0,0,0,0
1680679607019771464,0,0,0,0
1680679607021635204,0,0,0,0
1680679607023527236,0,0,0,0
1680679607025375848,0,0,0,0
1680679607027260643,0,0,0,0
1680679607029047165,0,0,0,0
1680679607030920727,0,0,0,0
1680679607032827313,0,0,0,0
1680679607034646319,0,0,0,0
1680679607036506785,0,0,0,0
1680679607038449148,0,0,0,0
1680679607040329178,0,0,0,0
1680679607042222705,0,0,0,0
1680679607044072451,0,0,0,0
1680679607045953345,0,0,0,0
1680679607047895749,0,0,0,0
1680679607049813963,0,0,0,0
1680679607051853557,0,0,0,0
1680679607053893087,0,0,0,0
1680679607055945109,0,0,0,0
1680679607058010436,0,0,0,0
1680679607059929049,0,0,0,0
1680679607061944462,0,0,0,0
1680679607064175153,0,0,0,0
1680679607066145524,0,0,0,0
1680679607068074502,0,0,0,0
1680679607070071212,0,0,0,0
1680679607071948767,0,0,0,0
1680679607073925441,0,0,0,0
1680679607094314772,0,0,0,0
1680679607096354184,0,0,0,0
1680679607098455131,0,0,0,0
1680679607100574338,0,0,0,0
1680679607102683709,0,0,0,0
1680679607104815360,0,0,0,0
1680679607106777443,0,0,0,0
1680679607108574708,0,0,0,0
1680679607110500815,0,0,0,0
1680679607112382857,0,0,0,0
1680679607114323227,0,0,0,0
1680679607116259398,0,0,0,0
1680679607118124044,0,0,0,0
1680679607120066223,0,0,0,0
1680679607121968169,0,0,0,0
1680679607123952631,0,0,0,0
1680679607125970606,0,0,0,0
1680679607127923964,0,0,0,0
1680679607129799050,0,0,0,0
1680679607131744133,0,0,0,0
1680679607133709956,0,0,0,0
1680679607135678742,0,0,0,0
1680679607137562986,0,0,0,0
1680679607139445194,0,0,0,0
1680679607141267644,0,0,0,0
1680679607143164023,0,0,0,0
1680679607144996660,0,0,0,0
1680679607146987015,0,0,0,0
1680679607148808205,0,0,0,0
1680679607150769008,0,0,0,0
1680679607152656814,0,0,0,0
1680679607154597270,0,0,0,0
1680679607156473538,0,0,0,0
1680679607158382969,0,0,0,0
1680679607160355995,0,0,0,0
1680679607162245136,0,0,0,0
1680679607164212176,0,0,0,0
1680679607166131275,0,0,0,0
1680679607168065993,0,0,0,0
1680679607170041016,0,0,0,0
1680679607171881688,0,0,0,0
1680679607173863900,0,0,0,0
1680679607175769642,0,0,0,0
1680679607177712521,0,0,0,0
1680679607179582760,0,0,0,0
1680679607181384806,0,0,0,0
1680679607183182783,0,0,0,0
1680679607185002378,0,0,0,0
1680679607187031178,0,0,0,0
1680679607188812889,0,0,0,0
1680679607190762550,0,0,0,0
1680679607192686008,0,0,0,0
1680679607194659373,0,0,0,0
1680679607196599203,0,0,0,0
1680679607198605158,0,0,0,0
1680679607200510056,0,0,0,0
1680679607202469970,0,0,0,0
1680679607204427686,0,0,0,0
1680679607206328379,0,0,0,0
1680679607208179894,0,0,0,0
1680679607209969060,0,0,0,0
1680679607211949060,0,0,0,0
1680679607213901561,0,0,0,0
1680679607215814065,0,0,0,0
1680679607217771417,0,0,0,0
1680679607219703888,0,0,0,0
1680679607221688245,0,0,0,0
1680679607223639161,0,0,0,0
1680679607225427167,0,0,0,0
1680679607227217921,0,0,0,0
1680679607229030835,0,0,0,0
1680679607230834328,0,0,0,0
1680679607232796929,0,0,0,0
1680679607234722873,0,0,0,0
1680679607236550139,0,0,0,0
1680679607238516954,0,0,0,0
1680679607240425792,0,0,0,0
1680679607242425841,0,0,0,0
1680679607244351498,0,0,0,0
1680679607246275872,0,0,0,0
1680679607248212410,0,0,0,0
1680679607250078388,0,0,0,0
1680679607252024911,0,0,0,0
1680679607253961031,0,0,0,0
1680679607255837098,0,0,0,0
1680679607257647218,0,0,0,0
1680679607259603348,0,0,0,0
1680679607261393526,0,0,0,0
1680679607263246000,0,0,0,0
1680679607265094658,0,0,0,0
1680679607267068443,0,0,0,0
1680679607268896551,0,0,0,0
1680679607270846293,0,0,0,0
1680679607272766543,0,0,0,0
1680679607274772146,0,0,0,0
1680679607276708161,0,0,0,0
1680679607278568275,0,0,0,0
1680679607280512647,0,0,0,0
1680679607282372960,0,0,0,0
1680679607284383310,0,0,0,0
1680679607286435584,0,0,0,0
1680679607288343999,0,0,0,0
1680679607290329061,0,0,0,0
1680679607292237556,0,0,0,0
1680679607294237487,0,0,0,0
1680679607296149045,0,0,0,0
1680679607298039707,0,0,0,0
1680679607299997853,0,0,0,0
1680679607301918210,0,0,0,0
1680679607303896122,0,0,0,0
1680679607305768705,0,0,0,0
1680679607307632169,0,0,0,0
1680679607309609765,0,0,0,0
1680679607311488902,0,0,0,0
1680679607313370322,0,0,0,0
1680679607315255800,0,0,0,0
1680679607317061209,0,0,0,0
1680679607318873846,0,0,0,0
1680679607320679660,0,0,0,0
1680679607322636477,0,0,0,0
1680679607324620831,0,0,0,0
1680679607326523625,0,0,0,0
1680679607328474272,0,0,0,0
1680679607330398258,0,0,0,0
1680679607332348831,0,0,0,0
1680679607334179101,0,0,0,0
1680679607336004768,0,0,0,0
1680679607337881262,0,0,0,0
1680679607339818114,0,0,0,0
1680679607341728284,0,0,0,0
1680679607343625630,0,0,0,0
1680679607345429836,0,0,0,0
1680679607347236242,0,0,0,0
1680679607349091573,0,0,0,0
1680679607350917828,0,0,0,0
1680679607352813079,0,0,0,0
1680679607354788533,0,0,0,0
1680679607356630099,0,0,0,0
1680679607358505411,0,0,0,0
1680679607360443524,0,0,0,0
1680679607362320956,0,0,0,0
1680679607364306342,0,0,0,0
1680679607366211913,0,0,0,0
1680679607368074519,0,0,0,0
1680679607369943734,0,0,0,0
1680679607371831656,0,0,0,0
1680679607373842378,0,0,0,0
1680679607375827075,0,0,0,0
1680679607377717855,0,0,0,0
1680679607379691113,0,0,0,0
1680679607381713484,0,0,0,0
1680679607383595655,0,0,0,0
1680679607385525825,0,0,0,0
1680679607387508721,0,0,0,0
1680679607389310837,0,0,0,0
1680679607391129083,0,0,0,0
1680679607393043750,0,0,0,0
1680679607395039493,0,0,0,0
1680679607396848550,0,0,0,0
1680679607398784609,0,0,0,0
1680679607400684657,0,0,0,0
1680679607402605313,0,0,0,0
1680679607404588964,0,0,0,0
1680679607406468206,0,0,0,0
1680679607408428797,0,0,0,0
1680679607410318407,0,0,0,0
1680679607412278754,0,0,0,0
1680679607414236540,0,0,0,0
1680679607416211030,0,0,0,0
1680679607418121275,0,0,0,0
1680679607420015780,0,0,0,0
1680679607421929521,0,0,0,0
1680679607423750324,0,0,0,0
1680679607425454396,0,0,0,0
1680679607427190074,0,0,0,0
1680679607428875193,0,0,0,0
1680679607430555496,0,0,0,0
1680679607432237576,0,0,0,0
1680679607434493047,0,0,0,0
1680679607436497805,0,0,0,0
1680679607438300211,0,0,0,0
1680679607440088507,0,0,0,0
1680679607441982403,0,0,0,0
1680679607443976450,0,0,0,0
1680679607445819672,0,0,0,0
1680679607447683406,0,0,0,0
1680679607449635022,0,0,0,0
1680679607451495359,0,0,0,0
1680679607453386470,0,0,0,0
1680679607455286132,0,0,0,0
1680679607457132533,0,0,0,0
1680679607458940859,0,0,0,0
1680679607460819824,0,0,0,0
1680679607462598245,0,0,0,0
1680679607464513230,0,0,0,0
1680679607466404684,0,0,0,0
1680679607468246472,0,0,0,0
1680679607470116069,0,0,0,0
1680679607472044463,0,0,0,0
1680679607474018295,0,0,0,0
1680679607475930819,0,0,0,0
1680679607477733795,0,0,0,0
1680679607479529987,0,0,0,0
1680679607481350464,0,0,0,0
1680679607483069539,0,0,0,0
1680679607484917738,0,0,0,0
1680679607486720677,0,0,0,0
1680679607488534963,0,0,0,0
1680679607490365636,0,0,0,0
1680679607492215129,0,0,0,0
1680679607494157992,0,0,0,0
1680679607495973662,0,0,0,0
1680679607497911948,0,0,0,0
1680679607499777889,0,0,0,0
1680679607501690475,0,0,0,0
1680679607503577378,0,0,0,0
1680679607505522560,0,0,0,0
1680679607507473142,0,0,0,0
1680679607509290604,0,0,0,0
1680679607511017133,0,0,0,0
1680679607512771490,0,0,0,0
1680679607514712560,0,0,0,0
1680679607516555331,0,0,0,0
1680679607518417768,0,0,0,0
1680679607520428867,0,0,0,0
1680679607522438158,0,0,0,0
1680679607524355838,0,0,0,0
1680679607526276532,0,0,0,0
1680679607528167599,0,0,0,0
1680679607530087918,0,0,0,0
1680679607531981454,0,0,0,0
1680679607533889363,0,0,0,0
1680679607536103061,0,0,0,0
1680679607537995401,0,0,0,0
1680679607539892001,0,0,0,0
1680679607541820204,0,0,0,0
1680679607543746397,0,0,0,0
1680679607545703231,0,0,0,0
1680679607547642892,0,0,0,0
1680679607549567576,0,0,0,0
1680679607551487745,0,0,0,0
1680679607553427294,0,0,0,0
1680679607555404821,0,0,0,0
1680679607557323680,0,0,0,0
1680679607559260738,0,0,0,0
1680679607561199665,0,0,0,0
1680679607563138380,0,0,0,0
1680679607565091233,0,0,0,0
1680679607567026727,0,0,0,0
1680679607569767386,0,0,0,0
1680679607571677668,0,0,0,0
1680679607573629268,0,0,0,0
1680679607575558712,0,0,0,0
1680679607577493979,0,0,0,0
1680679607579438818,0,0,0,0
1680679607581371434,0,0,0,0
1680679607583318343,0,0,0,0
1680679607585333886,0,0,0,0
1680679607587941611,0,0,0,0
1680679607589919678,0,0,0,0
1680679607592023931,0,0,0,0
1680679607665258222,0,0,0,0
1680679607737321861,0,0,0,0
1680679607739284933,0,0,0,0
1680679607741223056,0,0,0,0
1680679607743103670,0,0,0,0
1680679607745094008,0,0,0,0
1680679607747037821,0,0,0,0
1680679607748877583,0,0,0,0
1680679607750727063,0,0,0,0
1680679607752479575,0,0,0,0
1680679607754454122,0,0,0,0
1680679607756208611,0,0,0,0
1680679607758047594,0,0,0,0
1680679607759889491,0,0,0,0
1680679607761781412,0,0,0,0
1680679607763675871,0,0,0,0
1680679607765597814,0,0,0,0
1680679607767563197,0,0,0,0
1680679607769389567,0,0,0,0
1680679607771157472,0,0,0,0
1680679607772941618,0,0,0,0
1680679607774826877,0,0,0,0
1680679607776614735,0,0,0,0
1680679607778491827,0,0,0,0
1680679607780396619,0,0,0,0
1680679607782324393,0,0,0,0
1680679607784274047,0,0,0,0
1680679607786196547,0,0,0,0
1680679607788196929,0,0,0,0
1680679607790089406,0,0,0,0
1680679607791956132,0,0,0,0
1680679607793933708,0,0,0,0
1680679607795842294,0,0,0,0
1680679607797670731,0,0,0,0
1680679607799468251,0,0,0,0
1680679607801276656,0,0,0,0
1680679607803111856,0,0,0,0
1680679607805031749,0,0,0,0
1680679607806824750,0,0,0,0
1680679607808708669,0,0,0,0
1680679607810535179,0,0,0,0
1680679607812408738,0,0,0,0
1680679607814318011,0,0,0,0
1680679607816215086,0,0,0,0
1680679607818073472,0,0,0,0
1680679607819993958,0,0,0,0
1680679607821904793,0,0,0,0
1680679607823804359,0,0,0,0
1680679607825734531,0,0,0,0
1680679607827730330,0,0,0,0
1680679607829624982,0,0,0,0
1680679607831598745,0,0,0,0
1680679607833385239,0,0,0,0
1680679607835255233,0,0,0,0
1680679607837047247,0,0,0,0
1680679607838828540,0,0,0,0
1680679607840744012,0,0,0,0
1680679607842660329,0,0,0,0
1680679607844628676,0,0,0,0
1680679607846609071,0,0,0,0
1680679607848572909,0,0,0,0
1680679607850542035,0,0,0,0
1680679607852458210,0,0,0,0
1680679607854404508,0,0,0,0
1680679607856292834,0,0,0,0
1680679607858235519,0,0,0,0
1680679607860072467,0,0,0,0
1680679607862313919,0,0,0,0
1680679607864338846,0,0,0,0
1680679607866234478,0,0,0,0
1680679607868259862,0,0,0,0
1680679607870174909,0,0,0,0
1680679607872157627,0,0,0,0
1680679607874123078,0,0,0,0
1680679607876038528,0,0,0,0
1680679607877890264,0,0,0,0
1680679607879757788,0,0,0,0
1680679607881604151,0,0,0,0
1680679607883556805,0,0,0,0
1680679607885403595,0,0,0,0
1680679607887339882,0,0,0,0
1680679607889203976,0,0,0,0
1680679607891021140,0,0,0,0
1680679607892926044,0,0,0,0
1680679607894790312,0,0,0,0
1680679607896695188,0,0,0,0
1680679607898570454,0,0,0,0
1680679607900424971,0,0,0,0
1680679607902390823,0,0,0,0
1680679607904229693,0,0,0,0
1680679607906210317,0,0,0,0
1680679607908198535,0,0,0,0
1680679607910045184,0,0,0,0
1680679607911960060,0,0,0,0
1680679607913797348,0,0,0,0
1680679607915801300,0,0,0,0
1680679607917623446,0,0,0,0
1680679607919538920,0,0,0,0
1680679607921426666,0,0,0,0
1680679607923287796,0,0,0,0
1680679607925078387,0,0,0,0
1680679607927009072,0,0,0,0
1680679607928811354,0,0,0,0
1680679607930785806,0,0,0,0
1680679607932668725,0,0,0,0
1680679607934700223,0,0,0,0
1680679607936592098,0,0,0,0
1680679607938553215,0,0,0,0
1680679607940398590,0,0,0,0
1680679607942353477,0,0,0,0
1680679607944152757,0,0,0,0
1680679607946135588,0,0,0,0
1680679607948070198,0,0,0,0
1680679607950068024,0,0,0,0
1680679607952055647,0,0,0,0
1680679607953974890,0,0,0,0
1680679607955968322,0,0,0,0
1680679607957878648,0,0,0,0
1680679607959786725,0,0,0,0
1680679607961643055,0,0,0,0
1680679607963534305,0,0,0,0
1680679607965402520,0,0,0,0
1680679607967220670,0,0,0,0
1680679607968994395,0,0,0,0
1680679607970862538,0,0,0,0
1680679607972736324,0,0,0,0
1680679607974701175,0,0,0,0
1680679607976565212,0,0,0,0
1680679607978385698,0,0,0,0
1680679607980341354,0,0,0,0
1680679607982165947,0,0,0,0
1680679607984136613,0,0,0,0
1680679607986034222,0,0,0,0
1680679607987968774,0,0,0,0
1680679607989820020,0,0,0,0
1680679607991793811,0,0,0,0
1680679607993675562,0,0,0,0
1680679607995609253,0,0,0,0
1680679607997498854,0,0,0,0
1680679607999363708,0,0,0,0
1680679608001212782,0,0,0,0
1680679608003081849,0,0,0,0
1680679608004894715,0,0,0,0
1680679608006810272,0,0,0,0
1680679608008684257,0,0,0,0
1680679608010566313,0,0,0,0
1680679608012478171,0,0,0,0
1680679608014531102,0,0,0,0
1680679608016475997,0,0,0,0
1680679608018419516,0,0,0,0
1680679608020326397,0,0,0,0
1680679608022202514,0,0,0,0
1680679608024125010,0,0,0,0
1680679608025949256,0,0,0,0
1680679608027842382,0,0,0,0
1680679608029606633,0,0,0,0
1680679608031559423,0,0,0,0
1680679608033391249,0,0,0,0
1680679608035337607,0,0,0,0
1680679608037166998,0,0,0,0
1680679608039047875,0,0,0,0
1680679608040932843,0,0,0,0
1680679608042916492,0,0,0,0
1680679608044810495,0,0,0,0
1680679608046636156,0,0,0,0
1680679608048492246,0,0,0,0
1680679608050406240,0,0,0,0
1680679608052259020,0,0,0,0
1680679608054128247,0,0,0,0
1680679608056155226,0,0,0,0
1680679608058148882,0,0,0,0
1680679608060035465,0,0,0,0
1680679608062001971,0,0,0,0
1680679608063905892,0,0,0,0
1680679608066026759,0,0,0,0
1680679608068136112,0,0,0,0
1680679608069984677,0,0,0,0
1680679608071809744,0,0,0,0
1680679608073728054,0,0,0,0
1680679608075740765,0,0,0,0
1680679608095418726,0,0,0,0
1680679608097326080,0,0,0,0
1680679608099289342,0,0,0,0
1680679608101273861,0,0,0,0
1680679608103230376,0,0,0,0
1680679608105047594,0,0,0,0
1680679608107086084,0,0,0,0
1680679608108947859,0,0,0,0
1680679608110913325,0,0,0,0
1680679608112799774,0,0,0,0
1680679608114760153,0,0,0,0
1680679608116632896,0,0,0,0
1680679608118630013,0,0,0,0
1680679608120485849,0,0,0,0
1680679608122433100,0,0,0,0
1680679608124413782,0,0,0,0
1680679608126267258,0,0,0,0
1680679608128251619,0,0,0,0
1680679608130125997,0,0,0,0
1680679608131985428,0,0,0,0
1680679608133798561,0,0,0,0
1680679608135818988,0,0,0,0
1680679608137815735,0,0,0,0
1680679608139677108,0,0,0,0
1680679608141592002,0,0,0,0
1680679608143524901,0,0,0,0
1680679608145428951,0,0,0,0
1680679608147345737,0,0,0,0
1680679608149227996,0,0,0,0
1680679608151057700,0,0,0,0
1680679608152824284,0,0,0,0
1680679608154753328,0,0,0,0
1680679608156666577,0,0,0,0
1680679608158596980,0,0,0,0
1680679608160488692,0,0,0,0
1680679608162381027,0,0,0,0
1680679608164259092,0,0,0,0
1680679608166209836,0,0,0,0
1680679608168205135,0,0,0,0
1680679608170186273,0,0,0,0
1680679608172050130,0,0,0,0
1680679608174043102,0,0,0,0
1680679608176043557,0,0,0,0
1680679608177934064,0,0,0,0
1680679608179828703,0,0,0,0
1680679608181670349,0,0,0,0
1680679608183564808,0,0,0,0
1680679608185327154,0,0,0,0
1680679608187211448,0,0,0,0
1680679608189004836,0,0,0,0
1680679608190850450,0,0,0,0
1680679608192753218,0,0,0,0
1680679608194653039,0,0,0,0
1680679608196600683,0,0,0,0
1680679608198366919,0,0,0,0
1680679608200233851,0,0,0,0
1680679608202090071,0,0,0,0
1680679608203926543,0,0,0,0
1680679608205886747,0,0,0,0
1680679608207783446,0,0,0,0
1680679608209710544,0,0,0,0
1680679608211719363,0,0,0,0
1680679608213622295,0,0,0,0
1680679608215646367,0,0,0,0
1680679608217592303,0,0,0,0
1680679608219511205,0,0,0,0
1680679608221350239,0,0,0,0
1680679608223137897,0,0,0,0
1680679608224944507,0,0,0,0
1680679608226763601,0,0,0,0
1680679608228703716,0,0,0,0
1680679608230631533,0,0,0,0
1680679608232581365,0,0,0,0
1680679608234486595,0,0,0,0
1680679608236483513,0,0,0,0
1680679608238419479,0,0,0,0
1680679608240402934,0,0,0,0
1680679608242293368,0,0,0,0
1680679608244218794,0,0,0,0
1680679608246093402,0,0,0,0
1680679608247988531,0,0,0,0
1680679608249884729,0,0,0,0
1680679608251806867,0,0,0,0
1680679608253714828,0,0,0,0
1680679608255734101,0,0,0,0
1680679608257625106,0,0,0,0
1680679608259576125,0,0,0,0
1680679608261392693,0,0,0,0
1680679608263222361,0,0,0,0
1680679608265131952,0,0,0,0
1680679608267126072,0,0,0,0
1680679608268982816,0,0,0,0
1680679608270918055,0,0,0,0
1680679608272811685,0,0,0,0
1680679608274793378,0,0,0,0
1680679608276648194,0,0,0,0
1680679608278620908,0,0,0,0
1680679608280536595,0,0,0,0
1680679608282523809,0,0,0,0
1680679608284369248,0,0,0,0
1680679608286280882,0,0,0,0
1680679608288205609,0,0,0,0
1680679608290153203,0,0,0,0
1680679608292032461,0,0,0,0
1680679608294030207,0,0,0,0
1680679608296017368,0,0,0,0
1680679608297959005,0,0,0,0
1680679608299832498,0,0,0,0
1680679608301793097,0,0,0,0
1680679608303778193,0,0,0,0
1680679608305641621,0,0,0,0
1680679608307576416,0,0,0,0
1680679608309404199,0,0,0,0
1680679608311201628,0,0,0,0
1680679608312984854,0,0,0,0
1680679608314964190,0,0,0,0
1680679608316850809,0,0,0,0
1680679608318639261,0,0,0,0
1680679608320555667,0,0,0,0
1680679608322423070,0,0,0,0
1680679608324360252,0,0,0,0
1680679608326229762,0,0,0,0
1680679608328116194,0,0,0,0
1680679608330074233,0,0,0,0
1680679608331948650,0,0,0,0
1680679608333763213,0,0,0,0
1680679608335738738,0,0,0,0
1680679608337671888,0,0,0,0
1680679608339648098,0,0,0,0
1680679608341561159,0,0,0,0
1680679608343524272,0,0,0,0
1680679608345375593,0,0,0,0
1680679608347172479,0,0,0,0
1680679608349071776,0,0,0,0
1680679608351031068,0,0,0,0
1680679608352805826,0,0,0,0
1680679608354682609,0,0,0,0
1680679608356734769,0,0,0,0
1680679608358681342,0,0,0,0
1680679608360585214,0,0,0,0
1680679608362424449,0,0,0,0
1680679608364357496,0,0,0,0
1680679608366264827,0,0,0,0
1680679608368241585,0,0,0,0
1680679608370126998,0,0,0,0
1680679608371953330,0,0,0,0
1680679608373895288,0,0,0,0
1680679608375768264,0,0,0,0
1680679608377737511,0,0,0,0
1680679608379636405,0,0,0,0
1680679608381586269,0,0,0,0
1680679608383599322,0,0,0,0
1680679608385387006,0,0,0,0
1680679608387410452,0,0,0,0
1680679608389307963,0,0,0,0
1680679608391122473,0,0,0,0
1680679608392875360,0,0,0,0
1680679608394659814,0,0,0,0
1680679608396670571,0,0,0,0
1680679608398591565,0,0,0,0
1680679608400557032,0,0,0,0
1680679608402479478,0,0,0,0
1680679608404459669,0,0,0,0
1680679608406395293,0,0,0,0
1680679608408451147,0,0,0,0
1680679608410258486,0,0,0,0
1680679608412035174,0,0,0,0
1680679608413828923,0,0,0,0
1680679608415977037,0,0,0,0
1680679608417748136,0,0,0,0
1680679608419626335,0,0,0,0
1680679608421616104,0,0,0,0
1680679608423522932,0,0,0,0
1680679608425351083,0,0,0,0
1680679608427182664,0,0,0,0
1680679608429141535,0,0,0,0
1680679608431016855,0,0,0,0
1680679608432798961,0,0,0,0
1680679608434538593,0,0,0,0
1680679608436435913,0,0,0,0
1680679608438306346,0,0,0,0
1680679608440266885,0,0,0,0
1680679608442110986,0,0,0,0
1680679608443999399,0,0,0,0
1680679608445899476,0,0,0,0
1680679608447876261,0,0,0,0
1680679608449803067,0,0,0,0
1680679608451517460,0,0,0,0
1680679608453254679,0,0,0,0
1680679608455068254,0,0,0,0
1680679608456983999,0,0,0,0
1680679608458774593,0,0,0,0
1680679608460734583,0,0,0,0
1680679608462650501,0,0,0,0
1680679608464621228,0,0,0,0
1680679608466452546,0,0,0,0
1680679608468405540,0,0,0,0
1680679608470282779,0,0,0,0
1680679608472201269,0,0,0,0
1680679608474005819,0,0,0,0
1680679608476050030,0,0,0,0
1680679608477919542,0,0,0,0
1680679608479806631,0,0,0,0
1680679608481614089,0,0,0,0
1680679608483520595,0,0,0,0
1680679608485281961,0,0,0,0
1680679608487137495,0,0,0,0
1680679608488944459,0,0,0,0
1680679608490759063,0,0,0,0
1680679608492710111,0,0,0,0
1680679608494567516,0,0,0,0
1680679608496493238,0,0,0,0
1680679608498400712,0,0,0,0
1680679608500370896,0,0,0,0
1680679608502197796,0,0,0,0
1680679608504127763,0,0,0,0
1680679608505969027,0,0,0,0
1680679608507815315,0,0,0,0
1680679608509707958,0,0,0,0
1680679608511483995,0,0,0,0
1680679608513391333,0,0,0,0
1680679608515277284,0,0,0,0
1680679608517204310,0,0,0,0
1680679608519121306,0,0,0,0
1680679608520981019,0,0,0,0
1680679608522952919,0,0,0,0
1680679608524819456,0,0,0,0
1680679608526581578,0,0,0,0
1680679608528540538,0,0,0,0
1680679608530395854,0,0,0,0
1680679608532249025,0,0,0,0
1680679608534095186,0,0,0,0
1680679608536075497,0,0,0,0
1680679608538004219,0,0,0,0
1680679608539961375,0,0,0,0
1680679608541903900,0,0,0,0
1680679608543828970,0,0,0,0
1680679608545775105,0,0,0,0
1680679608547630493,0,0,0,0
1680679608549541407,0,0,0,0
1680679608551510406,0,0,0,0
1680679608553316981,0,0,0,0
1680679608555175652,0,0,0,0
1680679608557013546,0,0,0,0
1680679608558852760,0,0,0,0
1680679608560706551,0,0,0,0
1680679608562661337,0,0,0,0
1680679608564631495,0,0,0,0
1680679608566455365,0,0,0,0
1680679608568328227,0,0,0,0
1680679608570220230,0,0,0,0
1680679608572084836,0,0,0,0
1680679608573983808,0,0,0,0
1680679608575797420,0,0,0,0
1680679608577660053,0,0,0,0
1680679608579650601,0,0,0,0
1680679608581543819,0,0,0,0
1680679608583484250,0,0,0,0
1680679608585309784,0,0,0,0
1680679608587178944,0,0,0,0
1680679608589053080,0,0,0,0
1680679608590849916,0,0,0,0
1680679608592759123,0,0,0,0
1680679608594625549,0,0,0,0
1680679608596585705,0,0,0,0
1680679608598584596,0,0,0,0
1680679608600481706,0,0,0,0
1680679608602488004,0,0,0,0
1680679608604404427,0,0,0,0
1680679608606405680,0,0,0,0
1680679608608201419,0,0,0,0
1680679608610179294,0,0,0,0
1680679608612029132,0,0,0,0
1680679608613967278,0,0,0,0
1680679608615855539,0,0,0,0
1680679608617814315,0,0,0,0
1680679608619635771,0,0,0,0
1680679608621357787,0,0,0,0
1680679608623194377,0,0,0,0
1680679608625032964,0,0,0,0
1680679608627014078,0,0,0,0
1680679608628904787,0,0,0,0
1680679608630707990,0,0,0,0
1680679608632666184,0,0,0,0
1680679608634562699,0,0,0,0
1680679608636594973,0,0,0,0
1680679608638500564,0,0,0,0
1680679608640474359,0,0,0,0
1680679608642370325,0,0,0,0
1680679608644313168,0,0,0,0
1680679608646224518,0,0,0,0
1680679608648207600,0,0,0,0
1680679608650084598,0,0,0,0
1680679608652043824,0,0,0,0
1680679608653943447,0,0,0,0
1680679608655803397,0,0,0,0
1680679608657691197,0,0,0,0
1680679608659580571,0,0,0,0
1680679608661510073,0,0,0,0
1680679608663383766,0,0,0,0
1680679608665211208,0,0,0,0
1680679608667152578,0,0,0,0
1680679608669084163,0,0,0,0
1680679608670781116,0,0,0,0
1680679608672533292,0,0,0,0
1680679608674386608,0,0,0,0
1680679608676205774,0,0,0,0
1680679608677972418,0,0,0,0
1680679608679909189,0,0,0,0
1680679608681808515,0,0,0,0
1680679608683825857,0,0,0,0
1680679608685707585,0,0,0,0
1680679608687673675,0,0,0,0
1680679608689559933,0,0,0,0
1680679608691439317,0,0,0,0
1680679608693277965,0,0,0,0
1680679608695176180,0,0,0,0
1680679608697134462,0,0,0,0
1680679608699015007,0,0,0,0
1680679608700808186,0,0,0,0
1680679608702730196,0,0,0,0
1680679608704585672,0,0,0,0
1680679608706509193,0,0,0,0
1680679608708479540,0,0,0,0
1680679608710401299,0,0,0,0
1680679608712296746,0,0,0,0
1680679608714215544,0,0,0,0
1680679608716106129,0,0,0,0
1680679608718024607,0,0,0,0
1680679608719890451,0,0,0,0
1680679608721780844,0,0,0,0
1680679608723753530,0,0,0,0
1680679608725590542,0,0,0,0
1680679608727469378,0,0,0,0
1680679608729262802,0,0,0,0
1680679608731199535,0,0,0,0
1680679608733047605,0,0,0,0
1680679608735013179,0,0,0,0
1680679608737078542,0,0,0,0
1680679608738972536,0,0,0,0
1680679608740888751,0,0,0,0
1680679608742838149,0,0,0,0
1680679608744700755,0,0,0,0
1680679608746593726,0,0,0,0
1680679608748446851,0,0,0,0
1680679608750280684,0,0,0,0
1680679608752079795,0,0,0,0
1680679608754054204,0,0,0,0
1680679608756017672,0,0,0,0
1680679608757941864,0,0,0,0
1680679608759683775,0,0,0,0
1680679608761420502,0,0,0,0
1680679608763208707,0,0,0,0
1680679608765007071,0,0,0,0
1680679608766883686,0,0,0,0
1680679608768775511,0,0,0,0
1680679608770673049,0,0,0,0
1680679608772868400,0,0,0,0
1680679608774900365,0,0,0,0
1680679608776829501,0,0,0,0
1680679608778760646,0,0,0,0
1680679608780593838,0,0,0,0
1680679608782435720,0,0,0,0
1680679608784263686,0,0,0,0
1680679608786386351,0,0,0,0
1680679608788316099,0,0,0,0
1680679608790334631,0,0,0,0
1680679608792506162,0,0,0,0
1680679608794540064,0,0,0,0
1680679608796414902,0,0,0,0
1680679608798359173,0,0,0,0
1680679608800178961,0,0,0,0
1680679608801997958,0,0,0,0
1680679608803877103,0,0,0,0
1680679608805685136,0,0,0,0
1680679608807553881,0,0,0,0
1680679608809311310,0,0,0,0
1680679608811056233,0,0,0,0
1680679608812914816,0,0,0,0
1680679608814697574,0,0,0,0
1680679608816522798,0,0,0,0
1680679608818463013,0,0,0,0
1680679608820338091,0,0,0,0
1680679608822282725,0,0,0,0
1680679608824165373,0,0,0,0
1680679608826121153,0,0,0,0
1680679608827949070,0,0,0,0
1680679608829895197,0,0,0,0
1680679608831597218,0,0,0,0
1680679608833292067,0,0,0,0
1680679608835044534,0,0,0,0
1680679608836968563,0,0,0,0
1680679608838761058,0,0,0,0
1680679608840549999,0,0,0,0
1680679608842425289,0,0,0,0
1680679608844277427,0,0,0,0
1680679608846125737,0,0,0,0
1680679608848026530,0,0,0,0
1680679608849868118,0,0,0,0
1680679608851603029,0,0,0,0
1680679608853334972,0,0,0,0
1680679608855214201,0,0,0,0
1680679608857245461,0,0,0,0
1680679608859170819,0,0,0,0
1680679608861096049,0,0,0,0
1680679608863017755,0,0,0,0
1680679608864939520,0,0,0,0
1680679608866856313,0,0,0,0
1680679608868726254,0,0,0,0
1680679608870675579,0,0,0,0
1680679608872573474,0,0,0,0
1680679608874495482,0,0,0,0
1680679608876526603,0,0,0,0
1680679608878430112,0,0,0,0
1680679608880351038,0,0,0,0
1680679608882283907,0,0,0,0
1680679608884218631,0,0,0,0
1680679608886110285,0,0,0,0
1680679608887986531,0,0,0,0
1680679608890010588,0,0,0,0
1680679608891891376,0,0,0,0
1680679608893791178,0,0,0,0
1680679608895692238,0,0,0,0
1680679608897663088,0,0,0,0
1680679608899568698,0,0,0,0
1680679608901496129,0,0,0,0
1680679608903413360,0,0,0,0
1680679608905353079,0,0,0,0
1680679608907260722,0,0,0,0
1680679608909210389,0,0,0,0
1680679608911117010,0,0,0,0
1680679608912997770,0,0,0,0
1680679608914888970,0,0,0,0
1680679608916721213,0,0,0,0
1680679608918610710,0,0,0,0
1680679608921396782,0,0,0,0
1680679608923393293,0,0,0,0
1680679608925512292,0,0,0,0
1680679608998574275,0,0,0,0
1680679609067893001,0,0,0,0
1680679609069925084,0,0,0,0
1680679609071919838,0,0,0,0
1680679609074159262,0,0,0,0
1680679609076697319,0,0,0,0
1680679609078754672,0,0,0,0
1680679609080697964,0,0,0,0
1680679609099428107,0,0,0,0
1680679609101291420,0,0,0,0
1680679609103170526,0,0,0,0
1680679609105077673,0,0,0,0
1680679609106956543,0,0,0,0
1680679609108819577,0,0,0,0
1680679609110697393,0,0,0,0
1680679609112461369,0,0,0,0
1680679609114312155,0,0,0,0
1680679609116225325,0,0,0,0
1680679609118227320,0,0,0,0
1680679609120154121,0,0,0,0
1680679609122054404,0,0,0,0
1680679609123914655,0,0,0,0
1680679609125857541,0,0,0,0
1680679609127797548,0,0,0,0
1680679609129723789,0,0,0,0
1680679609131718241,0,0,0,0
1680679609133542934,0,0,0,0
1680679609135393321,0,0,0,0
1680679609137166934,0,0,0,0
1680679609139068949,0,0,0,0
1680679609140856323,0,0,0,0
1680679609142725441,0,0,0,0
1680679609144619715,0,0,0,0
1680679609146428765,0,0,0,0
1680679609148365415,0,0,0,0
1680679609150369018,0,0,0,0
1680679609152383701,0,0,0,0
1680679609154342315,0,0,0,0
1680679609156162273,0,0,0,0
1680679609158163776,0,0,0,0
1680679609160023711,0,0,0,0
1680679609161815024,0,0,0,0
1680679609163808063,0,0,0,0
1680679609165719479,0,0,0,0
1680679609167704126,0,0,0,0
1680679609169616286,0,0,0,0
1680679609171632119,0,0,0,0
1680679609173537211,0,0,0,0
1680679609175460326,0,0,0,0
1680679609177215205,0,0,0,0
1680679609179133897,0,0,0,0
1680679609180902556,0,0,0,0
1680679609182682253,0,0,0,0
1680679609184584760,0,0,0,0
1680679609186537626,0,0,0,0
1680679609188507620,0,0,0,0
1680679609190437714,0,0,0,0
1680679609192422241,0,0,0,0
1680679609194386976,0,0,0,0
1680679609196244606,0,0,0,0
1680679609198186154,0,0,0,0
1680679609200138019,0,0,0,0
1680679609202032345,0,0,0,0
1680679609203986155,0,0,0,0
1680679609205833738,0,0,0,0
1680679609207764911,0,0,0,0
1680679609209623959,0,0,0,0
1680679609211585559,0,0,0,0
1680679609213387045,0,0,0,0
1680679609215259300,0,0,0,0
1680679609217063629,0,0,0,0
1680679609219027598,0,0,0,0
1680679609220892608,0,0,0,0
1680679609222735663,0,0,0,0
1680679609224567892,0,0,0,0
1680679609226526199,0,0,0,0
1680679609228393225,0,0,0,0
1680679609230372179,0,0,0,0
1680679609232237357,0,0,0,0
1680679609234188020,0,0,0,0
1680679609236160078,0,0,0,0
1680679609238159008,0,0,0,0
1680679609240069195,0,0,0,0
1680679609241988836,0,0,0,0
1680679609243824660,0,0,0,0
1680679609245757702,0,0,0,0
1680679609247670472,0,0,0,0
1680679609249502732,0,0,0,0
1680679609251358616,0,0,0,0
1680679609253128123,0,0,0,0
1680679609255051693,0,0,0,0
1680679609256884459,0,0,0,0
1680679609258890462,0,0,0,0
1680679609260736314,0,0,0,0
1680679609262640498,0,0,0,0
1680679609264483501,0,0,0,0
1680679609266409493,0,0,0,0
1680679609268243866,0,0,0,0
1680679609270272007,0,0,0,0
1680679609272308626,0,0,0,0
1680679609274264844,0,0,0,0
1680679609276254275,0,0,0,0
1680679609278296542,0,0,0,0
1680679609280176336,0,0,0,0
1680679609282003222,0,0,0,0
1680679609283938910,0,0,0,0
1680679609285774962,0,0,0,0
1680679609287726261,0,0,0,0
1680679609289651375,0,0,0,0
1680679609291595725,0,0,0,0
1680679609293563500,0,0,0,0
1680679609295429863,0,0,0,0
1680679609297378715,0,0,0,0
1680679609299262927,0,0,0,0
1680679609301185695,0,0,0,0
1680679609303114244,0,0,0,0
1680679609304947240,0,0,0,0
1680679609306747208,0,0,0,0
1680679609308507794,0,0,0,0
1680679609310457098,0,0,0,0
1680679609312420018,0,0,0,0
1680679609314276641,0,0,0,0
1680679609316239191,0,0,0,0
1680679609318247694,0,0,0,0
1680679609320149944,0,0,0,0
1680679609321993322,0,0,0,0
1680679609323832290,0,0,0,0
1680679609325757027,0,0,0,0
1680679609327637310,0,0,0,0
1680679609329438211,0,0,0,0
1680679609331358288,0,0,0,0
1680679609333231065,0,0,0,0
1680679609334976260,0,0,0,0
1680679609336866899,0,0,0,0
1680679609338809794,0,0,0,0
1680679609340783952,0,0,0,0
1680679609342659878,0,0,0,0
1680679609344571129,0,0,0,0
1680679609346423479,0,0,0,0
1680679609348296963,0,0,0,0
1680679609350161479,0,0,0,0
1680679609352119847,0,0,0,0
1680679609353949737,0,0,0,0
1680679609355896018,0,0,0,0
1680679609357863870,0,0,0,0
1680679609359846511,0,0,0,0
1680679609361765918,0,0,0,0
1680679609363680216,0,0,0,0
1680679609365449562,0,0,0,0
1680679609367346834,0,0,0,0
1680679609369163103,0,0,0,0
1680679609371019159,0,0,0,0
1680679609372868715,0,0,0,0
1680679609374678813,0,0,0,0
1680679609376591657,0,0,0,0
1680679609378530722,0,0,0,0
1680679609380494358,0,0,0,0
1680679609382411775,0,0,0,0
1680679609384343245,0,0,0,0
1680679609386301248,0,0,0,0
1680679609388152634,0,0,0,0
1680679609390024980,0,0,0,0
1680679609392059367,0,0,0,0
1680679609394001381,0,0,0,0
1680679609395910319,0,0,0,0
1680679609397907513,0,0,0,0
1680679609399914712,0,0,0,0
1680679609401811190,0,0,0,0
1680679609403767100,0,0,0,0
1680679609405639159,0,0,0,0
1680679609407564258,0,0,0,0
1680679609409328195,0,0,0,0
1680679609411252638,0,0,0,0
1680679609413107918,0,0,0,0
1680679609414944834,0,0,0,0
1680679609416806764,0,0,0,0
1680679609418787547,0,0,0,0
1680679609420759138,0,0,0,0
1680679609422664710,0,0,0,0
1680679609424609379,0,0,0,0
1680679609426464984,0,0,0,0
1680679609428368629,0,0,0,0
1680679609430376005,0,0,0,0
1680679609432213746,0,0,0,0
1680679609434021509,0,0,0,0
1680679609435809979,0,0,0,0
1680679609437794978,0,0,0,0
1680679609439785247,0,0,0,0
1680679609441694966,0,0,0,0
1680679609443673978,0,0,0,0
1680679609445578140,0,0,0,0
1680679609447543660,0,0,0,0
1680679609449293289,0,0,0,0
1680679609451104970,0,0,0,0
1680679609453024860,0,0,0,0
1680679609454903218,0,0,0,0
1680679609456740703,0,0,0,0
1680679609458804704,0,0,0,0
1680679609460787144,0,0,0,0
1680679609462700172,0,0,0,0
1680679609464670556,0,0,0,0
1680679609466601973,0,0,0,0
1680679609468578649,0,0,0,0
1680679609470425966,0,0,0,0
1680679609472435017,0,0,0,0
1680679609474303228,0,0,0,0
1680679609476149216,0,0,0,0
1680679609478003879,0,0,0,0
1680679609479965429,0,0,0,0
1680679609481825472,0,0,0,0
1680679609483765722,0,0,0,0
1680679609485782585,0,0,0,0
1680679609487748560,0,0,0,0
1680679609489700852,0,0,0,0
1680679609491530918,0,0,0,0
1680679609493432582,0,0,0,0
1680679609495265220,0,0,0,0
1680679609497045386,0,0,0,0
1680679609498976652,0,0,0,0
1680679609500811615,0,0,0,0
1680679609502658904,0,0,0,0
1680679609504581239,0,0,0,0
1680679609506428862,0,0,0,0
1680679609508364128,0,0,0,0
1680679609510304969,0,0,0,0
1680679609512289261,0,0,0,0
1680679609514186007,0,0,0,0
1680679609515916733,0,0,0,0
1680679609517629637,0,0,0,0
1680679609519532286,0,0,0,0
1680679609521307191,0,0,0,0
1680679609523124814,0,0,0,0
1680679609524873402,0,0,0,0
1680679609526762256,0,0,0,0
1680679609528737191,0,0,0,0
1680679609530618093,0,0,0,0
1680679609532567141,0,0,0,0
1680679609534442293,0,0,0,0
1680679609536401802,0,0,0,0
1680679609538205200,0,0,0,0
1680679609540159782,0,0,0,0
1680679609541957503,0,0,0,0
1680679609543857469,0,0,0,0
1680679609545695872,0,0,0,0
1680679609547647626,0,0,0,0
1680679609549453037,0,0,0,0
1680679609551273410,0,0,0,0
1680679609553180856,0,0,0,0
1680679609554996742,0,0,0,0
1680679609556860441,0,0,0,0
1680679609558784714,0,0,0,0
1680679609560686514,0,0,0,0
1680679609562525071,0,0,0,0
1680679609564300239,0,0,0,0
1680679609566143899,0,0,0,0
1680679609568053873,0,0,0,0
1680679609569922967,0,0,0,0
1680679609571851593,0,0,0,0
1680679609573829452,0,0,0,0
1680679609575735695,0,0,0,0
1680679609577736113,0,0,0,0
1680679609579725783,0,0,0,0
1680679609581642526,0,0,0,0
1680679609583605123,0,0,0,0
1680679609585358651,0,0,0,0
1680679609587101520,0,0,0,0
1680679609588884286,0,0,0,0
1680679609590691126,0,0,0,0
1680679609592672599,0,0,0,0
1680679609594592499,0,0,0,0
1680679609596551291,0,0,0,0
1680679609598564250,0,0,0,0
1680679609600496068,0,0,0,0
1680679609602418885,0,0,0,0
1680679609604320273,0,0,0,0
1680679609606288228,0,0,0,0
1680679609608152298,0,0,0,0
1680679609610033289,0,0,0,0
1680679609611977597,0,0,0,0
1680679609613861241,0,0,0,0
1680679609615755629,0,0,0,0
1680679609617732925,0,0,0,0
1680679609619656899,0,0,0,0
1680679609621410882,0,0,0,0
1680679609623329072,0,0,0,0
1680679609625155830,0,0,0,0
1680679609627076987,0,0,0,0
1680679609628844310,0,0,0,0
1680679609630798417,0,0,0,0
1680679609632763951,0,0,0,0
1680679609634699470,0,0,0,0
1680679609636613938,0,0,0,0
1680679609638610728,0,0,0,0
1680679609640461331,0,0,0,0
1680679609642417665,0,0,0,0
1680679609644297513,0,0,0,0
1680679609646255164,0,0,0,0
1680679609648223735,0,0,0,0
1680679609650089472,0,0,0,0
1680679609652040507,0,0,0,0
1680679609653916085,0,0,0,0
1680679609655812988,0,0,0,0
1680679609657684610,0,0,0,0
1680679609659692013,0,0,0,0
1680679609661568849,0,0,0,0
1680679609663521957,0,0,0,0
1680679609665327974,0,0,0,0
1680679609667122218,0,0,0,0
1680679609669023079,0,0,0,0
1680679609670973102,0,0,0,0
1680679609672921800,0,0,0,0
1680679609674816823,0,0,0,0
1680679609676778144,0,0,0,0
1680679609678551957,0,0,0,0
1680679609680419356,0,0,0,0
1680679609682266047,0,0,0,0
1680679609684104445,0,0,0,0
1680679609686049336,0,0,0,0
1680679609687958054,0,0,0,0
1680679609689947444,0,0,0,0
1680679609691883539,0,0,0,0
1680679609693919046,0,0,0,0
1680679609695906093,0,0,0,0
1680679609697827355,0,0,0,0
1680679609699836266,0,0,0,0
1680679609701758894,0,0,0,0
1680679609703601482,0,0,0,0
1680679609705327572,0,0,0,0
1680679609707249920,0,0,0,0
1680679609709086068,0,0,0,0
1680679609711094503,0,0,0,0
1680679609712932531,0,0,0,0
1680679609714790687,0,0,0,0
1680679609716761058,0,0,0,0
1680679609718779085,0,0,0,0
1680679609720648995,0,0,0,0
1680679609722569783,0,0,0,0
1680679609724470279,0,0,0,0
1680679609726352829,0,0,0,0
1680679609728303416,0,0,0,0
1680679609730206726,0,0,0,0
1680679609732176900,0,0,0,0
1680679609734109635,0,0,0,0
1680679609736067237,0,0,0,0
1680679609738280620,0,0,0,0
1680679609740267127,0,0,0,0
1680679609742157833,0,0,0,0
1680679609743998594,0,0,0,0
1680679609745874386,0,0,0,0
1680679609747822144,0,0,0,0
1680679609749676322,0,0,0,0
1680679609751713744,0,0,0,0
1680679609753663624,0,0,0,0
1680679609755606926,0,0,0,0
1680679609757534104,0,0,0,0
1680679609759538663,0,0,0,0
1680679609761405518,0,0,0,0
1680679609763170887,0,0,0,0
1680679609765053618,0,0,0,0
1680679609766908604,0,0,0,0
1680679609768769434,0,0,0,0
1680679609770639275,0,0,0,0
1680679609772504303,0,0,0,0
1680679609774422543,0,0,0,0
1680679609776260501,0,0,0,0
1680679609778184661,0,0,0,0
1680679609780136312,0,0,0,0
1680679609782060440,0,0,0,0
1680679609784021759,0,0,0,0
1680679609785943332,0,0,0,0
1680679609787859017,0,0,0,0
1680679609789828775,0,0,0,0
1680679609791804680,0,0,0,0
1680679609793805446,0,0,0,0
1680679609795685731,0,0,0,0
1680679609797615419,0,0,0,0
1680679609799535563,0,0,0,0
1680679609801374911,0,0,0,0
1680679609803173012,0,0,0,0
1680679609805015114,0,0,0,0
1680679609806990440,0,0,0,0
1680679609808878398,0,0,0,0
1680679609810833013,0,0,0,0
1680679609812784994,0,0,0,0
1680679609814567367,0,0,0,0
1680679609816358855,0,0,0,0
1680679609818259229,0,0,0,0
1680679609820208946,0,0,0,0
1680679609822025970,0,0,0,0
1680679609823941951,0,0,0,0
1680679609825771258,0,0,0,0
1680679609827774199,0,0,0,0
1680679609829733376,0,0,0,0
1680679609831722954,0,0,0,0
1680679609833630931,0,0,0,0
1680679609835605305,0,0,0,0
1680679609837527442,0,0,0,0
1680679609839509816,0,0,0,0
1680679609841319963,0,0,0,0
1680679609843205516,0,0,0,0
1680679609845002348,0,0,0,0
1680679609846989742,0,0,0,0
1680679609848863365,0,0,0,0
1680679609850846746,0,0,0,0
1680679609852810076,0,0,0,0
1680679609854728295,0,0,0,0
1680679609856623752,0,0,0,0
1680679609858513155,0,0,0,0
1680679609860430787,0,0,0,0
1680679609862273399,0,0,0,0
1680679609864087261,0,0,0,0
1680679609865986691,0,0,0,0
1680679609867990139,0,0,0,0
1680679609869951360,0,0,0,0
1680679609871897095,0,0,0,0
1680679609873954318,0,0,0,0
1680679609875904665,0,0,0,0
1680679609877924851,0,0,0,0
1680679609879852098,0,0,0,0
1680679609881765040,0,0,0,0
1680679609883607586,0,0,0,0
1680679609885396230,0,0,0,0
1680679609887231938,0,0,0,0
1680679609889072560,0,0,0,0
1680679609891039650,0,0,0,0
1680679609892896160,0,0,0,0
1680679609894771883,0,0,0,0
1680679609896662839,0,0,0,0
1680679609898558660,0,0,0,0
1680679609900518890,0,0,0,0
1680679609902415304,0,0,0,0
1680679609904378763,0,0,0,0
1680679609906270651,0,0,0,0
1680679609908241176,0,0,0,0
1680679609910172693,0,0,0,0
1680679609912109868,0,0,0,0
1680679609914024022,0,0,0,0
1680679609915978829,0,0,0,0
1680679609917935112,0,0,0,0
1680679609919864498,0,0,0,0
1680679609921750436,0,0,0,0
1680679609923722557,0,0,0,0
1680679609925591321,0,0,0,0
1680679609927533767,0,0,0,0
1680679609929332117,0,0,0,0
1680679609931212172,0,0,0,0
1680679609933079594,0,0,0,0
1680679609934951206,0,0,0,0
1680679609936820054,0,0,0,0
1680679609938740137,0,0,0,0
1680679609940775479,0,0,0,0
1680679609942706174,0,0,0,0
1680679609944639184,0,0,0,0
1680679609946512254,0,0,0,0
1680679609948464549,0,0,0,0
1680679609950317883,0,0,0,0
1680679609952246741,0,0,0,0
1680679609954138951,0,0,0,0
1680679609955969925,0,0,0,0
1680679609957935376,0,0,0,0
1680679609959961967,0,0,0,0
1680679609961869029,0,0,0,0
1680679609963722455,0,0,0,0
1680679609965633393,0,0,0,0
1680679609967616612,0,0,0,0
1680679609969423150,0,0,0,0
1680679609971376336,0,0,0,0
1680679609973312747,0,0,0,0
1680679609975187087,0,0,0,0
1680679609976998415,0,0,0,0
1680679609978965441,0,0,0,0
1680679609980871140,0,0,0,0
1680679609982787412,0,0,0,0
1680679609984605472,0,0,0,0
1680679609986540605,0,0,0,0
1680679609988410749,0,0,0,0
1680679609990271607,0,0,0,0
1680679609992152790,0,0,0,0
1680679609994135840,0,0,0,0
1680679609996048518,0,0,0,0
1680679609997946475,0,0,0,0
1680679610000048451,0,0,0,0
1680679610002137094,0,0,0,0
1680679610004033177,0,0,0,0
1680679610006007587,0,0,0,0
1680679610007910273,0,0,0,0
1680679610009871332,0,0,0,0
1680679610011872179,0,0,0,0
1680679610013768967,0,0,0,0
1680679610015714453,0,0,0,0
1680679610017562074,0,0,0,0
1680679610019539016,0,0,0,0
1680679610021340440,0,0,0,0
1680679610023044311,0,0,0,0
1680679610024811541,0,0,0,0
1680679610026622048,0,0,0,0
1680679610028555664,0,0,0,0
1680679610030443240,0,0,0,0
1680679610032410094,0,0,0,0
1680679610034434134,0,0,0,0
1680679610036337400,0,0,0,0
1680679610038308146,0,0,0,0
1680679610040257280,0,0,0,0
1680679610042275383,0,0,0,0
1680679610044155777,0,0,0,0
1680679610046179882,0,0,0,0
1680679610048054319,0,0,0,0
1680679610050017637,0,0,0,0
1680679610051948088,0,0,0,0
1680679610053894612,0,0,0,0
1680679610055712324,0,0,0,0
1680679610057597294,0,0,0,0
1680679610059508025,0,0,0,0
1680679610061275162,0,0,0,0
1680679610063050280,0,0,0,0
1680679610064939626,0,0,0,0
1680679610066824761,0,0,0,0
1680679610068777925,0,0,0,0
1680679610070613633,0,0,0,0
1680679610072598409,0,0,0,0
1680679610074548882,0,0,0,0
1680679610076462248,0,0,0,0
1680679610078331850,0,0,0,0
1680679610080258005,0,0,0,0
1680679610082072362,0,0,0,0
1680679610083816046,0,0,0,0
1680679610085639874,0,0,0,0
1680679610087567184,0,0,0,0
1680679610089384116,0,0,0,0
1680679610091196980,0,0,0,0
1680679610093078959,0,0,0,0
1680679610094947808,0,0,0,0
1680679610096881738,0,0,0,0
1680679610098758858,0,0,0,0
1680679610100800553,0,0,0,0
1680679610102755560,0,0,0,0
1680679610104648782,0,0,0,0
1680679610106760953,0,0,0,0
1680679610108561759,0,0,0,0
1680679610110497807,0,0,0,0
1680679610112474161,0,0,0,0
1680679610114533239,0,0,0,0
1680679610116469281,0,0,0,0
1680679610118386072,0,0,0,0
1680679610120682537,0,0,0,0
1680679610122622473,0,0,0,0
1680679610124550280,0,0,0,0
1680679610126459598,0,0,0,0
1680679610128381976,0,0,0,0
1680679610130449808,0,0,0,0
1680679610132325609,0,0,0,0
1680679610134204135,0,0,0,0
1680679610136036754,0,0,0,0
1680679610137837583,0,0,0,0
1680679610139646867,0,0,0,0
1680679610141545182,0,0,0,0
1680679610143323519,0,0,0,0
1680679610145054982,0,0,0,0
1680679610146836008,0,0,0,0
1680679610148618188,0,0,0,0
1680679610150483200,0,0,0,0
1680679610152335749,0,0,0,0
1680679610154209556,0,0,0,0
1680679610156045864,0,0,0,0
1680679610157898761,0,0,0,0
1680679610159750891,0,0,0,0
1680679610161612698,0,0,0,0
1680679610163471641,0,0,0,0
1680679610165237451,0,0,0,0
1680679610166987496,0,0,0,0
1680679610168772930,0,0,0,0
1680679610170582922,0,0,0,0
1680679610172450142,0,0,0,0
1680679610174367535,0,0,0,0
1680679610176224314,0,0,0,0
1680679610178056496,0,0,0,0
1680679610179925558,0,0,0,0
1680679610181775359,0,0,0,0
1680679610183559817,0,0,0,0
1680679610185453383,0,0,0,0
1680679610187432425,0,0,0,0
1680679610189306420,0,0,0,0
1680679610191190305,0,0,0,0
1680679610193085504,0,0,0,0
1680679610195005842,0,0,0,0
1680679610196921594,0,0,0,0
1680679610199844800,0,0,0,0
1680679610201760758,0,0,0,0
1680679610203727803,0,0,0,0
1680679610205662772,0,0,0,0
1680679610207607036,0,0,0,0
1680679610209549570,0,0,0,0
1680679610211520479,0,0,0,0
1680679610213424122,0,0,0,0
1680679610215312358,0,0,0,0
1680679610217164064,0,0,0,0
1680679610219046292,0,0,0,0
1680679610221038192,0,0,0,0
1680679610222928321,0,0,0,0
1680679610224871591,0,0,0,0
1680679610226824304,0,0,0,0
1680679610228726449,0,0,0,0
1680679610230658478,0,0,0,0
1680679610232620961,0,0,0,0
1680679610234557808,0,0,0,0
1680679610236482968,0,0,0,0
1680679610238380574,0,0,0,0
1680679610240436673,0,0,0,0
1680679610242329314,0,0,0,0
1680679610244240749,0,0,0,0
1680679610246168970,0,0,0,0
1680679610248066078,0,0,0,0
1680679610250877000,0,0,0,0
1680679610252973152,0,0,0,0
1680679610255186983,0,0,0,0
1680679610329147901,0,0,0,0
1680679610400709880,0,0,0,0
1680679610402699729,0,0,0,0
1680679610404643762,0,0,0,0
1680679610406779878,0,0,0,0
1680679610409241831,0,0,0,0
1680679610411710225,0,0,0,0
1680679610413758541,0,0,0,0
1680679610415673594,0,0,0,0
1680679610417344502,0,0,0,0
1680679610419109599,0,0,0,0
1680679610420935729,0,0,0,0
1680679610422619779,0,0,0,0
1680679610424432141,0,0,0,0
1680679610426283593,0,0,0,0
1680679610428100437,0,0,0,0
1680679610429981264,0,0,0,0
1680679610431903270,0,0,0,0
1680679610433681507,0,0,0,0
1680679610435681344,0,0,0,0
1680679610437528988,0,0,0,0
1680679610439598027,0,0,0,0
1680679610441533329,0,0,0,0
1680679610443478184,0,0,0,0
1680679610445291143,0,0,0,0
1680679610447076631,0,0,0,0
1680679610448917754,0,0,0,0
1680679610450869930,0,0,0,0
1680679610452765908,0,0,0,0
1680679610454704577,0,0,0,0
1680679610456539935,0,0,0,0
1680679610458307509,0,0,0,0
1680679610460201220,0,0,0,0
1680679610462106946,0,0,0,0
1680679610464044300,0,0,0,0
1680679610465969827,0,0,0,0
1680679610467932289,0,0,0,0
1680679610469853971,0,0,0,0
1680679610471836224,0,0,0,0
1680679610473749630,0,0,0,0
1680679610475791491,0,0,0,0
1680679610477630643,0,0,0,0
1680679610479562735,0,0,0,0
1680679610481406962,0,0,0,0
1680679610483231987,0,0,0,0
1680679610484975013,0,0,0,0
1680679610486891054,0,0,0,0
1680679610488793870,0,0,0,0
1680679610490761168,0,0,0,0
1680679610492619438,0,0,0,0
1680679610494627899,0,0,0,0
1680679610496557571,0,0,0,0
1680679610498470731,0,0,0,0
1680679610500316164,0,0,0,0
1680679610502342479,0,0,0,0
1680679610504218119,0,0,0,0
1680679610506117267,0,0,0,0
1680679610508001298,0,0,0,0
1680679610509896056,0,0,0,0
1680679610511842686,0,0,0,0
1680679610513689821,0,0,0,0
1680679610515630259,0,0,0,0
1680679610517455365,0,0,0,0
1680679610519253089,0,0,0,0
1680679610521126825,0,0,0,0
1680679610522933919,0,0,0,0
1680679610524814925,0,0,0,0
1680679610526659575,0,0,0,0
1680679610528511381,0,0,0,0
1680679610530480612,0,0,0,0
1680679610532397207,0,0,0,0
1680679610534382617,0,0,0,0
1680679610536236527,0,0,0,0
1680679610538163082,0,0,0,0
1680679610540061000,0,0,0,0
1680679610542052206,0,0,0,0
1680679610543899317,0,0,0,0
1680679610545705987,0,0,0,0
1680679610547586429,0,0,0,0
1680679610549398079,0,0,0,0
1680679610551324457,0,0,0,0
1680679610553299068,0,0,0,0
1680679610555148873,0,0,0,0
1680679610557044619,0,0,0,0
1680679610558932774,0,0,0,0
1680679610560882628,0,0,0,0
1680679610562786447,0,0,0,0
1680679610564603429,0,0,0,0
1680679610566540405,0,0,0,0
1680679610568349389,0,0,0,0
1680679610570263308,0,0,0,0
1680679610572176264,0,0,0,0
1680679610574079363,0,0,0,0
1680679610576038467,0,0,0,0
1680679610577941090,0,0,0,0
1680679610579881720,0,0,0,0
1680679610581906256,0,0,0,0
1680679610583829413,0,0,0,0
1680679610585778627,0,0,0,0
1680679610587615762,0,0,0,0
1680679610589414568,0,0,0,0
1680679610591291478,0,0,0,0
1680679610593151812,0,0,0,0
1680679610595174407,0,0,0,0
1680679610597010128,0,0,0,0
1680679610598968639,0,0,0,0
1680679610600817689,0,0,0,0
1680679610602790911,0,0,0,0
1680679610604636090,0,0,0,0
1680679610606431567,0,0,0,0
1680679610608099018,0,0,0,0
1680679610609772734,0,0,0,0
1680679610611608580,0,0,0,0
1680679610613412393,0,0,0,0
1680679610615281777,0,0,0,0
1680679610617126485,0,0,0,0
1680679610619080030,0,0,0,0
1680679610620926024,0,0,0,0
1680679610622789606,0,0,0,0
1680679610624703196,0,0,0,0
1680679610626694206,0,0,0,0
1680679610628588236,0,0,0,0
1680679610630549817,0,0,0,0
1680679610632462518,0,0,0,0
1680679610634468952,0,0,0,0
1680679610636340098,0,0,0,0
1680679610638218728,0,0,0,0
1680679610640098119,0,0,0,0
1680679610642084001,0,0,0,0
1680679610644013940,0,0,0,0
1680679610645942668,0,0,0,0
1680679610647876929,0,0,0,0
1680679610649777448,0,0,0,0
1680679610651733320,0,0,0,0
1680679610653639204,0,0,0,0
1680679610655549613,0,0,0,0
1680679610657388413,0,0,0,0
1680679610659247205,0,0,0,0
1680679610661025136,0,0,0,0
1680679610662886679,0,0,0,0
1680679610664778145,0,0,0,0
1680679610666687843,0,0,0,0
1680679610668628864,0,0,0,0
1680679610670550837,0,0,0,0
1680679610672459098,0,0,0,0
1680679610674444301,0,0,0,0
1680679610676345194,0,0,0,0
1680679610678158897,0,0,0,0
1680679610680036331,0,0,0,0
1680679610681994829,0,0,0,0
1680679610683939336,0,0,0,0
1680679610685800711,0,0,0,0
1680679610687770292,0,0,0,0
1680679610689646327,0,0,0,0
1680679610691524331,0,0,0,0
1680679610693435667,0,0,0,0
1680679610695276602,0,0,0,0
1680679610697127976,0,0,0,0
1680679610698899545,0,0,0,0
1680679610700770647,0,0,0,0
1680679610702592176,0,0,0,0
1680679610704525253,0,0,0,0
1680679610706440635,0,0,0,0
1680679610708351635,0,0,0,0
1680679610710338400,0,0,0,0
1680679610712251630,0,0,0,0
1680679610714205852,0,0,0,0
1680679610716234735,0,0,0,0
1680679610718142500,0,0,0,0
1680679610720042779,0,0,0,0
1680679610722022257,0,0,0,0
1680679610723881572,0,0,0,0
1680679610725768591,0,0,0,0
1680679610727624811,0,0,0,0
1680679610729428157,0,0,0,0
1680679610731353986,0,0,0,0
1680679610733217552,0,0,0,0
1680679610735149404,0,0,0,0
1680679610736978216,0,0,0,0
1680679610738861581,0,0,0,0
1680679610740668422,0,0,0,0
1680679610742613979,0,0,0,0
1680679610744514407,0,0,0,0
1680679610746329331,0,0,0,0
1680679610748152799,0,0,0,0
1680679610750074111,0,0,0,0
1680679610751978380,0,0,0,0
1680679610753879032,0,0,0,0
1680679610755871319,0,0,0,0
1680679610757724728,0,0,0,0
1680679610759537835,0,0,0,0
1680679610761364579,0,0,0,0
1680679610763156303,0,0,0,0
1680679610765042949,0,0,0,0
1680679610766954863,0,0,0,0
1680679610768801949,0,0,0,0
1680679610770761068,0,0,0,0
1680679610772588630,0,0,0,0
1680679610774511254,0,0,0,0
1680679610776394878,0,0,0,0
1680679610778314093,0,0,0,0
1680679610780278000,0,0,0,0
1680679610782230742,0,0,0,0
1680679610784158413,0,0,0,0
1680679610786065787,0,0,0,0
1680679610787966209,0,0,0,0
1680679610789935403,0,0,0,0
1680679610791920262,0,0,0,0
1680679610793835940,0,0,0,0
1680679610795831375,0,0,0,0
1680679610797714209,0,0,0,0
1680679610799548264,0,0,0,0
1680679610801435335,0,0,0,0
1680679610803258261,0,0,0,0
1680679610805078994,0,0,0,0
1680679610806860143,0,0,0,0
1680679610808771505,0,0,0,0
1680679610810663436,0,0,0,0
1680679610812603002,0,0,0,0
1680679610814624507,0,0,0,0
1680679610816535340,0,0,0,0
1680679610818495702,0,0,0,0
1680679610820483548,0,0,0,0
1680679610822470851,0,0,0,0
1680679610824430685,0,0,0,0
1680679610826333464,0,0,0,0
1680679610828150598,0,0,0,0
1680679610830024740,0,0,0,0
1680679610831882156,0,0,0,0
1680679610833772868,0,0,0,0
1680679610835800659,0,0,0,0
1680679610837687078,0,0,0,0
1680679610839679540,0,0,0,0
1680679610841627956,0,0,0,0
1680679610843627554,0,0,0,0
1680679610845557031,0,0,0,0
1680679610847476638,0,0,0,0
1680679610849262623,0,0,0,0
1680679610850965932,0,0,0,0
1680679610852745648,0,0,0,0
1680679610854593775,0,0,0,0
1680679610856418916,0,0,0,0
1680679610858251366,0,0,0,0
1680679610860016308,0,0,0,0
1680679610861870405,0,0,0,0
1680679610863650323,0,0,0,0
1680679610865550099,0,0,0,0
1680679610867397656,0,0,0,0
1680679610869289370,0,0,0,0
1680679610871120752,0,0,0,0
1680679610872920210,0,0,0,0
1680679610874872026,0,0,0,0
1680679610876799627,0,0,0,0
1680679610878693161,0,0,0,0
1680679610880678438,0,0,0,0
1680679610882665123,0,0,0,0
1680679610884649671,0,0,0,0
1680679610886544399,0,0,0,0
1680679610888500970,0,0,0,0
1680679610890395608,0,0,0,0
1680679610892306610,0,0,0,0
1680679610894250923,0,0,0,0
1680679610896101663,0,0,0,0
1680679610898037437,0,0,0,0
1680679610899929336,0,0,0,0
1680679610901975341,0,0,0,0
1680679610903834513,0,0,0,0
1680679610905800619,0,0,0,0
1680679610907762366,0,0,0,0
1680679610909732444,0,0,0,0
1680679610911650115,0,0,0,0
1680679610913506290,0,0,0,0
1680679610915339819,0,0,0,0
1680679610917077668,0,0,0,0
1680679610918914687,0,0,0,0
1680679610920814273,0,0,0,0
1680679610922828683,0,0,0,0
1680679610924696413,0,0,0,0
1680679610926688976,0,0,0,0
1680679610928601924,0,0,0,0
1680679610930583369,0,0,0,0
1680679610932429555,0,0,0,0
1680679610934447369,0,0,0,0
1680679610936291560,0,0,0,0
1680679610938235343,0,0,0,0
1680679610940098682,0,0,0,0
1680679610942105539,0,0,0,0
1680679610943973448,0,0,0,0
1680679610945939564,0,0,0,0
1680679610947973579,0,0,0,0
1680679610949738237,0,0,0,0
1680679610951513570,0,0,0,0
1680679610953289212,0,0,0,0
1680679610955160050,0,0,0,0
1680679610956992150,0,0,0,0
1680679610958835019,0,0,0,0
1680679610960816925,0,0,0,0
1680679610962691053,0,0,0,0
1680679610964577182,0,0,0,0
1680679610966457432,0,0,0,0
1680679610968327038,0,0,0,0
1680679610970287981,0,0,0,0
1680679610972156854,0,0,0,0
1680679610974202070,0,0,0,0
1680679610976118320,0,0,0,0
1680679610978031374,0,0,0,0
1680679610979983965,0,0,0,0
1680679610981946247,0,0,0,0
1680679610983930582,0,0,0,0
1680679610985782952,0,0,0,0
1680679610987738942,0,0,0,0
1680679610989602086,0,0,0,0
1680679610991570127,0,0,0,0
1680679610993393833,0,0,0,0
1680679610995317296,0,0,0,0
1680679610997139925,0,0,0,0
1680679610998980272,0,0,0,0
1680679611000868414,0,0,0,0
1680679611002826432,0,0,0,0
1680679611004801899,0,0,0,0
1680679611006699030,0,0,0,0
1680679611008646731,0,0,0,0
1680679611010567542,0,0,0,0
1680679611012529664,0,0,0,0
1680679611014492249,0,0,0,0
1680679611016511146,0,0,0,0
1680679611018406969,0,0,0,0
1680679611020227090,0,0,0,0
1680679611022231525,0,0,0,0
1680679611024139528,0,0,0,0
1680679611025941666,0,0,0,0
1680679611027705145,0,0,0,0
1680679611029598077,0,0,0,0
1680679611031560824,0,0,0,0
1680679611033437302,0,0,0,0
1680679611035252036,0,0,0,0
1680679611037121311,0,0,0,0
1680679611038970018,0,0,0,0
1680679611040783648,0,0,0,0
1680679611042759608,0,0,0,0
1680679611044587051,0,0,0,0
1680679611046519389,0,0,0,0
1680679611048441233,0,0,0,0
1680679611050436762,0,0,0,0
1680679611052311604,0,0,0,0
1680679611054294180,0,0,0,0
1680679611056228837,0,0,0,0
1680679611058186844,0,0,0,0
1680679611060122990,0,0,0,0
1680679611062007293,0,0,0,0
1680679611063877410,0,0,0,0
1680679611065743153,0,0,0,0
1680679611067575242,0,0,0,0
1680679611069292765,0,0,0,0
1680679611071189978,0,0,0,0
1680679611073029861,0,0,0,0
1680679611075058027,0,0,0,0
1680679611076916494,0,0,0,0
1680679611078934884,0,0,0,0
1680679611080807947,0,0,0,0
1680679611082763609,0,0,0,0
1680679611084689112,0,0,0,0
1680679611086653206,0,0,0,0
1680679611088512006,0,0,0,0
1680679611090510923,0,0,0,0
1680679611092412765,0,0,0,0
1680679611094334548,0,0,0,0
1680679611096289378,0,0,0,0
1680679611098180204,0,0,0,0
1680679611100108063,0,0,0,0
1680679611101977009,0,0,0,0
1680679611103927416,0,0,0,0
1680679611105725385,0,0,0,0
1680679611107608839,0,0,0,0
1680679611109573582,0,0,0,0
1680679611111565221,0,0,0,0
1680679611113436387,0,0,0,0
1680679611115226193,0,0,0,0
1680679611117182911,0,0,0,0
1680679611119079115,0,0,0,0
1680679611120948081,0,0,0,0
1680679611122915054,0,0,0,0
1680679611124807885,0,0,0,0
1680679611126671853,0,0,0,0
1680679611128564937,0,0,0,0
1680679611130427358,0,0,0,0
1680679611132367552,0,0,0,0
1680679611134390404,0,0,0,0
1680679611136319274,0,0,0,0
1680679611138295101,0,0,0,0
1680679611140205967,0,0,0,0
1680679611142114530,0,0,0,0
1680679611144022996,0,0,0,0
1680679611145877724,0,0,0,0
1680679611147800341,0,0,0,0
1680679611149651777,0,0,0,0
1680679611151638697,0,0,0,0
1680679611153539464,0,0,0,0
1680679611155509948,0,0,0,0
1680679611157376842,0,0,0,0
1680679611159213534,0,0,0,0
1680679611161069920,0,0,0,0
1680679611163079053,0,0,0,0
1680679611164912218,0,0,0,0
1680679611166744973,0,0,0,0
1680679611168589770,0,0,0,0
1680679611170451831,0,0,0,0
1680679611172243066,0,0,0,0
1680679611174166976,0,0,0,0
1680679611176250087,0,0,0,0
1680679611178262046,0,0,0,0
1680679611180171964,0,0,0,0
1680679611182176804,0,0,0,0
1680679611184097952,0,0,0,0
1680679611186017988,0,0,0,0
1680679611187825348,0,0,0,0
1680679611189798331,0,0,0,0
1680679611191675881,0,0,0,0
1680679611193520472,0,0,0,0
1680679611195447888,0,0,0,0
1680679611197338101,0,0,0,0
1680679611199262963,0,0,0,0
1680679611201116649,0,0,0,0
1680679611203130186,0,0,0,0
1680679611204985618,0,0,0,0
1680679611206943092,0,0,0,0
1680679611208817627,0,0,0,0
1680679611210670597,0,0,0,0
1680679611212579519,0,0,0,0
1680679611214456962,0,0,0,0
1680679611216374888,0,0,0,0
1680679611218372926,0,0,0,0
1680679611220248576,0,0,0,0
1680679611222193987,0,0,0,0
1680679611224103063,0,0,0,0
1680679611226090442,0,0,0,0
1680679611227928778,0,0,0,0
1680679611229867882,0,0,0,0
1680679611231755299,0,0,0,0
1680679611233623432,0,0,0,0
1680679611235448607,0,0,0,0
1680679611237419054,0,0,0,0
1680679611239296576,0,0,0,0
1680679611241128346,0,0,0,0
1680679611243162926,0,0,0,0
1680679611244998083,0,0,0,0
1680679611246965077,0,0,0,0
1680679611248809719,0,0,0,0
1680679611250720511,0,0,0,0
1680679611252683448,0,0,0,0
1680679611254564111,0,0,0,0
1680679611256433817,0,0,0,0
1680679611258422547,0,0,0,0
1680679611260363822,0,0,0,0
1680679611262290884,0,0,0,0
1680679611264218938,0,0,0,0
1680679611266153755,0,0,0,0
1680679611268028981,0,0,0,0
1680679611269944741,0,0,0,0
1680679611271761095,0,0,0,0
1680679611273624381,0,0,0,0
1680679611275379645,0,0,0,0
1680679611277259997,0,0,0,0
1680679611279082987,0,0,0,0
1680679611280910673,0,0,0,0
1680679611282730575,0,0,0,0
1680679611284643064,0,0,0,0
1680679611286585252,0,0,0,0
1680679611288464671,0,0,0,0
1680679611290480035,0,0,0,0
1680679611292392896,0,0,0,0
1680679611294320600,0,0,0,0
1680679611296174180,0,0,0,0
1680679611298106850,0,0,0,0
1680679611300034541,0,0,0,0
1680679611301925392,0,0,0,0
1680679611303905790,0,0,0,0
1680679611305809506,0,0,0,0
1680679611307617614,0,0,0,0
1680679611309509528,0,0,0,0
1680679611311376971,0,0,0,0
1680679611313263021,0,0,0,0
1680679611315247605,0,0,0,0
1680679611317104233,0,0,0,0
1680679611318934039,0,0,0,0
1680679611320806618,0,0,0,0
1680679611322791196,0,0,0,0
1680679611324745029,0,0,0,0
1680679611326597601,0,0,0,0
1680679611328499071,0,0,0,0
1680679611330333695,0,0,0,0
1680679611332210341,0,0,0,0
1680679611334140786,0,0,0,0
1680679611336062561,0,0,0,0
1680679611338075026,0,0,0,0
1680679611340008589,0,0,0,0
1680679611341943653,0,0,0,0
1680679611343942018,0,0,0,0
1680679611345829853,0,0,0,0
1680679611347785415,0,0,0,0
1680679611349646029,0,0,0,0
1680679611351616147,0,0,0,0
1680679611353515038,0,0,0,0
1680679611355532419,0,0,0,0
1680679611357410055,0,0,0,0
1680679611359319597,0,0,0,0
1680679611361142371,0,0,0,0
1680679611363159206,0,0,0,0
1680679611364948060,0,0,0,0
1680679611366802026,0,0,0,0
1680679611368677209,0,0,0,0
1680679611370489170,0,0,0,0
1680679611372399376,0,0,0,0
1680679611374431743,0,0,0,0
1680679611376338913,0,0,0,0
1680679611378150919,0,0,0,0
1680679611380033618,0,0,0,0
1680679611382048988,0,0,0,0
1680679611384054915,0,0,0,0
1680679611385992661,0,0,0,0
1680679611387947458,0,0,0,0
1680679611389868554,0,0,0,0
1680679611391778366,0,0,0,0
1680679611393600619,0,0,0,0
1680679611395581637,0,0,0,0
1680679611397448248,0,0,0,0
1680679611399405970,0,0,0,0
1680679611401251172,0,0,0,0
1680679611403150918,0,0,0,0
1680679611404968869,0,0,0,0
1680679611406914055,0,0,0,0
1680679611408800787,0,0,0,0
1680679611410657912,0,0,0,0
1680679611412521345,0,0,0,0
1680679611414428792,0,0,0,0
1680679611416312379,0,0,0,0
1680679611418109947,0,0,0,0
1680679611419961266,0,0,0,0
1680679611421872452,0,0,0,0
1680679611423772324,0,0,0,0
1680679611425505518,0,0,0,0
1680679611427179856,0,0,0,0
1680679611428860551,0,0,0,0
1680679611430715352,0,0,0,0
1680679611432457756,0,0,0,0
1680679611434298561,0,0,0,0
1680679611436118627,0,0,0,0
1680679611438102012,0,0,0,0
1680679611440250492,0,0,0,0
1680679611442101140,0,0,0,0
1680679611444046964,0,0,0,0
1680679611445967320,0,0,0,0
1680679611447874095,0,0,0,0
1680679611449725666,0,0,0,0
1680679611451517062,0,0,0,0
1680679611453523165,0,0,0,0
1680679611455445171,0,0,0,0
1680679611457281986,0,0,0,0
1680679611459068526,0,0,0,0
1680679611460807879,0,0,0,0
1680679611462682786,0,0,0,0
1680679611464471201,0,0,0,0
1680679611466374367,0,0,0,0
1680679611468238856,0,0,0,0
1680679611470096052,0,0,0,0
1680679611471979866,0,0,0,0
1680679611473822934,0,0,0,0
1680679611475734679,0,0,0,0
1680679611477684231,0,0,0,0
1680679611479513466,0,0,0,0
1680679611481226127,0,0,0,0
1680679611483061331,0,0,0,0
1680679611484786083,0,0,0,0
1680679611486628035,0,0,0,0
1680679611488412001,0,0,0,0
1680679611490304013,0,0,0,0
1680679611492136189,0,0,0,0
1680679611493990103,0,0,0,0
1680679611495893039,0,0,0,0
1680679611497787817,0,0,0,0
1680679611499680240,0,0,0,0
1680679611501473570,0,0,0,0
1680679611503319198,0,0,0,0
1680679611505115406,0,0,0,0
1680679611506875371,0,0,0,0
1680679611508686447,0,0,0,0
1680679611510518102,0,0,0,0
1680679611512362113,0,0,0,0
1680679611514265740,0,0,0,0
1680679611516308829,0,0,0,0
1680679611518329149,0,0,0,0
1680679611520236686,0,0,0,0
1680679611522151335,0,0,0,0
1680679611524277499,0,0,0,0
1680679611526163651,0,0,0,0
1680679611528058467,0,0,0,0
1680679611529952298,0,0,0,0
1680679611531858138,0,0,0,0
1680679611533749275,0,0,0,0
1680679611535808729,0,0,0,0
1680679611537851953,0,0,0,0
1680679611539767036,0,0,0,0
1680679611541685959,0,0,0,0
1680679611543675477,0,0,0,0
1680679611545610230,0,0,0,0
1680679611548357312,0,0,0,0
1680679611550353841,0,0,0,0
1680679611552229801,0,0,0,0
1680679611554135615,0,0,0,0
1680679611556127039,0,0,0,0
1680679611558144026,0,0,0,0
1680679611560072381,0,0,0,0
1680679611562012680,0,0,0,0
1680679611564017411,0,0,0,0
1680679611565966967,0,0,0,0
1680679611567833813,0,0,0,0
1680679611569697477,0,0,0,0
1680679611571604762,0,0,0,0
1680679611573505983,0,0,0,0
1680679611575479529,0,0,0,0
1680679611577450563,0,0,0,0
1680679611579392836,0,0,0,0
1680679611582244103,0,0,0,0
1680679611584310778,0,0,0,0
1680679611586468905,0,0,0,0
1680679611658678108,0,0,0,0
1680679611728575400,0,0,0,0
1680679611730576986,0,0,0,0
1680679611732512869,0,0,0,0
1680679611734569287,0,0,0,0
1680679611736833007,0,0,0,0
1680679611739240665,0,0,0,0
1680679611741308914,0,0,0,0
1680679611743243805,0,0,0,0
1680679611745075527,0,0,0,0
1680679611747019617,0,0,0,0
1680679611748813563,0,0,0,0
1680679611750685727,0,0,0,0
1680679611752460157,0,0,0,0
1680679611754171997,0,0,0,0
1680679611755941572,0,0,0,0
1680679611757795169,0,0,0,0
1680679611759656443,0,0,0,0
1680679611761502451,0,0,0,0
1680679611763380690,0,0,0,0
1680679611765275338,0,0,0,0
1680679611767195944,0,0,0,0
1680679611769034281,0,0,0,0
1680679611770949137,0,0,0,0
1680679611772810248,0,0,0,0
1680679611774541726,0,0,0,0
1680679611776359287,0,0,0,0
1680679611778260661,0,0,0,0
1680679611780123798,0,0,0,0
1680679611781998813,0,0,0,0
1680679611783966790,0,0,0,0
1680679611785923044,0,0,0,0
1680679611787790177,0,0,0,0
1680679611789701913,0,0,0,0
1680679611791495537,0,0,0,0
1680679611793391383,0,0,0,0
1680679611795262617,0,0,0,0
1680679611797085293,0,0,0,0
1680679611798933061,0,0,0,0
1680679611800809928,0,0,0,0
1680679611802701100,0,0,0,0
1680679611804604256,0,0,0,0
1680679611806531487,0,0,0,0
1680679611808363191,0,0,0,0
1680679611810322263,0,0,0,0
1680679611812191758,0,0,0,0
1680679611814184523,0,0,0,0
1680679611816096855,0,0,0,0
1680679611818079791,0,0,0,0
1680679611820078124,0,0,0,0
1680679611822031118,0,0,0,0
1680679611824032643,0,0,0,0
1680679611825888283,0,0,0,0
1680679611827742681,0,0,0,0
1680679611829679567,0,0,0,0
1680679611831528833,0,0,0,0
1680679611833373074,0,0,0,0
1680679611835180509,0,0,0,0
1680679611837010915,0,0,0,0
1680679611838953340,0,0,0,0
1680679611840846361,0,0,0,0
1680679611842830860,0,0,0,0
1680679611844868510,0,0,0,0
1680679611846782286,0,0,0,0
1680679611848667307,0,0,0,0
1680679611850639289,0,0,0,0
1680679611852519419,0,0,0,0
1680679611854403082,0,0,0,0
1680679611856416165,0,0,0,0
1680679611858307491,0,0,0,0
1680679611860167964,0,0,0,0
1680679611862141349,0,0,0,0
1680679611864171577,0,0,0,0
1680679611866035402,0,0,0,0
1680679611868008882,0,0,0,0
1680679611869952200,0,0,0,0
1680679611871863815,0,0,0,0
1680679611873816546,0,0,0,0
1680679611875743712,0,0,0,0
1680679611877726535,0,0,0,0
1680679611879615914,0,0,0,0
1680679611881416920,0,0,0,0
1680679611883285037,0,0,0,0
1680679611885104239,0,0,0,0
1680679611886992753,0,0,0,0
1680679611888805415,0,0,0,0
1680679611890879879,0,0,0,0
1680679611892799278,0,0,0,0
1680679611894635089,0,0,0,0
1680679611896483883,0,0,0,0
1680679611898440969,0,0,0,0
1680679611900350181,0,0,0,0
1680679611902233051,0,0,0,0
1680679611904308074,0,0,0,0
1680679611906148224,0,0,0,0
1680679611908064775,0,0,0,0
1680679611909943946,0,0,0,0
1680679611911875043,0,0,0,0
1680679611913720450,0,0,0,0
1680679611915713645,0,0,0,0
1680679611917579179,0,0,0,0
1680679611919534213,0,0,0,0
1680679611921373124,0,0,0,0
1680679611923193357,0,0,0,0
1680679611925156296,0,0,0,0
1680679611927078333,0,0,0,0
1680679611928948700,0,0,0,0
1680679611930926546,0,0,0,0
1680679611932805749,0,0,0,0
1680679611934659919,0,0,0,0
1680679611936653381,0,0,0,0
1680679611938591212,0,0,0,0
1680679611940535058,0,0,0,0
1680679611942447721,0,0,0,0
1680679611944517929,0,0,0,0
1680679611946435002,0,0,0,0
1680679611948381929,0,0,0,0
1680679611950275439,0,0,0,0
1680679611952157137,0,0,0,0
1680679611954099467,0,0,0,0
1680679611956048558,0,0,0,0
1680679611957993214,0,0,0,0
1680679611959960343,0,0,0,0
1680679611961829905,0,0,0,0
1680679611963753184,0,0,0,0
1680679611965662312,0,0,0,0
1680679611967578152,0,0,0,0
1680679611969396143,0,0,0,0
1680679611971330229,0,0,0,0
1680679611973189290,0,0,0,0
1680679611975054797,0,0,0,0
1680679611976937419,0,0,0,0
1680679611978813698,0,0,0,0
1680679611980790672,0,0,0,0
1680679611982713187,0,0,0,0
1680679611984827649,0,0,0,0
1680679611986765362,0,0,0,0
1680679611988744587,0,0,0,0
1680679611990770637,0,0,0,0
1680679611992711751,0,0,0,0
1680679611994588522,0,0,0,0
1680679611996592629,0,0,0,0
1680679611998475342,0,0,0,0
1680679612000427525,0,0,0,0
1680679612002276211,0,0,0,0
1680679612004217968,0,0,0,0
1680679612006084459,0,0,0,0
1680679612008020970,0,0,0,0
1680679612009993984,0,0,0,0
1680679612011828654,0,0,0,0
1680679612013671711,0,0,0,0
1680679612015547255,0,0,0,0
1680679612017333609,0,0,0,0
1680679612019252224,0,0,0,0
1680679612021086714,0,0,0,0
1680679612022992891,0,0,0,0
1680679612024897741,0,0,0,0
1680679612026736032,0,0,0,0
1680679612028670991,0,0,0,0
1680679612030443432,0,0,0,0
1680679612032381987,0,0,0,0
1680679612034237369,0,0,0,0
1680679612036095839,0,0,0,0
1680679612038182120,0,0,0,0
1680679612040077597,0,0,0,0
1680679612042060173,0,0,0,0
1680679612043971557,0,0,0,0
1680679612045998544,0,0,0,0
1680679612047906885,0,0,0,0
1680679612049934733,0,0,0,0
1680679612051803051,0,0,0,0
1680679612053671549,0,0,0,0
1680679612055640488,0,0,0,0
1680679612057450379,0,0,0,0
1680679612059244048,0,0,0,0
1680679612061163218,0,0,0,0
1680679612063037341,0,0,0,0
1680679612064919767,0,0,0,0
1680679612066900280,0,0,0,0
1680679612068770339,0,0,0,0
1680679612070725674,0,0,0,0
1680679612072556906,0,0,0,0
1680679612074452046,0,0,0,0
1680679612076474865,0,0,0,0
1680679612078392315,0,0,0,0
1680679612080319650,0,0,0,0
1680679612082220676,0,0,0,0
1680679612084171239,0,0,0,0
1680679612086151304,0,0,0,0
1680679612088107107,0,0,0,0
1680679612090038057,0,0,0,0
1680679612092020229,0,0,0,0
1680679612093901935,0,0,0,0
1680679612095754077,0,0,0,0
1680679612097621582,0,0,0,0
1680679612099648443,0,0,0,0
1680679612101447584,0,0,0,0
1680679612103330568,0,0,0,0
1680679612105286396,0,0,0,0
1680679612107187781,0,0,0,0
1680679612109007942,0,0,0,0
1680679612110874123,0,0,0,0
1680679612112807461,0,0,0,0
1680679612114654451,0,0,0,0
1680679612116589618,0,0,0,0
1680679612118577837,0,0,0,0
1680679612120429831,0,0,0,0
1680679612122299164,0,0,0,0
1680679612124223399,0,0,0,0
1680679612126152493,0,0,0,0
1680679612128036296,0,0,0,0
1680679612129949864,0,0,0,0
1680679612131902892,0,0,0,0
1680679612133834639,0,0,0,0
1680679612135680114,0,0,0,0
1680679612137565660,0,0,0,0
1680679612139550163,0,0,0,0
1680679612141356549,0,0,0,0
1680679612143214228,0,0,0,0
1680679612145099586,0,0,0,0
1680679612146951142,0,0,0,0
1680679612148808873,0,0,0,0
1680679612150786478,0,0,0,0
1680679612152681830,0,0,0,0
1680679612154656598,0,0,0,0
1680679612156520870,0,0,0,0
1680679612158526497,0,0,0,0
1680679612160403270,0,0,0,0
1680679612162256691,0,0,0,0
1680679612164229515,0,0,0,0
1680679612166177171,0,0,0,0
1680679612168089777,0,0,0,0
1680679612170061847,0,0,0,0
1680679612171970905,0,0,0,0
1680679612173879202,0,0,0,0
1680679612175839834,0,0,0,0
1680679612177681853,0,0,0,0
1680679612179646963,0,0,0,0
1680679612181526445,0,0,0,0
1680679612183465979,0,0,0,0
1680679612185338346,0,0,0,0
1680679612187228779,0,0,0,0
1680679612189068194,0,0,0,0
1680679612190962664,0,0,0,0
1680679612192805047,0,0,0,0
1680679612194711144,0,0,0,0
1680679612196824404,0,0,0,0
1680679612198818159,0,0,0,0
1680679612200671929,0,0,0,0
1680679612202583847,0,0,0,0
1680679612204499178,0,0,0,0
1680679612206478188,0,0,0,0
1680679612208398146,0,0,0,0
1680679612210261577,0,0,0,0
1680679612212131029,0,0,0,0
1680679612214015355,0,0,0,0
1680679612215979782,0,0,0,0
1680679612217884968,0,0,0,0
1680679612219888548,0,0,0,0
1680679612221724933,0,0,0,0
1680679612223613036,0,0,0,0
1680679612225521371,0,0,0,0
1680679612227387227,0,0,0,0
1680679612229216307,0,0,0,0
1680679612231138877,0,0,0,0
1680679612232985956,0,0,0,0
1680679612234914218,0,0,0,0
1680679612236807920,0,0,0,0
1680679612238768712,0,0,0,0
1680679612240662137,0,0,0,0
1680679612242564487,0,0,0,0
1680679612244378205,0,0,0,0
1680679612246272936,0,0,0,0
1680679612248132575,0,0,0,0
1680679612250120836,0,0,0,0
1680679612252015410,0,0,0,0
1680679612253970617,0,0,0,0
1680679612255952540,0,0,0,0
1680679612257911575,0,0,0,0
1680679612259882873,0,0,0,0
1680679612261760807,0,0,0,0
1680679612263605305,0,0,0,0
1680679612265461360,0,0,0,0
1680679612267293141,0,0,0,0
1680679612269172527,0,0,0,0
1680679612271071292,0,0,0,0
1680679612272973540,0,0,0,0
1680679612274915019,0,0,0,0
1680679612276811151,0,0,0,0
1680679612278820452,0,0,0,0
1680679612280813051,0,0,0,0
1680679612282736688,0,0,0,0
1680679612284619075,0,0,0,0
1680679612286548797,0,0,0,0
1680679612288502928,0,0,0,0
1680679612290401046,0,0,0,0
1680679612292344767,0,0,0,0
1680679612294197208,0,0,0,0
1680679612296110947,0,0,0,0
1680679612298022586,0,0,0,0
1680679612300002493,0,0,0,0
1680679612301939434,0,0,0,0
1680679612303831247,0,0,0,0
1680679612305773604,0,0,0,0
1680679612307761503,0,0,0,0
1680679612309595417,0,0,0,0
1680679612311570107,0,0,0,0
1680679612313424846,0,0,0,0
1680679612315260224,0,0,0,0
1680679612317183915,0,0,0,0
1680679612319090432,0,0,0,0
1680679612320940039,0,0,0,0
1680679612322925750,0,0,0,0
1680679612324811131,0,0,0,0
1680679612326714516,0,0,0,0
1680679612328569974,0,0,0,0
1680679612330516215,0,0,0,0
1680679612332480757,0,0,0,0
1680679612334441423,0,0,0,0
1680679612336296458,0,0,0,0
1680679612338228352,0,0,0,0
1680679612340230871,0,0,0,0
1680679612342149487,0,0,0,0
1680679612344062759,0,0,0,0
1680679612346040090,0,0,0,0
1680679612347986419,0,0,0,0
1680679612349966945,0,0,0,0
1680679612351872946,0,0,0,0
1680679612353838704,0,0,0,0
1680679612355756000,0,0,0,0
1680679612357624405,0,0,0,0
1680679612359598503,0,0,0,0
1680679612361402401,0,0,0,0
1680679612363165717,0,0,0,0
1680679612365079301,0,0,0,0
1680679612366983111,0,0,0,0
1680679612368907062,0,0,0,0
1680679612370823764,0,0,0,0
1680679612372736250,0,0,0,0
1680679612374649869,0,0,0,0
1680679612376658588,0,0,0,0
1680679612378566658,0,0,0,0
1680679612380517968,0,0,0,0
1680679612382426820,0,0,0,0
1680679612384392613,0,0,0,0
1680679612386291147,0,0,0,0
1680679612388240630,0,0,0,0
1680679612390091511,0,0,0,0
1680679612392046490,0,0,0,0
1680679612393933833,0,0,0,0
1680679612395842992,0,0,0,0
1680679612397899510,0,0,0,0
1680679612399836465,0,0,0,0
1680679612401814563,0,0,0,0
1680679612403701553,0,0,0,0
1680679612405660319,0,0,0,0
1680679612407634264,0,0,0,0
1680679612409515390,0,0,0,0
1680679612411396595,0,0,0,0
1680679612413188668,0,0,0,0
1680679612414948688,0,0,0,0
1680679612416817653,0,0,0,0
1680679612418714013,0,0,0,0
1680679612420693753,0,0,0,0
1680679612422622688,0,0,0,0
1680679612424593371,0,0,0,0
1680679612426544869,0,0,0,0
1680679612428531051,0,0,0,0
1680679612430461038,0,0,0,0
1680679612432373059,0,0,0,0
1680679612434236879,0,0,0,0
1680679612436176101,0,0,0,0
1680679612438122987,0,0,0,0
1680679612440349915,0,0,0,0
1680679612442321452,0,0,0,0
1680679612444296696,0,0,0,0
1680679612446217319,0,0,0,0
1680679612448177816,0,0,0,0
1680679612450075946,0,0,0,0
1680679612452030863,0,0,0,0
1680679612453913039,0,0,0,0
1680679612455870898,0,0,0,0
1680679612457797028,0,0,0,0
1680679612459826237,0,0,0,0
1680679612461693973,0,0,0,0
1680679612463618640,0,0,0,0
1680679612465695529,0,0,0,0
1680679612467528628,0,0,0,0
1680679612469392367,0,0,0,0
1680679612471192889,0,0,0,0
1680679612472983553,0,0,0,0
1680679612474930396,0,0,0,0
1680679612476763855,0,0,0,0
1680679612478672241,0,0,0,0
1680679612480640700,0,0,0,0
1680679612482539289,0,0,0,0
1680679612484336789,0,0,0,0
1680679612486241117,0,0,0,0
1680679612488181241,0,0,0,0
1680679612490100955,0,0,0,0
1680679612492058726,0,0,0,0
1680679612493999372,0,0,0,0
1680679612495979600,0,0,0,0
1680679612497877381,0,0,0,0
1680679612499900112,0,0,0,0
1680679612501878154,0,0,0,0
1680679612503773501,0,0,0,0
1680679612505655975,0,0,0,0
1680679612507653842,0,0,0,0
1680679612509573234,0,0,0,0
1680679612511559714,0,0,0,0
1680679612513413065,0,0,0,0
1680679612515365315,0,0,0,0
1680679612517232214,0,0,0,0
1680679612519041308,0,0,0,0
1680679612520809279,0,0,0,0
1680679612522736281,0,0,0,0
1680679612524682852,0,0,0,0
1680679612526607188,0,0,0,0
1680679612528560575,0,0,0,0
1680679612530535698,0,0,0,0
1680679612532456419,0,0,0,0
1680679612534366934,0,0,0,0
1680679612536341792,0,0,0,0
1680679612538286203,0,0,0,0
1680679612540206601,0,0,0,0
1680679612542081076,0,0,0,0
1680679612543938894,0,0,0,0
1680679612546049972,0,0,0,0
1680679612547890249,0,0,0,0
1680679612549839146,0,0,0,0
1680679612551700179,0,0,0,0
1680679612553579849,0,0,0,0
1680679612555503126,0,0,0,0
1680679612557342010,0,0,0,0
1680679612559362521,0,0,0,0
1680679612561215165,0,0,0,0
1680679612563168550,0,0,0,0
1680679612565039884,0,0,0,0
1680679612566938754,0,0,0,0
1680679612568809969,0,0,0,0
1680679612570657375,0,0,0,0
1680679612572524312,0,0,0,0
1680679612574399817,0,0,0,0
1680679612576362074,0,0,0,0
1680679612578244651,0,0,0,0
1680679612580172766,0,0,0,0
1680679612582125520,0,0,0,0
1680679612584023043,0,0,0,0
1680679612586016910,0,0,0,0
1680679612587948969,0,0,0,0
1680679612589800433,0,0,0,0
1680679612591745972,0,0,0,0
1680679612593698935,0,0,0,0
1680679612595571549,0,0,0,0
1680679612597549476,0,0,0,0
1680679612599387594,0,0,0,0
1680679612601242727,0,0,0,0
1680679612603070115,0,0,0,0
1680679612605003220,0,0,0,0
1680679612606968666,0,0,0,0
1680679612608835565,0,0,0,0
1680679612610714337,0,0,0,0
1680679612612559950,0,0,0,0
1680679612614511196,0,0,0,0
1680679612616345582,0,0,0,0
1680679612618173696,0,0,0,0
1680679612619968138,0,0,0,0
1680679612621953740,0,0,0,0
1680679612623886039,0,0,0,0
1680679612625920276,0,0,0,0
1680679612627860116,0,0,0,0
1680679612629692902,0,0,0,0
1680679612631544458,0,0,0,0
1680679612633390110,0,0,0,0
1680679612635183170,0,0,0,0
1680679612636951586,0,0,0,0
1680679612638913285,0,0,0,0
1680679612640811303,0,0,0,0
1680679612642760390,0,0,0,0
1680679612644679822,0,0,0,0
1680679612646673383,0,0,0,0
1680679612648569453,0,0,0,0
1680679612650481119,0,0,0,0
1680679612652440330,0,0,0,0
1680679612654289521,0,0,0,0
1680679612656146288,0,0,0,0
1680679612658188316,0,0,0,0
1680679612660175627,0,0,0,0
1680679612662054998,0,0,0,0
1680679612664024124,0,0,0,0
1680679612666019558,0,0,0,0
1680679612667951785,0,0,0,0
1680679612669804867,0,0,0,0
1680679612671729939,0,0,0,0
1680679612673597378,0,0,0,0
1680679612675588718,0,0,0,0
1680679612677440052,0,0,0,0
1680679612679386626,0,0,0,0
1680679612681212492,0,0,0,0
1680679612683097758,0,0,0,0
1680679612684961381,0,0,0,0
1680679612686944491,0,0,0,0
1680679612688809715,0,0,0,0
1680679612690575974,0,0,0,0
1680679612692540790,0,0,0,0
1680679612694420681,0,0,0,0
1680679612696401203,0,0,0,0
1680679612698449294,0,0,0,0
1680679612700432834,0,0,0,0
1680679612702424099,0,0,0,0
1680679612704313277,0,0,0,0
1680679612706423214,0,0,0,0
1680679612708317647,0,0,0,0
1680679612710147488,0,0,0,0
1680679612712077703,0,0,0,0
1680679612713941811,0,0,0,0
1680679612715848852,0,0,0,0
1680679612717804886,0,0,0,0
1680679612719805259,0,0,0,0
1680679612721666683,0,0,0,0
1680679612723597958,0,0,0,0
1680679612725553144,0,0,0,0
1680679612727502678,0,0,0,0
1680679612729347052,0,0,0,0
1680679612731152827,0,0,0,0
1680679612732948180,0,0,0,0
1680679612734869894,0,0,0,0
1680679612736686117,0,0,0,0
1680679612738654495,0,0,0,0
1680679612740670248,0,0,0,0
1680679612742621876,0,0,0,0
1680679612744658169,0,0,0,0
1680679612746601055,0,0,0,0
1680679612748528640,0,0,0,0
1680679612750321610,0,0,0,0
1680679612752115557,0,0,0,0
1680679612753888114,0,0,0,0
1680679612755671411,0,0,0,0
1680679612757580619,0,0,0,0
1680679612759728525,0,0,0,0
1680679612761713968,0,0,0,0
1680679612763441745,0,0,0,0
1680679612765311207,0,0,0,0
1680679612767179597,0,0,0,0
1680679612769103452,0,0,0,0
1680679612770989793,0,0,0,0
1680679612772804561,0,0,0,0
1680679612774939335,0,0,0,0
1680679612776792716,0,0,0,0
1680679612778671813,0,0,0,0
1680679612780641928,0,0,0,0
1680679612782668429,0,0,0,0
1680679612784577775,0,0,0,0
1680679612786499645,0,0,0,0
1680679612788435558,0,0,0,0
1680679612790271569,0,0,0,0
1680679612792288920,0,0,0,0
1680679612794082718,0,0,0,0
1680679612795888652,0,0,0,0
1680679612797804399,0,0,0,0
1680679612799643605,0,0,0,0
1680679612801553368,0,0,0,0
1680679612803384520,0,0,0,0
1680679612805180009,0,0,0,0
1680679612807024471,0,0,0,0
1680679612808881613,0,0,0,0
1680679612810720825,0,0,0,0
1680679612812573568,0,0,0,0
1680679612814478354,0,0,0,0
1680679612816329322,0,0,0,0
1680679612818292831,0,0,0,0
1680679612820167863,0,0,0,0
1680679612822004779,0,0,0,0
1680679612823786195,0,0,0,0
1680679612825639161,0,0,0,0
1680679612827540513,0,0,0,0
1680679612829385249,0,0,0,0
1680679612831102421,0,0,0,0
1680679612832880355,0,0,0,0
1680679612834698831,0,0,0,0
1680679612836485450,0,0,0,0
1680679612838327849,0,0,0,0
1680679612840194869,0,0,0,0
1680679612842090516,0,0,0,0
1680679612843984361,0,0,0,0
1680679612845994948,0,0,0,0
1680679612848038535,0,0,0,0
1680679612850014575,0,0,0,0
1680679612851918586,0,0,0,0
1680679612853832479,0,0,0,0
1680679612855719943,0,0,0,0
1680679612857682406,0,0,0,0
1680679612859564484,0,0,0,0
1680679612861700222,0,0,0,0
1680679612863591492,0,0,0,0
1680679612865541406,0,0,0,0
1680679612867521104,0,0,0,0
1680679612869473981,0,0,0,0
1680679612871426522,0,0,0,0
1680679612873364506,0,0,0,0
1680679612875309450,0,0,0,0
1680679612877225478,0,0,0,0
1680679612879195082,0,0,0,0
1680679612881157931,0,0,0,0
1680679612883061849,0,0,0,0
1680679612884985618,0,0,0,0
1680679612886995140,0,0,0,0
1680679612888909697,0,0,0,0
1680679612890807133,0,0,0,0
1680679612892721109,0,0,0,0
1680679612894608285,0,0,0,0
1680679612896508175,0,0,0,0
1680679612898454612,0,0,0,0
1680679612900370993,0,0,0,0
1680679612902304128,0,0,0,0
1680679612904225731,0,0,0,0
1680679612906179049,0,0,0,0
1680679612908111366,0,0,0,0
1680679612910051012,0,0,0,0
1680679612912728388,0,0,0,0
1680679612914691249,0,0,0,0
1680679612916776541,0,0,0,0
1680679612990396370,0,0,0,0
1680679613061198251,0,0,0,0
1680679613063151987,0,0,0,0
1680679613064957529,0,0,0,0
1680679613066943222,0,0,0,0
1680679613069142263,0,0,0,0
1680679613071509174,0,0,0,0
1680679613073547686,0,0,0,0
1680679613075481349,0,0,0,0
1680679613077165402,0,0,0,0
1680679613078880122,0,0,0,0
1680679613080745005,0,0,0,0
1680679613082506734,0,0,0,0
1680679613084384537,0,0,0,0
1680679613086292818,0,0,0,0
1680679613088185421,0,0,0,0
1680679613090143443,0,0,0,0
1680679613091971984,0,0,0,0
1680679613093914040,0,0,0,0
1680679613095750471,0,0,0,0
1680679613097688429,0,0,0,0
1680679613099714444,0,0,0,0
1680679613101708350,0,0,0,0
1680679613103620796,0,0,0,0
1680679613105518767,0,0,0,0
1680679613107373463,0,0,0,0
1680679613109233721,0,0,0,0
1680679613111104825,0,0,0,0
1680679613112923285,0,0,0,0
1680679613114782447,0,0,0,0
1680679613116667093,0,0,0,0
1680679613118666260,0,0,0,0
1680679613120614027,0,0,0,0
1680679613122559335,0,0,0,0
1680679613124509621,0,0,0,0
1680679613126464592,0,0,0,0
1680679613128572955,0,0,0,0
1680679613130651102,0,0,0,0
1680679613132643441,0,0,0,0
1680679613134675199,0,0,0,0
1680679613136699732,0,0,0,0
1680679613138826939,0,0,0,0
1680679613140745946,0,0,0,0
1680679613142643562,0,0,0,0
1680679613144507008,0,0,0,0
1680679613146505285,0,0,0,0
1680679613148360991,0,0,0,0
1680679613150367205,0,0,0,0
1680679613152298650,0,0,0,0
1680679613154172079,0,0,0,0
1680679613156097114,0,0,0,0
1680679613158028181,0,0,0,0
1680679613159928023,0,0,0,0
1680679613161897970,0,0,0,0
1680679613163756882,0,0,0,0
1680679613165592965,0,0,0,0
1680679613167417974,0,0,0,0
1680679613169229787,0,0,0,0
1680679613170998519,0,0,0,0
1680679613172894014,0,0,0,0
1680679613174834938,0,0,0,0
1680679613176677132,0,0,0,0
1680679613178670277,0,0,0,0
1680679613180577607,0,0,0,0
1680679613182529410,0,0,0,0
1680679613184395278,0,0,0,0
1680679613186268650,0,0,0,0
1680679613188268605,0,0,0,0
1680679613190146409,0,0,0,0
1680679613192004855,0,0,0,0
1680679613193966796,0,0,0,0
1680679613195880178,0,0,0,0
1680679613197900148,0,0,0,0
1680679613199818416,0,0,0,0
1680679613207057539,0,0,0,0
1680679613208912213,0,0,0,0
1680679613210750220,0,0,0,0
1680679613212585626,0,0,0,0
1680679613214419010,0,0,0,0
1680679613216341218,0,0,0,0
1680679613218209784,0,0,0,0
1680679613220073829,0,0,0,0
1680679613222104755,0,0,0,0
1680679613224056702,0,0,0,0
1680679613226043163,0,0,0,0
1680679613228008388,0,0,0,0
1680679613229946855,0,0,0,0
1680679613231932741,0,0,0,0
1680679613233829994,0,0,0,0
1680679613235744194,0,0,0,0
1680679613237572794,0,0,0,0
1680679613239355106,0,0,0,0
1680679613241252720,0,0,0,0
1680679613243094426,0,0,0,0
1680679613244917036,0,0,0,0
1680679613246854151,0,0,0,0
1680679613248767342,0,0,0,0
1680679613250672897,0,0,0,0
1680679613252643256,0,0,0,0
1680679613254568265,0,0,0,0
1680679613256536277,0,0,0,0
1680679613258485756,0,0,0,0
1680679613260440444,0,0,0,0
1680679613262351250,0,0,0,0
1680679613264233257,0,0,0,0
1680679613266098101,0,0,0,0
1680679613268105130,0,0,0,0
1680679613270013967,0,0,0,0
1680679613271961559,0,0,0,0
1680679613273813745,0,0,0,0
1680679613275770741,0,0,0,0
1680679613277637025,0,0,0,0
1680679613279621900,0,0,0,0
1680679613281577010,0,0,0,0
1680679613283532619,0,0,0,0
1680679613285359207,0,0,0,0
1680679613287217691,0,0,0,0
1680679613289060907,0,0,0,0
1680679613291022366,0,0,0,0
1680679613292808295,0,0,0,0
1680679613294767754,0,0,0,0
1680679613296623537,0,0,0,0
1680679613298612071,0,0,0,0
1680679613300492249,0,0,0,0
1680679613302615420,0,0,0,0
1680679613304479963,0,0,0,0
1680679613306363449,0,0,0,0
1680679613308283934,0,0,0,0
1680679613310186225,0,0,0,0
1680679613312050527,0,0,0,0
1680679613313987040,0,0,0,0
1680679613316003434,0,0,0,0
1680679613317958073,0,0,0,0
1680679613319980949,0,0,0,0
1680679613322042504,0,0,0,0
1680679613323990738,0,0,0,0
1680679613325908867,0,0,0,0
1680679613327843665,0,0,0,0
1680679613329768014,0,0,0,0
1680679613331664698,0,0,0,0
1680679613333562226,0,0,0,0
1680679613335558641,0,0,0,0
1680679613337400590,0,0,0,0
1680679613339297097,0,0,0,0
1680679613341145348,0,0,0,0
1680679613343008170,0,0,0,0
1680679613344858932,0,0,0,0
1680679613346689511,0,0,0,0
1680679613348631102,0,0,0,0
1680679613350534866,0,0,0,0
1680679613352423567,0,0,0,0
1680679613354314211,0,0,0,0
1680679613356220053,0,0,0,0
1680679613358237048,0,0,0,0
1680679613360197026,0,0,0,0
1680679613362231413,0,0,0,0
1680679613364150328,0,0,0,0
1680679613366101972,0,0,0,0
1680679613368002628,0,0,0,0
1680679613369876359,0,0,0,0
1680679613371836391,0,0,0,0
1680679613373715020,0,0,0,0
1680679613375626298,0,0,0,0
1680679613377533032,0,0,0,0
1680679613379532983,0,0,0,0
1680679613381384463,0,0,0,0
1680679613383196543,0,0,0,0
1680679613385070875,0,0,0,0
1680679613387068176,0,0,0,0
1680679613388917228,0,0,0,0
1680679613390857688,0,0,0,0
1680679613392667310,0,0,0,0
1680679613394583007,0,0,0,0
1680679613396450555,0,0,0,0
1680679613398307021,0,0,0,0
1680679613400188033,0,0,0,0
1680679613402233734,0,0,0,0
1680679613404244512,0,0,0,0
1680679613406172931,0,0,0,0
1680679613408132050,0,0,0,0
1680679613410000700,0,0,0,0
1680679613411946310,0,0,0,0
1680679613413766558,0,0,0,0
1680679613415658930,0,0,0,0
1680679613417634896,0,0,0,0
1680679613419664612,0,0,0,0
1680679613421662576,0,0,0,0
1680679613423625770,0,0,0,0
1680679613425415703,0,0,0,0
1680679613427378473,0,0,0,0
1680679613429218655,0,0,0,0
1680679613431140197,0,0,0,0
1680679613432963216,0,0,0,0
1680679613434902598,0,0,0,0
1680679613436746286,0,0,0,0
1680679613438672395,0,0,0,0
1680679613440704225,0,0,0,0
1680679613442548391,0,0,0,0
1680679613444460186,0,0,0,0
1680679613446390000,0,0,0,0
1680679613448544728,0,0,0,0
1680679613450408927,0,0,0,0
1680679613452179671,0,0,0,0
1680679613453985482,0,0,0,0
1680679613455685223,0,0,0,0
1680679613457457005,0,0,0,0
1680679613459318963,0,0,0,0
1680679613461092361,0,0,0,0
1680679613462994161,0,0,0,0
1680679613464814389,0,0,0,0
1680679613466766379,0,0,0,0
1680679613468695460,0,0,0,0
1680679613470613981,0,0,0,0
1680679613472519105,0,0,0,0
1680679613474449090,0,0,0,0
1680679613476407560,0,0,0,0
1680679613478304559,0,0,0,0
1680679613480199036,0,0,0,0
1680679613482164937,0,0,0,0
1680679613484009225,0,0,0,0
1680679613485947648,0,0,0,0
1680679613487904391,0,0,0,0
1680679613489881405,0,0,0,0
1680679613491793389,0,0,0,0
1680679613493664637,0,0,0,0
1680679613495637096,0,0,0,0
1680679613497531310,0,0,0,0
1680679613499515616,0,0,0,0
1680679613501411910,0,0,0,0
1680679613503350609,0,0,0,0
1680679613505138798,0,0,0,0
1680679613506977499,0,0,0,0
1680679613508829745,0,0,0,0
1680679613510760494,0,0,0,0
1680679613512599998,0,0,0,0
1680679613514628099,0,0,0,0
1680679613516618564,0,0,0,0
1680679613518512637,0,0,0,0
1680679613520496337,0,0,0,0
1680679613522484753,0,0,0,0
1680679613524383132,0,0,0,0
1680679613526203705,0,0,0,0
1680679613528181768,0,0,0,0
1680679613530036589,0,0,0,0
1680679613531985248,0,0,0,0
1680679613533879990,0,0,0,0
1680679613535868428,0,0,0,0
1680679613537879304,0,0,0,0
1680679613539815066,0,0,0,0
1680679613541913661,0,0,0,0
1680679613543775721,0,0,0,0
1680679613545680110,0,0,0,0
1680679613547676790,0,0,0,0
1680679613549412365,0,0,0,0
1680679613551199084,0,0,0,0
1680679613552960857,0,0,0,0
1680679613554771945,0,0,0,0
1680679613556711878,0,0,0,0
1680679613558623540,0,0,0,0
1680679613560657475,0,0,0,0
1680679613562641206,0,0,0,0
1680679613564582128,0,0,0,0
1680679613566451375,0,0,0,0
1680679613568422643,0,0,0,0
1680679613570284887,0,0,0,0
1680679613572169874,0,0,0,0
1680679613574091902,0,0,0,0
1680679613576084509,0,0,0,0
1680679613578007133,0,0,0,0
1680679613579888721,0,0,0,0
1680679613581887569,0,0,0,0
1680679613583779336,0,0,0,0
1680679613585650734,0,0,0,0
1680679613587531986,0,0,0,0
1680679613589455442,0,0,0,0
1680679613591310568,0,0,0,0
1680679613593228747,0,0,0,0
1680679613595136013,0,0,0,0
1680679613596967110,0,0,0,0
1680679613598826553,0,0,0,0
1680679613600782776,0,0,0,0
1680679613602667190,0,0,0,0
1680679613604616570,0,0,0,0
1680679613606448159,0,0,0,0
1680679613608295533,0,0,0,0
1680679613610265520,0,0,0,0
1680679613612262062,0,0,0,0
1680679613614206048,0,0,0,0
1680679613616189903,0,0,0,0
1680679613618108588,0,0,0,0
1680679613620047544,0,0,0,0
1680679613622031123,0,0,0,0
1680679613624026289,0,0,0,0
1680679613625996794,0,0,0,0
1680679613627829516,0,0,0,0
1680679613629630284,0,0,0,0
1680679613631573967,0,0,0,0
1680679613633384340,0,0,0,0
1680679613635312554,0,0,0,0
1680679613637138151,0,0,0,0
1680679613639024996,0,0,0,0
1680679613640868213,0,0,0,0
1680679613642913344,0,0,0,0
1680679613644807291,0,0,0,0
1680679613646784178,0,0,0,0
1680679613648663095,0,0,0,0
1680679613650618888,0,0,0,0
1680679613652484724,0,0,0,0
1680679613654458463,0,0,0,0
1680679613656250556,0,0,0,0
1680679613658202483,0,0,0,0
1680679613660076047,0,0,0,0
1680679613662020879,0,0,0,0
1680679613663972547,0,0,0,0
1680679613665975114,0,0,0,0
1680679613668140835,0,0,0,0
1680679613670066869,0,0,0,0
1680679613671973519,0,0,0,0
1680679613673946047,0,0,0,0
1680679613675889648,0,0,0,0
1680679613677766459,0,0,0,0
1680679613679801826,0,0,0,0
1680679613681655838,0,0,0,0
1680679613683636667,0,0,0,0
1680679613685566385,0,0,0,0
1680679613687584847,0,0,0,0
1680679613689560718,0,0,0,0
1680679613691502973,0,0,0,0
1680679613693359430,0,0,0,0
1680679613695236558,0,0,0,0
1680679613696985611,0,0,0,0
1680679613698930729,0,0,0,0
1680679613700889571,0,0,0,0
1680679613702856650,0,0,0,0
1680679613704764144,0,0,0,0
1680679613706730279,0,0,0,0
1680679613708674322,0,0,0,0
1680679613710630908,0,0,0,0
1680679613712543859,0,0,0,0
1680679613714508409,0,0,0,0
1680679613716496894,0,0,0,0
1680679613718479818,0,0,0,0
1680679613720320566,0,0,0,0
1680679613722323933,0,0,0,0
1680679613724198249,0,0,0,0
1680679613726072251,0,0,0,0
1680679613727993001,0,0,0,0
1680679613729885628,0,0,0,0
1680679613731826566,0,0,0,0
1680679613733701511,0,0,0,0
1680679613735681376,0,0,0,0
1680679613737668064,0,0,0,0
1680679613739566460,0,0,0,0
1680679613741341616,0,0,0,0
1680679613743182488,0,0,0,0
1680679613745051663,0,0,0,0
1680679613746910849,0,0,0,0
1680679613748872435,0,0,0,0
1680679613750806021,0,0,0,0
1680679613752713363,0,0,0,0
1680679613754518849,0,0,0,0
1680679613756445460,0,0,0,0
1680679613758356547,0,0,0,0
1680679613760245753,0,0,0,0
1680679613762107105,0,0,0,0
1680679613764006861,0,0,0,0
1680679613765840359,0,0,0,0
1680679613767756282,0,0,0,0
1680679613769685050,0,0,0,0
1680679613771657170,0,0,0,0
1680679613773544492,0,0,0,0
1680679613775495899,0,0,0,0
1680679613777312065,0,0,0,0
1680679613779176627,0,0,0,0
1680679613781045009,0,0,0,0
1680679613783068316,0,0,0,0
1680679613784921470,0,0,0,0
1680679613786792509,0,0,0,0
1680679613788808411,0,0,0,0
1680679613790726860,0,0,0,0
1680679613792670624,0,0,0,0
1680679613794574132,0,0,0,0
1680679613796517528,0,0,0,0
1680679613798356123,0,0,0,0
1680679613800348110,0,0,0,0
1680679613802252164,0,0,0,0
1680679613804175639,0,0,0,0
1680679613806093376,0,0,0,0
1680679613808086895,0,0,0,0
1680679613810100424,0,0,0,0
1680679613812053911,0,0,0,0
1680679613813940323,0,0,0,0
1680679613815783143,0,0,0,0
1680679613817679119,0,0,0,0
1680679613819554355,0,0,0,0
1680679613821369923,0,0,0,0
1680679613823266262,0,0,0,0
1680679613825085079,0,0,0,0
1680679613827001540,0,0,0,0
1680679613828886129,0,0,0,0
1680679613830697752,0,0,0,0
1680679613832567061,0,0,0,0
1680679613834487574,0,0,0,0
1680679613836463524,0,0,0,0
1680679613838390656,0,0,0,0
1680679613840393497,0,0,0,0
1680679613842443299,0,0,0,0
1680679613844323487,0,0,0,0
1680679613846251911,0,0,0,0
1680679613848224924,0,0,0,0
1680679613850096062,0,0,0,0
1680679613852055596,0,0,0,0
1680679613853929771,0,0,0,0
1680679613855874605,0,0,0,0
1680679613857687859,0,0,0,0
1680679613859507529,0,0,0,0
1680679613861542016,0,0,0,0
1680679613863548034,0,0,0,0
1680679613865446845,0,0,0,0
1680679613867292027,0,0,0,0
1680679613869077585,0,0,0,0
1680679613870903247,0,0,0,0
1680679613872786925,0,0,0,0
1680679613874601472,0,0,0,0
1680679613876517255,0,0,0,0
1680679613878376852,0,0,0,0
1680679613880358202,0,0,0,0
1680679613882292365,0,0,0,0
1680679613884214370,0,0,0,0
1680679613886104922,0,0,0,0
1680679613888134457,0,0,0,0
1680679613890061611,0,0,0,0
1680679613892022450,0,0,0,0
1680679613893949350,0,0,0,0
1680679613895911662,0,0,0,0
1680679613897775722,0,0,0,0
1680679613899714009,0,0,0,0
1680679613901609789,0,0,0,0
1680679613903611574,0,0,0,0
1680679613905394938,0,0,0,0
1680679613907312492,0,0,0,0
1680679613909187974,0,0,0,0
1680679613911051181,0,0,0,0
1680679613912926167,0,0,0,0
1680679613914805873,0,0,0,0
1680679613916799363,0,0,0,0
1680679613918697862,0,0,0,0
1680679613920608785,0,0,0,0
1680679613922609057,0,0,0,0
1680679613924495605,0,0,0,0
1680679613926403875,0,0,0,0
1680679613928341410,0,0,0,0
1680679613930244344,0,0,0,0
1680679613932208636,0,0,0,0
1680679613934116089,0,0,0,0
1680679613936085641,0,0,0,0
1680679613938007281,0,0,0,0
1680679613939971916,0,0,0,0
1680679613941952335,0,0,0,0
1680679613943846721,0,0,0,0
1680679613945774655,0,0,0,0
1680679613947717800,0,0,0,0
1680679613949704236,0,0,0,0
1680679613951584775,0,0,0,0
1680679613953571177,0,0,0,0
1680679613955516473,0,0,0,0
1680679613957411720,0,0,0,0
1680679613959145636,0,0,0,0
1680679613960971890,0,0,0,0
1680679613962934126,0,0,0,0
1680679613964765098,0,0,0,0
1680679613966577304,0,0,0,0
1680679613968516575,0,0,0,0
1680679613970397553,0,0,0,0
1680679613972337521,0,0,0,0
1680679613974237221,0,0,0,0
1680679613976199600,0,0,0,0
1680679613978118188,0,0,0,0
1680679613980060125,0,0,0,0
1680679613982052743,0,0,0,0
1680679613983819181,0,0,0,0
1680679613985603579,0,0,0,0
1680679613987576792,0,0,0,0
1680679613989585347,0,0,0,0
1680679613991398259,0,0,0,0
1680679613993362546,0,0,0,0
1680679613995278607,0,0,0,0
1680679613997078402,0,0,0,0
1680679613999036424,0,0,0,0
1680679614000913891,0,0,0,0
1680679614002847416,0,0,0,0
1680679614004793404,0,0,0,0
1680679614006695794,0,0,0,0
1680679614008738810,0,0,0,0
1680679614010662322,0,0,0,0
1680679614012612837,0,0,0,0
1680679614014485476,0,0,0,0
1680679614016405747,0,0,0,0
1680679614018374802,0,0,0,0
1680679614020241862,0,0,0,0
1680679614022088396,0,0,0,0
1680679614024003026,0,0,0,0
1680679614025838868,0,0,0,0
1680679614027831245,0,0,0,0
1680679614029795530,0,0,0,0
1680679614031706893,0,0,0,0
1680679614033690547,0,0,0,0
1680679614035666806,0,0,0,0
1680679614037592725,0,0,0,0
1680679614039409138,0,0,0,0
1680679614041311560,0,0,0,0
1680679614043149036,0,0,0,0
1680679614044961657,0,0,0,0
1680679614046916762,0,0,0,0
1680679614048808737,0,0,0,0
1680679614050805140,0,0,0,0
1680679614052734356,0,0,0,0
1680679614054728842,0,0,0,0
1680679614056644355,0,0,0,0
1680679614058617720,0,0,0,0
1680679614060409788,0,0,0,0
1680679614062351702,0,0,0,0
1680679614064101186,0,0,0,0
1680679614065924666,0,0,0,0
1680679614067875880,0,0,0,0
1680679614069965405,0,0,0,0
1680679614071862777,0,0,0,0
1680679614073879713,0,0,0,0
1680679614075785599,0,0,0,0
1680679614077741876,0,0,0,0
1680679614079619231,0,0,0,0
1680679614081474546,0,0,0,0
1680679614083154997,0,0,0,0
1680679614084826584,0,0,0,0
1680679614086507731,0,0,0,0
1680679614088226563,0,0,0,0
1680679614089994210,0,0,0,0
1680679614091974518,0,0,0,0
1680679614094068595,0,0,0,0
1680679614095849789,0,0,0,0
1680679614097800698,0,0,0,0
1680679614099690284,0,0,0,0
1680679614101663596,0,0,0,0
1680679614103450456,0,0,0,0
1680679614105340626,0,0,0,0
1680679614107150529,0,0,0,0
1680679614108972373,0,0,0,0
1680679614110897528,0,0,0,0
1680679614112748256,0,0,0,0
1680679614114599233,0,0,0,0
1680679614116378277,0,0,0,0
1680679614118321212,0,0,0,0
1680679614120078171,0,0,0,0
1680679614121861678,0,0,0,0
1680679614123636318,0,0,0,0
1680679614125355991,0,0,0,0
1680679614127069057,0,0,0,0
1680679614128800252,0,0,0,0
1680679614130571242,0,0,0,0
1680679614132298507,0,0,0,0
1680679614134045340,0,0,0,0
1680679614135788523,0,0,0,0
1680679614137532127,0,0,0,0
1680679614139274424,0,0,0,0
1680679614141032632,0,0,0,0
1680679614142835655,0,0,0,0
1680679614144590726,0,0,0,0
1680679614146335934,0,0,0,0
1680679614148070683,0,0,0,0
1680679614149884042,0,0,0,0
1680679614151613845,0,0,0,0
1680679614153335706,0,0,0,0
1680679614155061280,0,0,0,0
1680679614156797533,0,0,0,0
1680679614158521285,0,0,0,0
1680679614160251820,0,0,0,0
1680679614162045225,0,0,0,0
1680679614163856159,0,0,0,0
1680679614165632834,0,0,0,0
1680679614167534158,0,0,0,0
1680679614169546530,0,0,0,0
1680679614171448911,0,0,0,0
1680679614173361702,0,0,0,0
1680679614175277005,0,0,0,0
1680679614177154024,0,0,0,0
1680679614179259272,0,0,0,0
1680679614181135921,0,0,0,0
1680679614183055292,0,0,0,0
1680679614184890161,0,0,0,0
1680679614186773307,0,0,0,0
1680679614188706013,0,0,0,0
1680679614190666498,0,0,0,0
1680679614192555060,0,0,0,0
1680679614194419941,0,0,0,0
1680679614196301377,0,0,0,0
1680679614198223409,0,0,0,0
1680679614200096635,0,0,0,0
1680679614202043083,0,0,0,0
1680679614203979939,0,0,0,0
1680679614205886136,0,0,0,0
1680679614207779865,0,0,0,0
1680679614209853255,0,0,0,0
1680679614211709348,0,0,0,0
1680679614213580406,0,0,0,0
1680679614215447274,0,0,0,0
1680679614217310542,0,0,0,0
1680679614219196080,0,0,0,0
1680679614221108157,0,0,0,0
1680679614222994081,0,0,0,0
1680679614225075272,0,0,0,0
1680679614226931943,0,0,0,0
1680679614264389944,0,0,0,0
1680679614337121618,0,0,0,0
1680679614373898791,0,0,0,0
1680679614375854157,0,0,0,0
1680679614377813528,0,0,0,0
1680679614379765046,0,0,0,0
1680679614381637639,0,0,0,0
1680679614383395439,0,0,0,0
1680679614385144771,0,0,0,0
1680679614386933055,0,0,0,0
1680679614388777058,0,0,0,0
1680679614390680502,0,0,0,0
1680679614392589088,0,0,0,0
1680679614394456675,0,0,0,0
1680679614396412201,0,0,0,0
1680679614398306240,0,0,0,0
1680679614400275500,0,0,0,0
1680679614402194480,0,0,0,0
1680679614404083451,0,0,0,0
1680679614406037000,0,0,0,0
1680679614407933920,0,0,0,0
1680679614409811852,0,0,0,0
1680679614411752091,0,0,0,0
1680679614413737390,0,0,0,0
1680679614415700731,0,0,0,0
1680679614417576063,0,0,0,0
1680679614419563153,0,0,0,0
1680679614421393923,0,0,0,0
1680679614423393917,0,0,0,0
1680679614425203196,0,0,0,0
1680679614427074598,0,0,0,0
1680679614428855251,0,0,0,0
1680679614430646794,0,0,0,0
1680679614432503421,0,0,0,0
1680679614434310607,0,0,0,0
1680679614436172513,0,0,0,0
1680679614438078547,0,0,0,0
1680679614440022134,0,0,0,0
1680679614441925688,0,0,0,0
1680679614443882030,0,0,0,0
1680679614445744977,0,0,0,0
1680679614447671447,0,0,0,0
1680679614449529681,0,0,0,0
1680679614451455679,0,0,0,0
1680679614453312105,0,0,0,0
1680679614455120822,0,0,0,0
1680679614456973622,0,0,0,0
1680679614458913976,0,0,0,0
1680679614460823683,0,0,0,0
1680679614462783321,0,0,0,0
1680679614464819794,0,0,0,0
1680679614466736266,0,0,0,0
1680679614468700709,0,0,0,0
1680679614470606391,0,0,0,0
1680679614472509360,0,0,0,0
1680679614474326473,0,0,0,0
1680679614476200925,0,0,0,0
1680679614478117566,0,0,0,0
1680679614480091627,0,0,0,0
1680679614481997265,0,0,0,0
1680679614483962120,0,0,0,0
1680679614485914426,0,0,0,0
1680679614487811292,0,0,0,0
1680679614489766911,0,0,0,0
1680679614491649033,0,0,0,0
1680679614493621937,0,0,0,0
1680679614495433818,0,0,0,0
1680679614497330904,0,0,0,0
1680679614499178970,0,0,0,0
1680679614500984283,0,0,0,0
1680679614502876681,0,0,0,0
1680679614504809135,0,0,0,0
1680679614506785172,0,0,0,0
1680679614508677547,0,0,0,0
1680679614510708961,0,0,0,0
1680679614512696418,0,0,0,0
1680679614514601487,0,0,0,0
1680679614516520947,0,0,0,0
1680679614518421250,0,0,0,0
1680679614520349488,0,0,0,0
1680679614522197694,0,0,0,0
1680679614524213646,0,0,0,0
1680679614526040339,0,0,0,0
1680679614527935083,0,0,0,0
1680679614529932392,0,0,0,0
1680679614531926424,0,0,0,0
1680679614533959217,0,0,0,0
1680679614535836463,0,0,0,0
1680679614537808850,0,0,0,0
1680679614539743664,0,0,0,0
1680679614541623403,0,0,0,0
1680679614543597841,0,0,0,0
1680679614545409595,0,0,0,0
1680679614547320649,0,0,0,0
1680679614549149716,0,0,0,0
1680679614551037309,0,0,0,0
1680679614552854768,0,0,0,0
1680679614554771689,0,0,0,0
1680679614556583040,0,0,0,0
1680679614558517392,0,0,0,0
1680679614560369999,0,0,0,0
1680679614562403538,0,0,0,0
1680679614564375262,0,0,0,0
1680679614566361445,0,0,0,0
1680679614568360859,0,0,0,0
1680679614570333392,0,0,0,0
1680679614572306812,0,0,0,0
1680679614574292415,0,0,0,0
1680679614576161605,0,0,0,0
1680679614578007803,0,0,0,0
1680679614579992914,0,0,0,0
1680679614581923016,0,0,0,0
1680679614583894982,0,0,0,0
1680679614585756229,0,0,0,0
1680679614587653361,0,0,0,0
1680679614589547086,0,0,0,0
1680679614591433676,0,0,0,0
1680679614593317110,0,0,0,0
1680679614595148466,0,0,0,0
1680679614597061966,0,0,0,0
1680679614598958817,0,0,0,0
1680679614600872931,0,0,0,0
1680679614602808299,0,0,0,0
1680679614604776146,0,0,0,0
1680679614606664042,0,0,0,0
1680679614608402720,0,0,0,0
1680679614610315670,0,0,0,0
1680679614612187582,0,0,0,0
1680679614614066411,0,0,0,0
1680679614615997615,0,0,0,0
1680679614617912176,0,0,0,0
1680679614619900442,0,0,0,0
1680679614621804709,0,0,0,0
1680679614623839209,0,0,0,0
1680679614625730553,0,0,0,0
1680679614627703394,0,0,0,0
1680679614629552610,0,0,0,0
1680679614631393728,0,0,0,0
1680679614633211994,0,0,0,0
1680679614635044860,0,0,0,0
1680679614636816049,0,0,0,0
1680679614638681672,0,0,0,0
1680679614640612637,0,0,0,0
1680679614642696238,0,0,0,0
1680679614644646964,0,0,0,0
1680679614646600337,0,0,0,0
1680679614648515634,0,0,0,0
1680679614650373949,0,0,0,0
1680679614652231453,0,0,0,0
1680679614654071296,0,0,0,0
1680679614656007110,0,0,0,0
1680679614658011653,0,0,0,0
1680679614659974287,0,0,0,0
1680679614661964313,0,0,0,0
1680679614663968956,0,0,0,0
1680679614665943174,0,0,0,0
1680679614667942286,0,0,0,0
1680679614670153102,0,0,0,0
1680679614671945407,0,0,0,0
1680679614673838067,0,0,0,0
1680679614675657593,0,0,0,0
1680679614677635601,0,0,0,0
1680679614679443800,0,0,0,0
1680679614681357062,0,0,0,0
1680679614683254538,0,0,0,0
1680679614685143687,0,0,0,0
1680679614687004485,0,0,0,0
1680679614688851857,0,0,0,0
1680679614690792605,0,0,0,0
1680679614692666080,0,0,0,0
1680679614694511658,0,0,0,0
1680679614696439859,0,0,0,0
1680679614698190702,0,0,0,0
1680679614699906260,0,0,0,0
1680679614701744445,0,0,0,0
1680679614703735128,0,0,0,0
1680679614705634481,0,0,0,0
1680679614707476652,0,0,0,0
1680679614709347414,0,0,0,0
1680679614711249769,0,0,0,0
1680679614713112031,0,0,0,0
1680679614714978065,0,0,0,0
1680679614716831331,0,0,0,0
1680679614718784294,0,0,0,0
1680679614720651130,0,0,0,0
1680679614722571423,0,0,0,0
1680679614724583648,0,0,0,0
1680679614726501216,0,0,0,0
1680679614728498566,0,0,0,0
1680679614730507969,0,0,0,0
1680679614732502683,0,0,0,0
1680679614734436130,0,0,0,0
1680679614736380032,0,0,0,0
1680679614738556696,0,0,0,0
1680679614740472542,0,0,0,0
1680679614742489616,0,0,0,0
1680679614744459426,0,0,0,0
1680679614746308267,0,0,0,0
1680679614748274243,0,0,0,0
1680679614750124953,0,0,0,0
1680679614752078592,0,0,0,0
1680679614754082703,0,0,0,0
1680679614756007613,0,0,0,0
1680679614757995519,0,0,0,0
1680679614759901874,0,0,0,0
1680679614761884713,0,0,0,0
1680679614763802743,0,0,0,0
1680679614765742440,0,0,0,0
1680679614767573718,0,0,0,0
1680679614769420797,0,0,0,0
1680679614771360290,0,0,0,0
1680679614773130502,0,0,0,0
1680679614774986428,0,0,0,0
1680679614776807810,0,0,0,0
1680679614778811913,0,0,0,0
1680679614780701289,0,0,0,0
1680679614782756570,0,0,0,0
1680679614784638153,0,0,0,0
1680679614786571903,0,0,0,0
1680679614788384001,0,0,0,0
1680679614790265915,0,0,0,0
1680679614792175125,0,0,0,0
1680679614794035275,0,0,0,0
1680679614795885038,0,0,0,0
1680679614797819928,0,0,0,0
1680679614799767278,0,0,0,0
1680679614801683105,0,0,0,0
1680679614803631719,0,0,0,0
1680679614805614542,0,0,0,0
1680679614807548389,0,0,0,0
1680679614809412055,0,0,0,0
1680679614811293236,0,0,0,0
1680679614813075523,0,0,0,0
1680679614814987269,0,0,0,0
1680679614816863190,0,0,0,0
1680679614818832409,0,0,0,0
1680679614820804112,0,0,0,0
1680679614822772902,0,0,0,0
1680679614824703675,0,0,0,0
1680679614826634739,0,0,0,0
1680679614828566026,0,0,0,0
1680679614830589668,0,0,0,0
1680679614832481673,0,0,0,0
1680679614834462699,0,0,0,0
1680679614836426346,0,0,0,0
1680679614838421822,0,0,0,0
1680679614840314286,0,0,0,0
1680679614842237227,0,0,0,0
1680679614844237432,0,0,0,0
1680679614846166993,0,0,0,0
1680679614848131365,0,0,0,0
1680679614849984740,0,0,0,0
1680679614851778812,0,0,0,0
1680679614853469056,0,0,0,0
1680679614855247022,0,0,0,0
1680679614857030016,0,0,0,0
1680679614858978410,0,0,0,0
1680679614860874929,0,0,0,0
1680679614862856912,0,0,0,0
1680679614864810740,0,0,0,0
1680679614866732680,0,0,0,0
1680679614868664933,0,0,0,0
1680679614870700974,0,0,0,0
1680679614872553859,0,0,0,0
1680679614874504774,0,0,0,0
1680679614876376880,0,0,0,0
1680679614878264659,0,0,0,0
1680679614880107819,0,0,0,0
1680679614882074031,0,0,0,0
1680679614884087230,0,0,0,0
1680679614886012632,0,0,0,0
1680679614887920028,0,0,0,0
1680679614889742003,0,0,0,0
1680679614891764812,0,0,0,0
1680679614893634463,0,0,0,0
1680679614895436022,0,0,0,0
1680679614897294741,0,0,0,0
1680679614899102448,0,0,0,0
1680679614900893967,0,0,0,0
1680679614902856680,0,0,0,0
1680679614904820887,0,0,0,0
1680679614906708260,0,0,0,0
1680679614908573151,0,0,0,0
1680679614910580566,0,0,0,0
1680679614912548411,0,0,0,0
1680679614914476266,0,0,0,0
1680679614916369693,0,0,0,0
1680679614918211677,0,0,0,0
1680679614920142938,0,0,0,0
1680679614922025643,0,0,0,0
1680679614924040018,0,0,0,0
1680679614926044877,0,0,0,0
1680679614927955369,0,0,0,0
1680679614929948462,0,0,0,0
1680679614931833230,0,0,0,0
1680679614933809549,0,0,0,0
1680679614935736877,0,0,0,0
1680679614937707231,0,0,0,0
1680679614939595106,0,0,0,0
1680679614941401767,0,0,0,0
1680679614943189060,0,0,0,0
1680679614945152060,0,0,0,0
1680679614947038395,0,0,0,0
1680679614948918785,0,0,0,0
1680679614950880071,0,0,0,0
1680679614952806374,0,0,0,0
1680679614954798906,0,0,0,0
1680679614956656124,0,0,0,0
1680679614958470856,0,0,0,0
1680679614960314259,0,0,0,0
1680679614962295578,0,0,0,0
1680679614964185003,0,0,0,0
1680679614966101569,0,0,0,0
1680679614968059016,0,0,0,0
1680679614970035662,0,0,0,0
1680679614972048403,0,0,0,0
1680679614974030484,0,0,0,0
1680679614975942530,0,0,0,0
1680679614977920965,0,0,0,0
1680679614979754821,0,0,0,0
1680679614981647368,0,0,0,0
1680679614983695024,0,0,0,0
1680679614985634214,0,0,0,0
1680679614987581341,0,0,0,0
1680679614989352381,0,0,0,0
1680679614991136445,0,0,0,0
1680679614993039897,0,0,0,0
1680679614994880581,0,0,0,0
1680679614996747256,0,0,0,0
1680679614998715762,0,0,0,0
1680679615000511472,0,0,0,0
1680679615002479224,0,0,0,0
1680679615004341469,0,0,0,0
1680679615006297707,0,0,0,0
1680679615008199438,0,0,0,0
1680679615010095422,0,0,0,0
1680679615012161806,0,0,0,0
1680679615014085742,0,0,0,0
1680679615016061881,0,0,0,0
1680679615017977154,0,0,0,0
1680679615019836228,0,0,0,0
1680679615021791480,0,0,0,0
1680679615023732747,0,0,0,0
1680679615025629835,0,0,0,0
1680679615027590827,0,0,0,0
1680679615029543780,0,0,0,0
1680679615031544018,0,0,0,0
1680679615033410908,0,0,0,0
1680679615035295671,0,0,0,0
1680679615037098661,0,0,0,0
1680679615039009237,0,0,0,0
1680679615040848176,0,0,0,0
1680679615042628915,0,0,0,0
1680679615044591158,0,0,0,0
1680679615046441532,0,0,0,0
1680679615048374162,0,0,0,0
1680679615050342807,0,0,0,0
1680679615052219535,0,0,0,0
1680679615054138426,0,0,0,0
1680679615056056544,0,0,0,0
1680679615058042243,0,0,0,0
1680679615060015549,0,0,0,0
1680679615062022643,0,0,0,0
1680679615064049934,0,0,0,0
1680679615065947945,0,0,0,0
1680679615067913772,0,0,0,0
1680679615069793720,0,0,0,0
1680679615071827744,0,0,0,0
1680679615073693653,0,0,0,0
1680679615075697257,0,0,0,0
1680679615077626128,0,0,0,0
1680679615079590560,0,0,0,0
1680679615081426438,0,0,0,0
1680679615083284226,0,0,0,0
1680679615085086250,0,0,0,0
1680679615086847024,0,0,0,0
1680679615088644322,0,0,0,0
1680679615090529167,0,0,0,0
1680679615092523443,0,0,0,0
1680679615094430371,0,0,0,0
1680679615096392387,0,0,0,0
1680679615098299876,0,0,0,0
1680679615100276138,0,0,0,0
1680679615102179001,0,0,0,0
1680679615104108567,0,0,0,0
1680679615106030974,0,0,0,0
1680679615107901386,0,0,0,0
1680679615109876071,0,0,0,0
1680679615111793959,0,0,0,0
1680679615113697241,0,0,0,0
1680679615115527551,0,0,0,0
1680679615117423787,0,0,0,0
1680679615119259226,0,0,0,0
1680679615121217632,0,0,0,0
1680679615123258997,0,0,0,0
1680679615125094241,0,0,0,0
1680679615126993410,0,0,0,0
1680679615128811809,0,0,0,0
1680679615130576778,0,0,0,0
1680679615132361880,0,0,0,0
1680679615134255951,0,0,0,0
1680679615136209154,0,0,0,0
1680679615138187412,0,0,0,0
1680679615140069038,0,0,0,0
1680679615142054233,0,0,0,0
1680679615143997135,0,0,0,0
1680679615145966946,0,0,0,0
1680679615147899666,0,0,0,0
1680679615149757027,0,0,0,0
1680679615151763391,0,0,0,0
1680679615153608732,0,0,0,0
1680679615155566477,0,0,0,0
1680679615157377132,0,0,0,0
1680679615159284398,0,0,0,0
1680679615161106637,0,0,0,0
1680679615163030823,0,0,0,0
1680679615164969917,0,0,0,0
1680679615166873143,0,0,0,0
1680679615168793321,0,0,0,0
1680679615170648700,0,0,0,0
1680679615172666194,0,0,0,0
1680679615174549789,0,0,0,0
1680679615176488473,0,0,0,0
1680679615178347740,0,0,0,0
1680679615180317014,0,0,0,0
1680679615182197292,0,0,0,0
1680679615184222781,0,0,0,0
1680679615186142747,0,0,0,0
1680679615188100192,0,0,0,0
1680679615190046140,0,0,0,0
1680679615192021699,0,0,0,0
1680679615193936859,0,0,0,0
1680679615195865132,0,0,0,0
1680679615197764464,0,0,0,0
1680679615199623340,0,0,0,0
1680679615201401922,0,0,0,0
1680679615203257284,0,0,0,0
1680679615205135207,0,0,0,0
1680679615207056764,0,0,0,0
1680679615208929841,0,0,0,0
1680679615210811729,0,0,0,0
1680679615212825154,0,0,0,0
1680679615214679698,0,0,0,0
1680679615216610385,0,0,0,0
1680679615218619693,0,0,0,0
1680679615220523980,0,0,0,0
1680679615222529066,0,0,0,0
1680679615224476520,0,0,0,0
1680679615226386945,0,0,0,0
1680679615228258199,0,0,0,0
1680679615230250894,0,0,0,0
1680679615232215080,0,0,0,0
1680679615234147139,0,0,0,0
1680679615236027929,0,0,0,0
1680679615238010907,0,0,0,0
1680679615239903966,0,0,0,0
1680679615241877250,0,0,0,0
1680679615243789339,0,0,0,0
1680679615245736711,0,0,0,0
1680679615247664663,0,0,0,0
1680679615249598458,0,0,0,0
1680679615251661388,0,0,0,0
1680679615253579709,0,0,0,0
1680679615255551555,0,0,0,0
1680679615257365867,0,0,0,0
1680679615259172585,0,0,0,0
1680679615260994798,0,0,0,0
1680679615262874362,0,0,0,0
1680679615265131935,0,0,0,0
1680679615267146232,0,0,0,0
1680679615269164988,0,0,0,0
1680679615271190009,0,0,0,0
1680679615273258876,0,0,0,0
1680679615275271903,0,0,0,0
1680679615277136420,0,0,0,0
1680679615278815442,0,0,0,0
1680679615280592351,0,0,0,0
1680679615282380094,0,0,0,0
1680679615284334520,0,0,0,0
1680679615286298833,0,0,0,0
1680679615288142149,0,0,0,0
1680679615290097338,0,0,0,0
1680679615292069526,0,0,0,0
1680679615293988441,0,0,0,0
1680679615295946157,0,0,0,0
1680679615297850249,0,0,0,0
1680679615299813177,0,0,0,0
1680679615301665198,0,0,0,0
1680679615303535037,0,0,0,0
1680679615305434719,0,0,0,0
1680679615307314389,0,0,0,0
1680679615309158519,0,0,0,0
1680679615311080582,0,0,0,0
1680679615312952573,0,0,0,0
1680679615314814402,0,0,0,0
1680679615316675573,0,0,0,0
1680679615318625914,0,0,0,0
1680679615320530013,0,0,0,0
1680679615322514180,0,0,0,0
1680679615324470506,0,0,0,0
1680679615326487864,0,0,0,0
1680679615328341967,0,0,0,0
1680679615330252396,0,0,0,0
1680679615332224572,0,0,0,0
1680679615334101474,0,0,0,0
1680679615336035192,0,0,0,0
1680679615337941097,0,0,0,0
1680679615339821837,0,0,0,0
1680679615341806144,0,0,0,0
1680679615343823490,0,0,0,0
1680679615345831745,0,0,0,0
1680679615347799440,0,0,0,0
1680679615349701110,0,0,0,0
1680679615351710044,0,0,0,0
1680679615353548643,0,0,0,0
1680679615355509697,0,0,0,0
1680679615357319695,0,0,0,0
1680679615359108657,0,0,0,0
1680679615360939645,0,0,0,0
1680679615362825761,0,0,0,0
1680679615364815144,0,0,0,0
1680679615366732070,0,0,0,0
1680679615368677533,0,0,0,0
1680679615370676347,0,0,0,0
1680679615372643193,0,0,0,0
1680679615374615532,0,0,0,0
1680679615376459438,0,0,0,0
1680679615378354308,0,0,0,0
1680679615380228427,0,0,0,0
1680679615382043441,0,0,0,0
1680679615384015003,0,0,0,0
1680679615385955217,0,0,0,0
1680679615387935867,0,0,0,0
1680679615389796599,0,0,0,0
1680679615391780420,0,0,0,0
1680679615393628798,0,0,0,0
1680679615395384245,0,0,0,0
1680679615397236125,0,0,0,0
1680679615398916306,0,0,0,0
1680679615400593507,0,0,0,0
1680679615402285062,0,0,0,0
1680679615403969210,0,0,0,0
1680679615405821291,0,0,0,0
1680679615407622604,0,0,0,0
1680679615409447504,0,0,0,0
1680679615411186461,0,0,0,0
1680679615413009016,0,0,0,0
1680679615414849543,0,0,0,0
1680679615416575691,0,0,0,0
1680679615418411083,0,0,0,0
1680679615420264444,0,0,0,0
1680679615422328816,0,0,0,0
1680679615424118096,0,0,0,0
1680679615426036530,0,0,0,0
1680679615428077797,0,0,0,0
1680679615429950656,0,0,0,0
1680679615431784942,0,0,0,0
1680679615433694696,0,0,0,0
1680679615435621183,0,0,0,0
1680679615437439703,0,0,0,0
1680679615439126190,0,0,0,0
1680679615441105951,0,0,0,0
1680679615442783783,0,0,0,0
1680679615444502162,0,0,0,0
1680679615446409843,0,0,0,0
1680679615448133815,0,0,0,0
1680679615449875995,0,0,0,0
1680679615451679358,0,0,0,0
1680679615453446101,0,0,0,0
1680679615455189736,0,0,0,0
1680679615456991956,0,0,0,0
1680679615458755116,0,0,0,0
1680679615460508975,0,0,0,0
1680679615462271645,0,0,0,0
1680679615464036814,0,0,0,0
1680679615465798450,0,0,0,0
1680679615467542690,0,0,0,0
1680679615469330481,0,0,0,0
1680679615471038706,0,0,0,0
1680679615472806555,0,0,0,0
1680679615474506533,0,0,0,0
1680679615476226163,0,0,0,0
1680679615477960473,0,0,0,0
1680679615479781460,0,0,0,0
1680679615481508623,0,0,0,0
1680679615483373178,0,0,0,0
1680679615485305919,0,0,0,0
1680679615487200013,0,0,0,0
1680679615489055363,0,0,0,0
1680679615490937696,0,0,0,0
1680679615492848232,0,0,0,0
1680679615495406960,0,0,0,0
1680679615497277292,0,0,0,0
1680679615499184439,0,0,0,0
1680679615501066302,0,0,0,0
1680679615502954882,0,0,0,0
1680679615504864818,0,0,0,0
1680679615506757103,0,0,0,0
1680679615508672539,0,0,0,0
1680679615510573322,0,0,0,0
1680679615512540510,0,0,0,0
1680679615514411195,0,0,0,0
1680679615516260767,0,0,0,0
1680679615518157989,0,0,0,0
1680679615520017307,0,0,0,0
1680679615521925520,0,0,0,0
1680679615523801163,0,0,0,0
1680679615525663398,0,0,0,0
1680679615527542341,0,0,0,0
1680679615529422989,0,0,0,0
1680679615531301811,0,0,0,0
1680679615533307414,0,0,0,0
1680679615535172126,0,0,0,0
1680679615537033913,0,0,0,0
1680679615538917235,0,0,0,0
1680679615541185438,0,0,0,0
1680679615543017181,0,0,0,0
1680679615544995908,0,0,0,0
1680679615617535885,0,0,0,0
1680679615689783837,0,0,0,0
1680679615691737720,0,0,0,0
1680679615693740631,0,0,0,0
1680679615695666403,0,0,0,0
1680679615697601541,0,0,0,0
1680679615699533877,0,0,0,0
1680679615701341290,0,0,0,0
1680679615703060467,0,0,0,0
1680679615704770327,0,0,0,0
1680679615706548885,0,0,0,0
1680679615708331325,0,0,0,0
1680679615710259323,0,0,0,0
1680679615712169103,0,0,0,0
1680679615714139126,0,0,0,0
1680679615715994212,0,0,0,0
1680679615717872076,0,0,0,0
1680679615719786405,0,0,0,0
1680679615721642696,0,0,0,0
1680679615723547926,0,0,0,0
1680679615725441660,0,0,0,0
1680679615727307900,0,0,0,0
1680679615729094371,0,0,0,0
1680679615730917219,0,0,0,0
1680679615732710003,0,0,0,0
1680679615734579284,0,0,0,0
1680679615736462032,0,0,0,0
1680679615738598867,0,0,0,0
1680679615740560271,0,0,0,0
1680679615742447792,0,0,0,0
1680679615744365054,0,0,0,0
1680679615746233632,0,0,0,0
1680679615748113771,0,0,0,0
1680679615750049925,0,0,0,0
1680679615751877754,0,0,0,0
1680679615753890948,0,0,0,0
1680679615755752026,0,0,0,0
1680679615757640008,0,0,0,0
1680679615759558339,0,0,0,0
1680679615761281727,0,0,0,0
1680679615763091460,0,0,0,0
1680679615764948366,0,0,0,0
1680679615766942945,0,0,0,0
1680679615768824997,0,0,0,0
1680679615770777927,0,0,0,0
1680679615772658776,0,0,0,0
1680679615774611421,0,0,0,0
1680679615776403583,0,0,0,0
1680679615778366279,0,0,0,0
1680679615780198055,0,0,0,0
1680679615782081463,0,0,0,0
1680679615784025936,0,0,0,0
1680679615786033633,0,0,0,0
1680679615788014383,0,0,0,0
1680679615790006161,0,0,0,0
1680679615791924704,0,0,0,0
1680679615793949054,0,0,0,0
1680679615795882637,0,0,0,0
1680679615797841932,0,0,0,0
1680679615799735010,0,0,0,0
1680679615801697568,0,0,0,0
1680679615803575935,0,0,0,0
1680679615805569081,0,0,0,0
1680679615807501940,0,0,0,0
1680679615809374472,0,0,0,0
1680679615811227264,0,0,0,0
1680679615813038446,0,0,0,0
1680679615814973860,0,0,0,0
1680679615816800990,0,0,0,0
1680679615818737114,0,0,0,0
1680679615820547759,0,0,0,0
1680679615822524118,0,0,0,0
1680679615824371864,0,0,0,0
1680679615826266058,0,0,0,0
1680679615828126882,0,0,0,0
1680679615830115607,0,0,0,0
1680679615832030709,0,0,0,0
1680679615834029136,0,0,0,0
1680679615836010850,0,0,0,0
1680679615837967435,0,0,0,0
1680679615839958675,0,0,0,0
1680679615841833282,0,0,0,0
1680679615843711056,0,0,0,0
1680679615845589158,0,0,0,0
1680679615847585384,0,0,0,0
1680679615849543451,0,0,0,0
1680679615851438413,0,0,0,0
1680679615853361887,0,0,0,0
1680679615855223830,0,0,0,0
1680679615857021255,0,0,0,0
1680679615858975042,0,0,0,0
1680679615860859181,0,0,0,0
1680679615862881411,0,0,0,0
1680679615864809774,0,0,0,0
1680679615866688151,0,0,0,0
1680679615868575234,0,0,0,0
1680679615870436216,0,0,0,0
1680679615872440793,0,0,0,0
1680679615874262441,0,0,0,0
1680679615876175491,0,0,0,0
1680679615878044469,0,0,0,0
1680679615879981628,0,0,0,0
1680679615881846074,0,0,0,0
1680679615883803901,0,0,0,0
1680679615885764627,0,0,0,0
1680679615887747132,0,0,0,0
1680679615889754952,0,0,0,0
1680679615891716527,0,0,0,0
1680679615893791061,0,0,0,0
1680679615895700088,0,0,0,0
1680679615897557992,0,0,0,0
1680679615899495838,0,0,0,0
1680679615901283435,0,0,0,0
1680679615903106497,0,0,0,0
1680679615904966857,0,0,0,0
1680679615907103686,0,0,0,0
1680679615908951595,0,0,0,0
1680679615910929935,0,0,0,0
1680679615912840861,0,0,0,0
1680679615914842152,0,0,0,0
1680679615916629210,0,0,0,0
1680679615918570256,0,0,0,0
1680679615920421830,0,0,0,0
1680679615922352949,0,0,0,0
1680679615924306743,0,0,0,0
1680679615926190789,0,0,0,0
1680679615928185814,0,0,0,0
1680679615930117947,0,0,0,0
1680679615932047728,0,0,0,0
1680679615933958658,0,0,0,0
1680679615935877993,0,0,0,0
1680679615937827340,0,0,0,0
1680679615939797926,0,0,0,0
1680679615941667376,0,0,0,0
1680679615943535886,0,0,0,0
1680679615945548488,0,0,0,0
1680679615947399172,0,0,0,0
1680679615949288710,0,0,0,0
1680679615951053353,0,0,0,0
1680679615952831410,0,0,0,0
1680679615954762056,0,0,0,0
1680679615956666239,0,0,0,0
1680679615958616177,0,0,0,0
1680679615960476431,0,0,0,0
1680679615962324474,0,0,0,0
1680679615964163064,0,0,0,0
1680679615966144401,0,0,0,0
1680679615968114460,0,0,0,0
1680679615970077818,0,0,0,0
1680679615971999625,0,0,0,0
1680679615974069287,0,0,0,0
1680679615975996166,0,0,0,0
1680679615978003859,0,0,0,0
1680679615979892395,0,0,0,0
1680679615981640901,0,0,0,0
1680679615983555171,0,0,0,0
1680679615985376129,0,0,0,0
1680679615987297320,0,0,0,0
1680679615989142930,0,0,0,0
1680679615991029596,0,0,0,0
1680679615992963754,0,0,0,0
1680679615994873776,0,0,0,0
1680679615996785439,0,0,0,0
1680679615998678441,0,0,0,0
1680679616000632959,0,0,0,0
1680679616002558874,0,0,0,0
1680679616004433121,0,0,0,0
1680679616006456393,0,0,0,0
1680679616008301985,0,0,0,0
1680679616010218687,0,0,0,0
1680679616012137178,0,0,0,0
1680679616014177689,0,0,0,0
1680679616016133799,0,0,0,0
1680679616018045902,0,0,0,0
1680679616020000892,0,0,0,0
1680679616021882346,0,0,0,0
1680679616023755681,0,0,0,0
1680679616025707291,0,0,0,0
1680679616027551621,0,0,0,0
1680679616029406960,0,0,0,0
1680679616031263110,0,0,0,0
1680679616033127423,0,0,0,0
1680679616035054062,0,0,0,0
1680679616036923379,0,0,0,0
1680679616038778682,0,0,0,0
1680679616040763081,0,0,0,0
1680679616042611687,0,0,0,0
1680679616044467661,0,0,0,0
1680679616046390736,0,0,0,0
1680679616048283306,0,0,0,0
1680679616050190992,0,0,0,0
1680679616052091026,0,0,0,0
1680679616054111698,0,0,0,0
1680679616056103812,0,0,0,0
1680679616058314407,0,0,0,0
1680679616060217473,0,0,0,0
1680679616062117983,0,0,0,0
1680679616063983771,0,0,0,0
1680679616065929532,0,0,0,0
1680679616067878271,0,0,0,0
1680679616069736861,0,0,0,0
1680679616071630276,0,0,0,0
1680679616073546306,0,0,0,0
1680679616075494583,0,0,0,0
1680679616077262015,0,0,0,0
1680679616079133709,0,0,0,0
1680679616080971056,0,0,0,0
1680679616082816428,0,0,0,0
1680679616084821459,0,0,0,0
1680679616086859547,0,0,0,0
1680679616088789272,0,0,0,0
1680679616090735975,0,0,0,0
1680679616092616893,0,0,0,0
1680679616094659468,0,0,0,0
1680679616096582534,0,0,0,0
1680679616098470893,0,0,0,0
1680679616100379687,0,0,0,0
1680679616102361505,0,0,0,0
1680679616104231511,0,0,0,0
1680679616106157438,0,0,0,0
1680679616108015444,0,0,0,0
1680679616109946038,0,0,0,0
1680679616111917933,0,0,0,0
1680679616113821947,0,0,0,0
1680679616115694137,0,0,0,0
1680679616117582756,0,0,0,0
1680679616119534590,0,0,0,0
1680679616121367068,0,0,0,0
1680679616123281435,0,0,0,0
1680679616125140619,0,0,0,0
1680679616127014193,0,0,0,0
1680679616128799873,0,0,0,0
1680679616130748796,0,0,0,0
1680679616132560471,0,0,0,0
1680679616134484652,0,0,0,0
1680679616136396838,0,0,0,0
1680679616138299504,0,0,0,0
1680679616140281431,0,0,0,0
1680679616142189630,0,0,0,0
1680679616144077407,0,0,0,0
1680679616146067450,0,0,0,0
1680679616147976657,0,0,0,0
1680679616149939159,0,0,0,0
1680679616151777189,0,0,0,0
1680679616153715263,0,0,0,0
1680679616155685302,0,0,0,0
1680679616157551128,0,0,0,0
1680679616159451342,0,0,0,0
1680679616161231881,0,0,0,0
1680679616163136539,0,0,0,0
1680679616164971871,0,0,0,0
1680679616166988100,0,0,0,0
1680679616168886250,0,0,0,0
1680679616170813592,0,0,0,0
1680679616172666919,0,0,0,0
1680679616174668909,0,0,0,0
1680679616176532695,0,0,0,0
1680679616178426958,0,0,0,0
1680679616180381140,0,0,0,0
1680679616182386111,0,0,0,0
1680679616184285853,0,0,0,0
1680679616186242925,0,0,0,0
1680679616188124350,0,0,0,0
1680679616190097436,0,0,0,0
1680679616191958779,0,0,0,0
1680679616193924722,0,0,0,0
1680679616195785839,0,0,0,0
1680679616197695878,0,0,0,0
1680679616199656148,0,0,0,0
1680679616201560302,0,0,0,0
1680679616203485941,0,0,0,0
1680679616205288798,0,0,0,0
1680679616207216669,0,0,0,0
1680679616209059716,0,0,0,0
1680679616210976053,0,0,0,0
1680679616212811478,0,0,0,0
1680679616214742238,0,0,0,0
1680679616216631421,0,0,0,0
1680679616218503287,0,0,0,0
1680679616220364817,0,0,0,0
1680679616222293763,0,0,0,0
1680679616224211937,0,0,0,0
1680679616226106812,0,0,0,0
1680679616228013133,0,0,0,0
1680679616229891578,0,0,0,0
1680679616231772531,0,0,0,0
1680679616233697804,0,0,0,0
1680679616235494767,0,0,0,0
1680679616237345866,0,0,0,0
1680679616239142052,0,0,0,0
1680679616240931713,0,0,0,0
1680679616242795068,0,0,0,0
1680679616244697998,0,0,0,0
1680679616246719212,0,0,0,0
1680679616248693397,0,0,0,0
1680679616250691483,0,0,0,0
1680679616252682664,0,0,0,0
1680679616254619158,0,0,0,0
1680679616256542917,0,0,0,0
1680679616258528309,0,0,0,0
1680679616260394329,0,0,0,0
1680679616262277443,0,0,0,0
1680679616264263222,0,0,0,0
1680679616266228809,0,0,0,0
1680679616268143215,0,0,0,0
1680679616270084289,0,0,0,0
1680679616272065992,0,0,0,0
1680679616274001522,0,0,0,0
1680679616275835723,0,0,0,0
1680679616277629994,0,0,0,0
1680679616279469013,0,0,0,0
1680679616281325666,0,0,0,0
1680679616283131629,0,0,0,0
1680679616284979355,0,0,0,0
1680679616286986198,0,0,0,0
1680679616288849580,0,0,0,0
1680679616290816498,0,0,0,0
1680679616292736920,0,0,0,0
1680679616294689863,0,0,0,0
1680679616296572117,0,0,0,0
1680679616298440876,0,0,0,0
1680679616300380182,0,0,0,0
1680679616302245188,0,0,0,0
1680679616304198015,0,0,0,0
1680679616306188721,0,0,0,0
1680679616308166988,0,0,0,0
1680679616310093680,0,0,0,0
1680679616312038841,0,0,0,0
1680679616313997387,0,0,0,0
1680679616315943494,0,0,0,0
1680679616317905260,0,0,0,0
1680679616319849912,0,0,0,0
1680679616321737373,0,0,0,0
1680679616323688365,0,0,0,0
1680679616325547146,0,0,0,0
1680679616327561092,0,0,0,0
1680679616329371390,0,0,0,0
1680679616331304009,0,0,0,0
1680679616333103127,0,0,0,0
1680679616334954451,0,0,0,0
1680679616336812311,0,0,0,0
1680679616338788650,0,0,0,0
1680679616340702536,0,0,0,0
1680679616342704468,0,0,0,0
1680679616344638109,0,0,0,0
1680679616346624992,0,0,0,0
1680679616348621010,0,0,0,0
1680679616350595829,0,0,0,0
1680679616352458463,0,0,0,0
1680679616354506547,0,0,0,0
1680679616356373568,0,0,0,0
1680679616358343562,0,0,0,0
1680679616360208248,0,0,0,0
1680679616362185227,0,0,0,0
1680679616364099286,0,0,0,0
1680679616366007688,0,0,0,0
1680679616368095947,0,0,0,0
1680679616370035533,0,0,0,0
1680679616371934856,0,0,0,0
1680679616373846626,0,0,0,0
1680679616375742032,0,0,0,0
1680679616377622699,0,0,0,0
1680679616379506396,0,0,0,0
1680679616381302658,0,0,0,0
1680679616383215197,0,0,0,0
1680679616385137755,0,0,0,0
1680679616387134466,0,0,0,0
1680679616389085308,0,0,0,0
1680679616390927508,0,0,0,0
1680679616392809525,0,0,0,0
1680679616394846001,0,0,0,0
1680679616396759398,0,0,0,0
1680679616398554444,0,0,0,0
1680679616400437900,0,0,0,0
1680679616402246164,0,0,0,0
1680679616404214214,0,0,0,0
1680679616406110053,0,0,0,0
1680679616408084471,0,0,0,0
1680679616410045379,0,0,0,0
1680679616411934520,0,0,0,0
1680679616413895351,0,0,0,0
1680679616415762812,0,0,0,0
1680679616417689231,0,0,0,0
1680679616419552197,0,0,0,0
1680679616421395441,0,0,0,0
1680679616423254937,0,0,0,0
1680679616425092154,0,0,0,0
1680679616426983650,0,0,0,0
1680679616428917700,0,0,0,0
1680679616430800507,0,0,0,0
1680679616432793439,0,0,0,0
1680679616434728848,0,0,0,0
1680679616436634902,0,0,0,0
1680679616438473640,0,0,0,0
1680679616440320422,0,0,0,0
1680679616442195189,0,0,0,0
1680679616444044426,0,0,0,0
1680679616446043393,0,0,0,0
1680679616447970675,0,0,0,0
1680679616449964406,0,0,0,0
1680679616451880881,0,0,0,0
1680679616453883399,0,0,0,0
1680679616455835038,0,0,0,0
1680679616457659890,0,0,0,0
1680679616459509138,0,0,0,0
1680679616461253159,0,0,0,0
1680679616463143890,0,0,0,0
1680679616464950992,0,0,0,0
1680679616466894942,0,0,0,0
1680679616468807277,0,0,0,0
1680679616470699579,0,0,0,0
1680679616472617321,0,0,0,0
1680679616474563720,0,0,0,0
1680679616476482406,0,0,0,0
1680679616478459389,0,0,0,0
1680679616480257424,0,0,0,0
1680679616482025437,0,0,0,0
1680679616483843631,0,0,0,0
1680679616485732757,0,0,0,0
1680679616487663228,0,0,0,0
1680679616489444480,0,0,0,0
1680679616491212835,0,0,0,0
1680679616492991565,0,0,0,0
1680679616494972613,0,0,0,0
1680679616496807601,0,0,0,0
1680679616498738620,0,0,0,0
1680679616500660223,0,0,0,0
1680679616502606753,0,0,0,0
1680679616504615340,0,0,0,0
1680679616506624810,0,0,0,0
1680679616508569557,0,0,0,0
1680679616510537267,0,0,0,0
1680679616512406318,0,0,0,0
1680679616514371980,0,0,0,0
1680679616516225134,0,0,0,0
1680679616518072804,0,0,0,0
1680679616520038424,0,0,0,0
1680679616521906145,0,0,0,0
1680679616523842323,0,0,0,0
1680679616525847890,0,0,0,0
1680679616527758120,0,0,0,0
1680679616529745983,0,0,0,0
1680679616531682480,0,0,0,0
1680679616533412663,0,0,0,0
1680679616535260194,0,0,0,0
1680679616537032099,0,0,0,0
1680679616538909453,0,0,0,0
1680679616540796091,0,0,0,0
1680679616542690598,0,0,0,0
1680679616544603332,0,0,0,0
1680679616546531478,0,0,0,0
1680679616548528305,0,0,0,0
1680679616550445827,0,0,0,0
1680679616552399438,0,0,0,0
1680679616554262464,0,0,0,0
1680679616556237763,0,0,0,0
1680679616558092849,0,0,0,0
1680679616559968859,0,0,0,0
1680679616561796845,0,0,0,0
1680679616563675915,0,0,0,0
1680679616565534726,0,0,0,0
1680679616567403908,0,0,0,0
1680679616569353340,0,0,0,0
1680679616571233100,0,0,0,0
1680679616573004124,0,0,0,0
1680679616574809340,0,0,0,0
1680679616576692955,0,0,0,0
1680679616578567476,0,0,0,0
1680679616580501391,0,0,0,0
1680679616582435085,0,0,0,0
1680679616584340824,0,0,0,0
1680679616586259770,0,0,0,0
1680679616588204437,0,0,0,0
1680679616590092494,0,0,0,0
1680679616591998837,0,0,0,0
1680679616593937456,0,0,0,0
1680679616595840490,0,0,0,0
1680679616597757480,0,0,0,0
1680679616599682851,0,0,0,0
1680679616601658973,0,0,0,0
1680679616603647196,0,0,0,0
1680679616605553554,0,0,0,0
1680679616607481433,0,0,0,0
1680679616609594768,0,0,0,0
1680679616611602667,0,0,0,0
1680679616613624752,0,0,0,0
1680679616615708439,0,0,0,0
1680679616617716955,0,0,0,0
1680679616619732617,0,0,0,0
1680679616621513935,0,0,0,0
1680679616623422265,0,0,0,0
1680679616625263311,0,0,0,0
1680679616627084058,0,0,0,0
1680679616628913658,0,0,0,0
1680679616630819550,0,0,0,0
1680679616632674580,0,0,0,0
1680679616634690587,0,0,0,0
1680679616636663803,0,0,0,0
1680679616638579631,0,0,0,0
1680679616640522207,0,0,0,0
1680679616642413868,0,0,0,0
1680679616644336961,0,0,0,0
1680679616646162000,0,0,0,0
1680679616648125294,0,0,0,0
1680679616650060080,0,0,0,0
1680679616651978220,0,0,0,0
1680679616653828313,0,0,0,0
1680679616655892729,0,0,0,0
1680679616657913148,0,0,0,0
1680679616659801552,0,0,0,0
1680679616661755119,0,0,0,0
1680679616663729679,0,0,0,0
1680679616665527901,0,0,0,0
1680679616667465838,0,0,0,0
1680679616669332962,0,0,0,0
1680679616671096459,0,0,0,0
1680679616672822089,0,0,0,0
1680679616674720756,0,0,0,0
1680679616676596202,0,0,0,0
1680679616678554333,0,0,0,0
1680679616680475091,0,0,0,0
1680679616682450221,0,0,0,0
1680679616684344647,0,0,0,0
1680679616686252026,0,0,0,0
1680679616688095974,0,0,0,0
1680679616689940950,0,0,0,0
1680679616691875820,0,0,0,0
1680679616693803314,0,0,0,0
1680679616695805485,0,0,0,0
1680679616697707365,0,0,0,0
1680679616699673857,0,0,0,0
1680679616701460880,0,0,0,0
1680679616703364544,0,0,0,0
1680679616705186781,0,0,0,0
1680679616707050756,0,0,0,0
1680679616708888024,0,0,0,0
1680679616710741689,0,0,0,0
1680679616712510782,0,0,0,0
1680679616714332519,0,0,0,0
1680679616716205009,0,0,0,0
1680679616718091277,0,0,0,0
1680679616719907884,0,0,0,0
1680679616721807298,0,0,0,0
1680679616723951105,0,0,0,0
1680679616726070534,0,0,0,0
1680679616727892878,0,0,0,0
1680679616729902685,0,0,0,0
1680679616732014925,0,0,0,0
1680679616733943068,0,0,0,0
1680679616735844582,0,0,0,0
1680679616737646520,0,0,0,0
1680679616740172721,0,0,0,0
1680679616742297332,0,0,0,0
1680679616744377862,0,0,0,0
1680679616746830703,0,0,0,0
1680679616748995186,0,0,0,0
1680679616751073524,0,0,0,0
1680679616752944799,0,0,0,0
1680679616754823102,0,0,0,0
1680679616756707714,0,0,0,0
1680679616758586182,0,0,0,0
1680679616760424798,0,0,0,0
1680679616762242374,0,0,0,0
1680679616764152427,0,0,0,0
1680679616765997712,0,0,0,0
1680679616767983851,0,0,0,0
1680679616769926796,0,0,0,0
1680679616771878326,0,0,0,0
1680679616773642190,0,0,0,0
1680679616775419771,0,0,0,0
1680679616777142046,0,0,0,0
1680679616778867469,0,0,0,0
1680679616780637338,0,0,0,0
1680679616782433173,0,0,0,0
1680679616784391079,0,0,0,0
1680679616786351704,0,0,0,0
1680679616788210173,0,0,0,0
1680679616790225793,0,0,0,0
1680679616792086212,0,0,0,0
1680679616793935947,0,0,0,0
1680679616795886109,0,0,0,0
1680679616797631599,0,0,0,0
1680679616799313066,0,0,0,0
1680679616800998861,0,0,0,0
1680679616802722624,0,0,0,0
1680679616804484008,0,0,0,0
1680679616806313932,0,0,0,0
1680679616808263751,0,0,0,0
1680679616810369905,0,0,0,0
1680679616812436380,0,0,0,0
1680679616814364677,0,0,0,0
1680679616816371661,0,0,0,0
1680679616818256458,0,0,0,0
1680679616820121866,0,0,0,0
1680679616822003069,0,0,0,0
1680679616824725133,0,0,0,0
1680679616826597884,0,0,0,0
1680679616828556879,0,0,0,0
1680679616830479368,0,0,0,0
1680679616832414437,0,0,0,0
1680679616834354161,0,0,0,0
1680679616836470798,0,0,0,0
1680679616838400256,0,0,0,0
1680679616840307070,0,0,0,0
1680679616842187099,0,0,0,0
1680679616844087593,0,0,0,0
1680679616845970574,0,0,0,0
1680679616847932494,0,0,0,0
1680679616849909669,0,0,0,0
1680679616851842936,0,0,0,0
1680679616853723873,0,0,0,0
1680679616855646733,0,0,0,0
1680679616857530393,0,0,0,0
1680679616859480195,0,0,0,0
1680679616861426270,0,0,0,0
1680679616863358942,0,0,0,0
1680679616865296570,0,0,0,0
1680679616867258767,0,0,0,0
1680679616869171571,0,0,0,0
1680679616871049171,0,0,0,0
1680679616872954446,0,0,0,0
1680679616875910660,0,0,0,0
1680679616877815835,0,0,0,0
1680679616879926724,0,0,0,0
1680679616951728890,0,0,0,0
1680679617021810982,0,0,0,0
1680679617023790313,0,0,0,0
1680679617025746804,0,0,0,0
1680679617027695972,0,0,0,0
1680679617029635859,0,0,0,0
1680679617031618295,0,0,0,0
1680679617033521816,0,0,0,0
1680679617035380080,0,0,0,0
1680679617037188586,0,0,0,0
1680679617038933935,0,0,0,0
1680679617040800888,0,0,0,0
1680679617042602680,0,0,0,0
1680679617044519478,0,0,0,0
1680679617046365728,0,0,0,0
1680679617048302186,0,0,0,0
1680679617050251425,0,0,0,0
1680679617052094447,0,0,0,0
1680679617054030667,0,0,0,0
1680679617055970126,0,0,0,0
1680679617057778686,0,0,0,0
1680679617059646838,0,0,0,0
1680679617061399710,0,0,0,0
1680679617063251836,0,0,0,0
1680679617065099886,0,0,0,0
1680679617066930101,0,0,0,0
1680679617068824878,0,0,0,0
1680679617070760129,0,0,0,0
1680679617072664569,0,0,0,0
1680679617074688722,0,0,0,0
1680679617076709033,0,0,0,0
1680679617078572999,0,0,0,0
1680679617080503555,0,0,0,0
1680679617082306727,0,0,0,0
1680679617084202629,0,0,0,0
1680679617086117124,0,0,0,0
1680679617088089255,0,0,0,0
1680679617089969977,0,0,0,0
1680679617091879420,0,0,0,0
1680679617093849706,0,0,0,0
1680679617095857633,0,0,0,0
1680679617097722114,0,0,0,0
1680679617099544600,0,0,0,0
1680679617101373843,0,0,0,0
1680679617103164663,0,0,0,0
1680679617104971942,0,0,0,0
1680679617106898177,0,0,0,0
1680679617108841962,0,0,0,0
1680679617110952991,0,0,0,0
1680679617112816857,0,0,0,0
1680679617114728743,0,0,0,0
1680679617116659390,0,0,0,0
1680679617118479174,0,0,0,0
1680679617120417486,0,0,0,0
1680679617122266014,0,0,0,0
1680679617124060614,0,0,0,0
1680679617125997681,0,0,0,0
1680679617127909575,0,0,0,0
1680679617129898114,0,0,0,0
1680679617131825024,0,0,0,0
1680679617133817434,0,0,0,0
1680679617135791473,0,0,0,0
1680679617137809860,0,0,0,0
1680679617139679122,0,0,0,0
1680679617141543484,0,0,0,0
1680679617143507735,0,0,0,0
1680679617145300263,0,0,0,0
1680679617147154875,0,0,0,0
1680679617149072335,0,0,0,0
1680679617151056448,0,0,0,0
1680679617152955468,0,0,0,0
1680679617154894917,0,0,0,0
1680679617156900983,0,0,0,0
1680679617158825870,0,0,0,0
1680679617160770207,0,0,0,0
1680679617162529039,0,0,0,0
1680679617164280099,0,0,0,0
1680679617166152394,0,0,0,0
1680679617168151804,0,0,0,0
1680679617170167145,0,0,0,0
1680679617172174245,0,0,0,0
1680679617174084296,0,0,0,0
1680679617176033512,0,0,0,0
1680679617177943164,0,0,0,0
1680679617179898167,0,0,0,0
1680679617181718493,0,0,0,0
1680679617183678599,0,0,0,0
1680679617185541678,0,0,0,0
1680679617187516317,0,0,0,0
1680679617189382414,0,0,0,0
1680679617191210493,0,0,0,0
1680679617193068088,0,0,0,0
1680679617194872893,0,0,0,0
1680679617196802973,0,0,0,0
1680679617198749133,0,0,0,0
1680679617200660719,0,0,0,0
1680679617202610571,0,0,0,0
1680679617204509452,0,0,0,0
1680679617206421635,0,0,0,0
1680679617208349305,0,0,0,0
1680679617210399345,0,0,0,0
1680679617212260710,0,0,0,0
1680679617214156029,0,0,0,0
1680679617216213967,0,0,0,0
1680679617218062337,0,0,0,0
1680679617219996388,0,0,0,0
1680679617221890037,0,0,0,0
1680679617223837165,0,0,0,0
1680679617225817848,0,0,0,0
1680679617227708670,0,0,0,0
1680679617229684496,0,0,0,0
1680679617231675275,0,0,0,0
1680679617233566801,0,0,0,0
1680679617235587300,0,0,0,0
1680679617237401806,0,0,0,0
1680679617239229512,0,0,0,0
1680679617240998330,0,0,0,0
1680679617242922184,0,0,0,0
1680679617244805471,0,0,0,0
1680679617246757977,0,0,0,0
1680679617248675552,0,0,0,0
1680679617250560725,0,0,0,0
1680679617252474811,0,0,0,0
1680679617254401279,0,0,0,0
1680679617256442029,0,0,0,0
1680679617258298345,0,0,0,0
1680679617260188449,0,0,0,0
1680679617262084423,0,0,0,0
1680679617264029158,0,0,0,0
1680679617265894396,0,0,0,0
1680679617267706042,0,0,0,0
1680679617269601829,0,0,0,0
1680679617271735460,0,0,0,0
1680679617273683627,0,0,0,0
1680679617275550433,0,0,0,0
1680679617277585247,0,0,0,0
1680679617279576010,0,0,0,0
1680679617281430294,0,0,0,0
1680679617283242942,0,0,0,0
1680679617285088754,0,0,0,0
1680679617286946606,0,0,0,0
1680679617288809059,0,0,0,0
1680679617290775927,0,0,0,0
1680679617292653030,0,0,0,0
1680679617294551036,0,0,0,0
1680679617296451917,0,0,0,0
1680679617298417709,0,0,0,0
1680679617300284299,0,0,0,0
1680679617302231786,0,0,0,0
1680679617304068331,0,0,0,0
1680679617306017229,0,0,0,0
1680679617307906676,0,0,0,0
1680679617309846362,0,0,0,0
1680679617311746097,0,0,0,0
1680679617313626514,0,0,0,0
1680679617315598230,0,0,0,0
1680679617317526768,0,0,0,0
1680679617319457052,0,0,0,0
1680679617321251216,0,0,0,0
1680679617323046062,0,0,0,0
1680679617324940439,0,0,0,0
1680679617326856665,0,0,0,0
1680679617328813277,0,0,0,0
1680679617330749066,0,0,0,0
1680679617332693666,0,0,0,0
1680679617334616389,0,0,0,0
1680679617336522255,0,0,0,0
1680679617338342901,0,0,0,0
1680679617340196267,0,0,0,0
1680679617342182685,0,0,0,0
1680679617344067122,0,0,0,0
1680679617346043289,0,0,0,0
1680679617348015377,0,0,0,0
1680679617349940355,0,0,0,0
1680679617351918903,0,0,0,0
1680679617353723989,0,0,0,0
1680679617355606948,0,0,0,0
1680679617357415425,0,0,0,0
1680679617359284262,0,0,0,0
1680679617361071104,0,0,0,0
1680679617362986298,0,0,0,0
1680679617364850714,0,0,0,0
1680679617366669257,0,0,0,0
1680679617368561269,0,0,0,0
1680679617370628588,0,0,0,0
1680679617372506558,0,0,0,0
1680679617374481543,0,0,0,0
1680679617376387347,0,0,0,0
1680679617378375030,0,0,0,0
1680679617380276236,0,0,0,0
1680679617382195248,0,0,0,0
1680679617384179368,0,0,0,0
1680679617386037015,0,0,0,0
1680679617387963769,0,0,0,0
1680679617389848101,0,0,0,0
1680679617391805214,0,0,0,0
1680679617393698508,0,0,0,0
1680679617395623086,0,0,0,0
1680679617397646909,0,0,0,0
1680679617399554468,0,0,0,0
1680679617401449186,0,0,0,0
1680679617403359170,0,0,0,0
1680679617405149059,0,0,0,0
1680679617407071456,0,0,0,0
1680679617408807590,0,0,0,0
1680679617410764256,0,0,0,0
1680679617412625627,0,0,0,0
1680679617414537678,0,0,0,0
1680679617416580584,0,0,0,0
1680679617418493842,0,0,0,0
1680679617420406073,0,0,0,0
1680679617422347960,0,0,0,0
1680679617424321042,0,0,0,0
1680679617426249488,0,0,0,0
1680679617428127334,0,0,0,0
1680679617430028580,0,0,0,0
1680679617431891267,0,0,0,0
1680679617433825125,0,0,0,0
1680679617435681401,0,0,0,0
1680679617437588485,0,0,0,0
1680679617439502488,0,0,0,0
1680679617441582364,0,0,0,0
1680679617443497434,0,0,0,0
1680679617445388056,0,0,0,0
1680679617447278222,0,0,0,0
1680679617449074228,0,0,0,0
1680679617450855711,0,0,0,0
1680679617452682480,0,0,0,0
1680679617454599751,0,0,0,0
1680679617456503308,0,0,0,0
1680679617458422179,0,0,0,0
1680679617460385434,0,0,0,0
1680679617462257676,0,0,0,0
1680679617464188082,0,0,0,0
1680679617466112209,0,0,0,0
1680679617468083407,0,0,0,0
1680679617470025494,0,0,0,0
1680679617471904484,0,0,0,0
1680679617473712192,0,0,0,0
1680679617475519636,0,0,0,0
1680679617477373478,0,0,0,0
1680679617479274509,0,0,0,0
1680679617481111070,0,0,0,0
1680679617483071803,0,0,0,0
1680679617484928629,0,0,0,0
1680679617486841189,0,0,0,0
1680679617488765696,0,0,0,0
1680679617490765303,0,0,0,0
1680679617492637248,0,0,0,0
1680679617494611355,0,0,0,0
1680679617496471970,0,0,0,0
1680679617498388527,0,0,0,0
1680679617500287892,0,0,0,0
1680679617502140680,0,0,0,0
1680679617504081853,0,0,0,0
1680679617506075353,0,0,0,0
1680679617508029924,0,0,0,0
1680679617509964454,0,0,0,0
1680679617511941232,0,0,0,0
1680679617513741363,0,0,0,0
1680679617515682677,0,0,0,0
1680679617517592218,0,0,0,0
1680679617519538904,0,0,0,0
1680679617521374750,0,0,0,0
1680679617523336799,0,0,0,0
1680679617525175565,0,0,0,0
1680679617527158123,0,0,0,0
1680679617529044676,0,0,0,0
1680679617531020156,0,0,0,0
1680679617532808048,0,0,0,0
1680679617534701909,0,0,0,0
1680679617536478719,0,0,0,0
1680679617538396720,0,0,0,0
1680679617540227966,0,0,0,0
1680679617542215074,0,0,0,0
1680679617544090948,0,0,0,0
1680679617546058492,0,0,0,0
1680679617547941519,0,0,0,0
1680679617549928238,0,0,0,0
1680679617551889054,0,0,0,0
1680679617553833540,0,0,0,0
1680679617555689566,0,0,0,0
1680679617557622048,0,0,0,0
1680679617559569704,0,0,0,0
1680679617561351833,0,0,0,0
1680679617563148870,0,0,0,0
1680679617565002393,0,0,0,0
1680679617566987975,0,0,0,0
1680679617568863227,0,0,0,0
1680679617570773003,0,0,0,0
1680679617572742871,0,0,0,0
1680679617574530172,0,0,0,0
1680679617576476013,0,0,0,0
1680679617578389621,0,0,0,0
1680679617580255485,0,0,0,0
1680679617582091686,0,0,0,0
1680679617584042798,0,0,0,0
1680679617585955338,0,0,0,0
1680679617587860925,0,0,0,0
1680679617589903619,0,0,0,0
1680679617591848562,0,0,0,0
1680679617593816472,0,0,0,0
1680679617595617252,0,0,0,0
1680679617597400688,0,0,0,0
1680679617599257914,0,0,0,0
1680679617601068674,0,0,0,0
1680679617603008263,0,0,0,0
1680679617604853849,0,0,0,0
1680679617606802741,0,0,0,0
1680679617608711387,0,0,0,0
1680679617610621799,0,0,0,0
1680679617612627315,0,0,0,0
1680679617614550732,0,0,0,0
1680679617616493308,0,0,0,0
1680679617618442602,0,0,0,0
1680679617620303540,0,0,0,0
1680679617622167658,0,0,0,0
1680679617624017552,0,0,0,0
1680679617625953999,0,0,0,0
1680679617627943255,0,0,0,0
1680679617629858844,0,0,0,0
1680679617631872079,0,0,0,0
1680679617633771832,0,0,0,0
1680679617635726383,0,0,0,0
1680679617637670798,0,0,0,0
1680679617639618084,0,0,0,0
1680679617641397003,0,0,0,0
1680679617643193756,0,0,0,0
1680679617645017807,0,0,0,0
1680679617646872900,0,0,0,0
1680679617648804713,0,0,0,0
1680679617650724017,0,0,0,0
1680679617652631573,0,0,0,0
1680679617654655254,0,0,0,0
1680679617656534920,0,0,0,0
1680679617658449640,0,0,0,0
1680679617660263888,0,0,0,0
1680679617662067531,0,0,0,0
1680679617663977005,0,0,0,0
1680679617665834219,0,0,0,0
1680679617667792090,0,0,0,0
1680679617669771732,0,0,0,0
1680679617671773669,0,0,0,0
1680679617673689701,0,0,0,0
1680679617675685488,0,0,0,0
1680679617677554930,0,0,0,0
1680679617679358222,0,0,0,0
1680679617681120890,0,0,0,0
1680679617682997981,0,0,0,0
1680679617684811306,0,0,0,0
1680679617686606240,0,0,0,0
1680679617688577173,0,0,0,0
1680679617690565626,0,0,0,0
1680679617692541851,0,0,0,0
1680679617694543207,0,0,0,0
1680679617696469277,0,0,0,0
1680679617698488291,0,0,0,0
1680679617700427502,0,0,0,0
1680679617702313345,0,0,0,0
1680679617704279135,0,0,0,0
1680679617706154341,0,0,0,0
1680679617708005464,0,0,0,0
1680679617709960998,0,0,0,0
1680679617711920642,0,0,0,0
1680679617713866022,0,0,0,0
1680679617715750728,0,0,0,0
1680679617717687751,0,0,0,0
1680679617719645581,0,0,0,0
1680679617721615217,0,0,0,0
1680679617723509499,0,0,0,0
1680679617725408181,0,0,0,0
1680679617727265751,0,0,0,0
1680679617729122782,0,0,0,0
1680679617730888999,0,0,0,0
1680679617732807912,0,0,0,0
1680679617734756418,0,0,0,0
1680679617736619834,0,0,0,0
1680679617738544329,0,0,0,0
1680679617740353131,0,0,0,0
1680679617742134068,0,0,0,0
1680679617744080403,0,0,0,0
1680679617745998349,0,0,0,0
1680679617747972535,0,0,0,0
1680679617749918590,0,0,0,0
1680679617751913229,0,0,0,0
1680679617753777495,0,0,0,0
1680679617755682509,0,0,0,0
1680679617757538975,0,0,0,0
1680679617759484378,0,0,0,0
1680679617761339212,0,0,0,0
1680679617763218566,0,0,0,0
1680679617765045386,0,0,0,0
1680679617767016747,0,0,0,0
1680679617768864744,0,0,0,0
1680679617770830063,0,0,0,0
1680679617772758237,0,0,0,0
1680679617774621212,0,0,0,0
1680679617776585179,0,0,0,0
1680679617778533541,0,0,0,0
1680679617780362354,0,0,0,0
1680679617782178189,0,0,0,0
1680679617784107023,0,0,0,0
1680679617786010321,0,0,0,0
1680679617787953854,0,0,0,0
1680679617789904019,0,0,0,0
1680679617791951990,0,0,0,0
1680679617793770912,0,0,0,0
1680679617795706502,0,0,0,0
1680679617797566252,0,0,0,0
1680679617799397982,0,0,0,0
1680679617801256457,0,0,0,0
1680679617803047063,0,0,0,0
1680679617804811744,0,0,0,0
1680679617806708811,0,0,0,0
1680679617808541083,0,0,0,0
1680679617810596884,0,0,0,0
1680679617812553818,0,0,0,0
1680679617814459248,0,0,0,0
1680679617816411062,0,0,0,0
1680679617818316677,0,0,0,0
1680679617820166841,0,0,0,0
1680679617822071477,0,0,0,0
1680679617824054828,0,0,0,0
1680679617826037103,0,0,0,0
1680679617827940457,0,0,0,0
1680679617829955067,0,0,0,0
1680679617831934434,0,0,0,0
1680679617833841287,0,0,0,0
1680679617835760751,0,0,0,0
1680679617837584981,0,0,0,0
1680679617839351405,0,0,0,0
1680679617841149311,0,0,0,0
1680679617842974143,0,0,0,0
1680679617844881101,0,0,0,0
1680679617846797632,0,0,0,0
1680679617848713029,0,0,0,0
1680679617850672808,0,0,0,0
1680679617852664403,0,0,0,0
1680679617854526789,0,0,0,0
1680679617856422116,0,0,0,0
1680679617858415142,0,0,0,0
1680679617860339133,0,0,0,0
1680679617862215395,0,0,0,0
1680679617864083109,0,0,0,0
1680679617865982667,0,0,0,0
1680679617867937378,0,0,0,0
1680679617869847700,0,0,0,0
1680679617871878619,0,0,0,0
1680679617873862293,0,0,0,0
1680679617875761428,0,0,0,0
1680679617877718880,0,0,0,0
1680679617879579332,0,0,0,0
1680679617881345479,0,0,0,0
1680679617883178709,0,0,0,0
1680679617884960911,0,0,0,0
1680679617886921985,0,0,0,0
1680679617888806317,0,0,0,0
1680679617890712949,0,0,0,0
1680679617892703552,0,0,0,0
1680679617894698702,0,0,0,0
1680679617896614409,0,0,0,0
1680679617898641755,0,0,0,0
1680679617900507878,0,0,0,0
1680679617902469308,0,0,0,0
1680679617904340154,0,0,0,0
1680679617906206667,0,0,0,0
1680679617908108455,0,0,0,0
1680679617910047742,0,0,0,0
1680679617911995720,0,0,0,0
1680679617913966391,0,0,0,0
1680679617915860853,0,0,0,0
1680679617917907148,0,0,0,0
1680679617919776930,0,0,0,0
1680679617921578608,0,0,0,0
1680679617923520814,0,0,0,0
1680679617925329504,0,0,0,0
1680679617927142044,0,0,0,0
1680679617929042565,0,0,0,0
1680679617931021143,0,0,0,0
1680679617932943378,0,0,0,0
1680679617934874235,0,0,0,0
1680679617936809878,0,0,0,0
1680679617938746329,0,0,0,0
1680679617940635055,0,0,0,0
1680679617942555381,0,0,0,0
1680679617944454975,0,0,0,0
1680679617946331274,0,0,0,0
1680679617948148824,0,0,0,0
1680679617950121358,0,0,0,0
1680679617952048232,0,0,0,0
1680679617954009293,0,0,0,0
1680679617955926899,0,0,0,0
1680679617957943426,0,0,0,0
1680679617959826746,0,0,0,0
1680679617961808511,0,0,0,0
1680679617963702195,0,0,0,0
1680679617965505331,0,0,0,0
1680679617967424399,0,0,0,0
1680679617969191082,0,0,0,0
1680679617971033736,0,0,0,0
1680679617972939356,0,0,0,0
1680679617974844794,0,0,0,0
1680679617976741566,0,0,0,0
1680679617978691317,0,0,0,0
1680679617980631752,0,0,0,0
1680679617982491693,0,0,0,0
1680679617984405900,0,0,0,0
1680679617986245666,0,0,0,0
1680679617988097366,0,0,0,0
1680679617990016598,0,0,0,0
1680679617991869424,0,0,0,0
1680679617993819727,0,0,0,0
1680679617995728237,0,0,0,0
1680679617997622964,0,0,0,0
1680679617999618626,0,0,0,0
1680679618001520236,0,0,0,0
1680679618003448791,0,0,0,0
1680679618005265875,0,0,0,0
1680679618007110320,0,0,0,0
1680679618008863329,0,0,0,0
1680679618010826136,0,0,0,0
1680679618012737138,0,0,0,0
1680679618014661681,0,0,0,0
1680679618016549267,0,0,0,0
1680679618018539371,0,0,0,0
1680679618020366504,0,0,0,0
1680679618022218072,0,0,0,0
1680679618024085718,0,0,0,0
1680679618026034567,0,0,0,0
1680679618027847480,0,0,0,0
1680679618029670436,0,0,0,0
1680679618031558488,0,0,0,0
1680679618033319197,0,0,0,0
1680679618035057402,0,0,0,0
1680679618037053563,0,0,0,0
1680679618038894005,0,0,0,0
1680679618040797713,0,0,0,0
1680679618042621084,0,0,0,0
1680679618044389589,0,0,0,0
1680679618046150152,0,0,0,0
1680679618047886881,0,0,0,0
1680679618049611994,0,0,0,0
1680679618051397035,0,0,0,0
1680679618053172654,0,0,0,0
1680679618055244580,0,0,0,0
1680679618057171046,0,0,0,0
1680679618059058374,0,0,0,0
1680679618060812425,0,0,0,0
1680679618062631608,0,0,0,0
1680679618064463352,0,0,0,0
1680679618066250351,0,0,0,0
1680679618068017884,0,0,0,0
1680679618070061209,0,0,0,0
1680679618071904324,0,0,0,0
1680679618073781012,0,0,0,0
1680679618075750071,0,0,0,0
1680679618077708502,0,0,0,0
1680679618079611088,0,0,0,0
1680679618081426895,0,0,0,0
1680679618083191258,0,0,0,0
1680679618085072430,0,0,0,0
1680679618086792128,0,0,0,0
1680679618088520441,0,0,0,0
1680679618090359534,0,0,0,0
1680679618092155165,0,0,0,0
1680679618093976710,0,0,0,0
1680679618095892256,0,0,0,0
1680679618097785983,0,0,0,0
1680679618099629975,0,0,0,0
1680679618101409138,0,0,0,0
1680679618103244426,0,0,0,0
1680679618105081628,0,0,0,0
1680679618106862239,0,0,0,0
1680679618108731812,0,0,0,0
1680679618110684757,0,0,0,0
1680679618112528299,0,0,0,0
1680679618114474914,0,0,0,0
1680679618116282832,0,0,0,0
1680679618118123650,0,0,0,0
1680679618120050351,0,0,0,0
1680679618121926752,0,0,0,0
1680679618123866461,0,0,0,0
1680679618125627208,0,0,0,0
1680679618127340046,0,0,0,0
1680679618129059875,0,0,0,0
1680679618130968905,0,0,0,0
1680679618132799337,0,0,0,0
1680679618134866079,0,0,0,0
1680679618136684056,0,0,0,0
1680679618138652912,0,0,0,0
1680679618140681605,0,0,0,0
1680679618142572166,0,0,0,0
1680679618144489984,0,0,0,0
1680679618146362731,0,0,0,0
1680679618148237140,0,0,0,0
1680679618150114345,0,0,0,0
1680679618152058598,0,0,0,0
1680679618154287807,0,0,0,0
1680679618156197389,0,0,0,0
1680679618158170372,0,0,0,0
1680679618160094182,0,0,0,0
1680679618162031969,0,0,0,0
1680679618163932524,0,0,0,0
1680679618165839348,0,0,0,0
1680679618167738014,0,0,0,0
1680679618169607836,0,0,0,0
1680679618171548723,0,0,0,0
1680679618173499446,0,0,0,0
1680679618175420777,0,0,0,0
1680679618177356876,0,0,0,0
1680679618179316490,0,0,0,0
1680679618181252596,0,0,0,0
1680679618183201579,0,0,0,0
1680679618185093615,0,0,0,0
1680679618187885859,0,0,0,0
1680679618189928335,0,0,0,0
1680679618191839467,0,0,0,0
1680679618193754598,0,0,0,0
1680679618195707704,0,0,0,0
1680679618197650546,0,0,0,0
1680679618199608589,0,0,0,0
1680679618201542336,0,0,0,0
1680679618203501890,0,0,0,0
1680679618205396119,0,0,0,0
1680679618207288800,0,0,0,0
1680679618209339902,0,0,0,0
1680679618281660791,0,0,0,0
1680679618354291192,0,0,0,0
1680679618356262554,0,0,0,0
1680679618358215507,0,0,0,0
1680679618360203913,0,0,0,0
1680679618362161800,0,0,0,0
1680679618364157000,0,0,0,0
1680679618366080646,0,0,0,0
1680679618367906292,0,0,0,0
1680679618369826018,0,0,0,0
1680679618371749079,0,0,0,0
1680679618373591285,0,0,0,0
1680679618375551886,0,0,0,0
1680679618377357910,0,0,0,0
1680679618379229362,0,0,0,0
1680679618381060608,0,0,0,0
1680679618383014463,0,0,0,0
1680679618384862837,0,0,0,0
1680679618386685655,0,0,0,0
1680679618388512581,0,0,0,0
1680679618390329659,0,0,0,0
1680679618392224198,0,0,0,0
1680679618393996085,0,0,0,0
1680679618395744653,0,0,0,0
1680679618397585232,0,0,0,0
1680679618399613377,0,0,0,0
1680679618401428606,0,0,0,0
1680679618403197049,0,0,0,0
1680679618405007911,0,0,0,0
1680679618406903763,0,0,0,0
1680679618408788115,0,0,0,0
1680679618410575448,0,0,0,0
1680679618412512421,0,0,0,0
1680679618414349562,0,0,0,0
1680679618416255725,0,0,0,0
1680679618418067487,0,0,0,0
1680679618419946792,0,0,0,0
1680679618421914511,0,0,0,0
1680679618423847385,0,0,0,0
1680679618425663691,0,0,0,0
1680679618427580703,0,0,0,0
1680679618429389817,0,0,0,0
1680679618431270143,0,0,0,0
1680679618433128563,0,0,0,0
1680679618434879986,0,0,0,0
1680679618436630476,0,0,0,0
1680679618438538533,0,0,0,0
1680679618440446462,0,0,0,0
1680679618442306419,0,0,0,0
1680679618444225932,0,0,0,0
1680679618446073766,0,0,0,0
1680679618447907326,0,0,0,0
1680679618449865840,0,0,0,0
1680679618451762877,0,0,0,0
1680679618453512165,0,0,0,0
1680679618455379823,0,0,0,0
1680679618457199453,0,0,0,0
1680679618459075695,0,0,0,0
1680679618460930757,0,0,0,0
1680679618462831976,0,0,0,0
1680679618464742793,0,0,0,0
1680679618466629884,0,0,0,0
1680679618468532166,0,0,0,0
1680679618470497988,0,0,0,0
1680679618472373173,0,0,0,0
1680679618474320692,0,0,0,0
1680679618476162067,0,0,0,0
1680679618478086524,0,0,0,0
1680679618480050073,0,0,0,0
1680679618481935790,0,0,0,0
1680679618483891337,0,0,0,0
1680679618485769611,0,0,0,0
1680679618487740849,0,0,0,0
1680679618489643988,0,0,0,0
1680679618491575369,0,0,0,0
1680679618493397243,0,0,0,0
1680679618495304035,0,0,0,0
1680679618497111335,0,0,0,0
1680679618498999039,0,0,0,0
1680679618500811145,0,0,0,0
1680679618502710735,0,0,0,0
1680679618504547723,0,0,0,0
1680679618506303436,0,0,0,0
1680679618508182957,0,0,0,0
1680679618510095612,0,0,0,0
1680679618512051526,0,0,0,0
1680679618513926345,0,0,0,0
1680679618515836444,0,0,0,0
1680679618517685990,0,0,0,0
1680679618519675712,0,0,0,0
1680679618521518758,0,0,0,0
1680679618523477517,0,0,0,0
1680679618525329183,0,0,0,0
1680679618527179957,0,0,0,0
1680679618529031179,0,0,0,0
1680679618530992334,0,0,0,0
1680679618532860326,0,0,0,0
1680679618534749798,0,0,0,0
1680679618536614740,0,0,0,0
1680679618538485278,0,0,0,0
1680679618540443479,0,0,0,0
1680679618542310659,0,0,0,0
1680679618544231841,0,0,0,0
1680679618546089132,0,0,0,0
1680679618547999370,0,0,0,0
1680679618549910588,0,0,0,0
1680679618551884459,0,0,0,0
1680679618553798515,0,0,0,0
1680679618555718751,0,0,0,0
1680679618557535055,0,0,0,0
1680679618559570944,0,0,0,0
1680679618561367402,0,0,0,0
1680679618563177432,0,0,0,0
1680679618565014527,0,0,0,0
1680679618566970201,0,0,0,0
1680679618568807139,0,0,0,0
1680679618570776234,0,0,0,0
1680679618572709556,0,0,0,0
1680679618574704938,0,0,0,0
1680679618576553585,0,0,0,0
1680679618578425783,0,0,0,0
1680679618580306353,0,0,0,0
1680679618582178644,0,0,0,0
1680679618584123289,0,0,0,0
1680679618586011244,0,0,0,0
1680679618587952843,0,0,0,0
1680679618589835105,0,0,0,0
1680679618591722403,0,0,0,0
1680679618593614375,0,0,0,0
1680679618595499043,0,0,0,0
1680679618597411240,0,0,0,0
1680679618599309232,0,0,0,0
1680679618601108218,0,0,0,0
1680679618603062041,0,0,0,0
1680679618604901677,0,0,0,0
1680679618606751019,0,0,0,0
1680679618608552611,0,0,0,0
1680679618610393029,0,0,0,0
1680679618612233779,0,0,0,0
1680679618614124185,0,0,0,0
1680679618616037092,0,0,0,0
1680679618617970038,0,0,0,0
1680679618619926465,0,0,0,0
1680679618621916255,0,0,0,0
1680679618623810462,0,0,0,0
1680679618625712708,0,0,0,0
1680679618627691063,0,0,0,0
1680679618629538556,0,0,0,0
1680679618631365919,0,0,0,0
1680679618633254577,0,0,0,0
1680679618635040367,0,0,0,0
1680679618636934541,0,0,0,0
1680679618638891140,0,0,0,0
1680679618640809094,0,0,0,0
1680679618642757540,0,0,0,0
1680679618644652145,0,0,0,0
1680679618646566557,0,0,0,0
1680679618648514878,0,0,0,0
1680679618650369306,0,0,0,0
1680679618652261356,0,0,0,0
1680679618654330671,0,0,0,0
1680679618656147209,0,0,0,0
1680679618658075084,0,0,0,0
1680679618660054870,0,0,0,0
1680679618662011970,0,0,0,0
1680679618663849035,0,0,0,0
1680679618665788585,0,0,0,0
1680679618667717547,0,0,0,0
1680679618669589518,0,0,0,0
1680679618671505120,0,0,0,0
1680679618673339962,0,0,0,0
1680679618675110766,0,0,0,0
1680679618676989804,0,0,0,0
1680679618678893909,0,0,0,0
1680679618680754075,0,0,0,0
1680679618682704537,0,0,0,0
1680679618684566888,0,0,0,0
1680679618686511638,0,0,0,0
1680679618688487345,0,0,0,0
1680679618690441103,0,0,0,0
1680679618692336173,0,0,0,0
1680679618694252724,0,0,0,0
1680679618696061901,0,0,0,0
1680679618698004621,0,0,0,0
1680679618699830128,0,0,0,0
1680679618701803236,0,0,0,0
1680679618703761868,0,0,0,0
1680679618705716809,0,0,0,0
1680679618707681240,0,0,0,0
1680679618709585502,0,0,0,0
1680679618711479457,0,0,0,0
1680679618713367387,0,0,0,0
1680679618715077857,0,0,0,0
1680679618716802799,0,0,0,0
1680679618718645856,0,0,0,0
1680679618720463609,0,0,0,0
1680679618722408937,0,0,0,0
1680679618724354095,0,0,0,0
1680679618726258296,0,0,0,0
1680679618728211376,0,0,0,0
1680679618730112335,0,0,0,0
1680679618732072401,0,0,0,0
1680679618733979536,0,0,0,0
1680679618735912073,0,0,0,0
1680679618737857554,0,0,0,0
1680679618739920393,0,0,0,0
1680679618741729981,0,0,0,0
1680679618743610193,0,0,0,0
1680679618745554630,0,0,0,0
1680679618747446271,0,0,0,0
1680679618749313114,0,0,0,0
1680679618751139676,0,0,0,0
1680679618753013390,0,0,0,0
1680679618754961830,0,0,0,0
1680679618756798635,0,0,0,0
1680679618758729453,0,0,0,0
1680679618760620377,0,0,0,0
1680679618762420597,0,0,0,0
1680679618764325707,0,0,0,0
1680679618766237610,0,0,0,0
1680679618768183256,0,0,0,0
1680679618770103806,0,0,0,0
1680679618772122709,0,0,0,0
1680679618774058340,0,0,0,0
1680679618776022958,0,0,0,0
1680679618777890468,0,0,0,0
1680679618779858895,0,0,0,0
1680679618781700661,0,0,0,0
1680679618783649131,0,0,0,0
1680679618785538906,0,0,0,0
1680679618787488784,0,0,0,0
1680679618789303069,0,0,0,0
1680679618791090548,0,0,0,0
1680679618793042215,0,0,0,0
1680679618794929603,0,0,0,0
1680679618796808915,0,0,0,0
1680679618798694486,0,0,0,0
1680679618800569972,0,0,0,0
1680679618802449794,0,0,0,0
1680679618804432969,0,0,0,0
1680679618806262131,0,0,0,0
1680679618808227449,0,0,0,0
1680679618810108899,0,0,0,0
1680679618812072027,0,0,0,0
1680679618814033481,0,0,0,0
1680679618815937940,0,0,0,0
1680679618817795250,0,0,0,0
1680679618819751380,0,0,0,0
1680679618821703339,0,0,0,0
1680679618823574660,0,0,0,0
1680679618825375363,0,0,0,0
1680679618827128936,0,0,0,0
1680679618828917938,0,0,0,0
1680679618830822129,0,0,0,0
1680679618832780974,0,0,0,0
1680679618834789621,0,0,0,0
1680679618836749932,0,0,0,0
1680679618838654499,0,0,0,0
1680679618840641722,0,0,0,0
1680679618842599867,0,0,0,0
1680679618844452526,0,0,0,0
1680679618846419088,0,0,0,0
1680679618848256322,0,0,0,0
1680679618850189645,0,0,0,0
1680679618852013036,0,0,0,0
1680679618853784257,0,0,0,0
1680679618855694843,0,0,0,0
1680679618857525681,0,0,0,0
1680679618859539932,0,0,0,0
1680679618861455933,0,0,0,0
1680679618863186264,0,0,0,0
1680679618864969604,0,0,0,0
1680679618866759721,0,0,0,0
1680679618868549274,0,0,0,0
1680679618870462640,0,0,0,0
1680679618872333966,0,0,0,0
1680679618874295913,0,0,0,0
1680679618876197207,0,0,0,0
1680679618878098274,0,0,0,0
1680679618880015166,0,0,0,0
1680679618881986218,0,0,0,0
1680679618883828624,0,0,0,0
1680679618885765750,0,0,0,0
1680679618887627693,0,0,0,0
1680679618889439066,0,0,0,0
1680679618891183163,0,0,0,0
1680679618893098115,0,0,0,0
1680679618895023682,0,0,0,0
1680679618896882876,0,0,0,0
1680679618898795388,0,0,0,0
1680679618900777136,0,0,0,0
1680679618902685468,0,0,0,0
1680679618904471981,0,0,0,0
1680679618906452884,0,0,0,0
1680679618908373630,0,0,0,0
1680679618910224953,0,0,0,0
1680679618912160814,0,0,0,0
1680679618914082885,0,0,0,0
1680679618916037636,0,0,0,0
1680679618917944692,0,0,0,0
1680679618919883520,0,0,0,0
1680679618921837586,0,0,0,0
1680679618923816831,0,0,0,0
1680679618925659115,0,0,0,0
1680679618927516969,0,0,0,0
1680679618929365988,0,0,0,0
1680679618931161950,0,0,0,0
1680679618933025263,0,0,0,0
1680679618934900746,0,0,0,0
1680679618936799705,0,0,0,0
1680679618938749906,0,0,0,0
1680679618940691327,0,0,0,0
1680679618942682728,0,0,0,0
1680679618944568310,0,0,0,0
1680679618946502701,0,0,0,0
1680679618948435703,0,0,0,0
1680679618950290241,0,0,0,0
1680679618952243645,0,0,0,0
1680679618954136764,0,0,0,0
1680679618956093864,0,0,0,0
1680679618957989055,0,0,0,0
1680679618959901133,0,0,0,0
1680679618961940419,0,0,0,0
1680679618963796489,0,0,0,0
1680679618965694444,0,0,0,0
1680679618967650447,0,0,0,0
1680679618969429088,0,0,0,0
1680679618971325363,0,0,0,0
1680679618973136889,0,0,0,0
1680679618975083383,0,0,0,0
1680679618976931789,0,0,0,0
1680679618978896300,0,0,0,0
1680679618980782264,0,0,0,0
1680679618982573241,0,0,0,0
1680679618984315628,0,0,0,0
1680679618986048574,0,0,0,0
1680679618987776341,0,0,0,0
1680679618989518662,0,0,0,0
1680679618991209780,0,0,0,0
1680679618993038219,0,0,0,0
1680679618994923205,0,0,0,0
1680679618996815880,0,0,0,0
1680679618998781362,0,0,0,0
1680679619000819914,0,0,0,0
1680679619002688893,0,0,0,0
1680679619004583653,0,0,0,0
1680679619006479145,0,0,0,0
1680679619008356254,0,0,0,0
1680679619010292060,0,0,0,0
1680679619012132739,0,0,0,0
1680679619014119633,0,0,0,0
1680679619015946074,0,0,0,0
1680679619017786165,0,0,0,0
1680679619019661468,0,0,0,0
1680679619021648941,0,0,0,0
1680679619023627488,0,0,0,0
1680679619025499850,0,0,0,0
1680679619027376174,0,0,0,0
1680679619029171482,0,0,0,0
1680679619030981154,0,0,0,0
1680679619032812230,0,0,0,0
1680679619034764381,0,0,0,0
1680679619036697451,0,0,0,0
1680679619038542766,0,0,0,0
1680679619040519112,0,0,0,0
1680679619042406366,0,0,0,0
1680679619044298797,0,0,0,0
1680679619046212419,0,0,0,0
1680679619048105249,0,0,0,0
1680679619050066095,0,0,0,0
1680679619051895998,0,0,0,0
1680679619053902304,0,0,0,0
1680679619055705363,0,0,0,0
1680679619057624077,0,0,0,0
1680679619059564363,0,0,0,0
1680679619061514350,0,0,0,0
1680679619063458560,0,0,0,0
1680679619065279322,0,0,0,0
1680679619067085533,0,0,0,0
1680679619068981186,0,0,0,0
1680679619070831621,0,0,0,0
1680679619072758012,0,0,0,0
1680679619074678958,0,0,0,0
1680679619076593243,0,0,0,0
1680679619078470230,0,0,0,0
1680679619080503541,0,0,0,0
1680679619082342397,0,0,0,0
1680679619084273674,0,0,0,0
1680679619086173860,0,0,0,0
1680679619088070998,0,0,0,0
1680679619090035422,0,0,0,0
1680679619091935894,0,0,0,0
1680679619093957361,0,0,0,0
1680679619095803236,0,0,0,0
1680679619097604513,0,0,0,0
1680679619099521400,0,0,0,0
1680679619101433820,0,0,0,0
1680679619103212372,0,0,0,0
1680679619105195935,0,0,0,0
1680679619107121571,0,0,0,0
1680679619108964176,0,0,0,0
1680679619110929202,0,0,0,0
1680679619112856884,0,0,0,0
1680679619114871919,0,0,0,0
1680679619116785034,0,0,0,0
1680679619118589743,0,0,0,0
1680679619120515328,0,0,0,0
1680679619122294722,0,0,0,0
1680679619124140481,0,0,0,0
1680679619126050368,0,0,0,0
1680679619127993779,0,0,0,0
1680679619129904933,0,0,0,0
1680679619131860247,0,0,0,0
1680679619133768393,0,0,0,0
1680679619135762820,0,0,0,0
1680679619137609953,0,0,0,0
1680679619139557830,0,0,0,0
1680679619141352803,0,0,0,0
1680679619143096884,0,0,0,0
1680679619144961038,0,0,0,0
1680679619146808637,0,0,0,0
1680679619148754255,0,0,0,0
1680679619150653546,0,0,0,0
1680679619152630364,0,0,0,0
1680679619154643571,0,0,0,0
1680679619156535529,0,0,0,0
1680679619158513604,0,0,0,0
1680679619160396176,0,0,0,0
1680679619162263822,0,0,0,0
1680679619164230503,0,0,0,0
1680679619166161553,0,0,0,0
1680679619168094260,0,0,0,0
1680679619169958666,0,0,0,0
1680679619171891628,0,0,0,0
1680679619173864866,0,0,0,0
1680679619175752645,0,0,0,0
1680679619177720119,0,0,0,0
1680679619179597965,0,0,0,0
1680679619181552086,0,0,0,0
1680679619183518667,0,0,0,0
1680679619185339357,0,0,0,0
1680679619187107872,0,0,0,0
1680679619188889535,0,0,0,0
1680679619190723127,0,0,0,0
1680679619192617202,0,0,0,0
1680679619194473607,0,0,0,0
1680679619196400123,0,0,0,0
1680679619198238052,0,0,0,0
1680679619200145478,0,0,0,0
1680679619202058967,0,0,0,0
1680679619203994481,0,0,0,0
1680679619205961058,0,0,0,0
1680679619207880996,0,0,0,0
1680679619209718657,0,0,0,0
1680679619211560776,0,0,0,0
1680679619213450110,0,0,0,0
1680679619215287280,0,0,0,0
1680679619217067146,0,0,0,0
1680679619218894370,0,0,0,0
1680679619220786851,0,0,0,0
1680679619222717117,0,0,0,0
1680679619224624636,0,0,0,0
1680679619226613030,0,0,0,0
1680679619228497904,0,0,0,0
1680679619230451396,0,0,0,0
1680679619232247934,0,0,0,0
1680679619234224632,0,0,0,0
1680679619236056369,0,0,0,0
1680679619237979548,0,0,0,0
1680679619239823622,0,0,0,0
1680679619241937257,0,0,0,0
1680679619243866255,0,0,0,0
1680679619245841170,0,0,0,0
1680679619247815704,0,0,0,0
1680679619249731654,0,0,0,0
1680679619251695697,0,0,0,0
1680679619253460725,0,0,0,0
1680679619255457953,0,0,0,0
1680679619257248668,0,0,0,0
1680679619259091058,0,0,0,0
1680679619260902648,0,0,0,0
1680679619262869882,0,0,0,0
1680679619264774108,0,0,0,0
1680679619266683391,0,0,0,0
1680679619268621357,0,0,0,0
1680679619270516987,0,0,0,0
1680679619272470522,0,0,0,0
1680679619274328420,0,0,0,0
1680679619276242075,0,0,0,0
1680679619278167487,0,0,0,0
1680679619280088328,0,0,0,0
1680679619282083827,0,0,0,0
1680679619284037859,0,0,0,0
1680679619285940839,0,0,0,0
1680679619287841772,0,0,0,0
1680679619289685159,0,0,0,0
1680679619291600222,0,0,0,0
1680679619293513884,0,0,0,0
1680679619295521266,0,0,0,0
1680679619297268412,0,0,0,0
1680679619299169842,0,0,0,0
1680679619301154576,0,0,0,0
1680679619302984004,0,0,0,0
1680679619304800737,0,0,0,0
1680679619306752716,0,0,0,0
1680679619308738035,0,0,0,0
1680679619310632914,0,0,0,0
1680679619312479408,0,0,0,0
1680679619314452633,0,0,0,0
1680679619316320379,0,0,0,0
1680679619318249682,0,0,0,0
1680679619320065186,0,0,0,0
1680679619322078818,0,0,0,0
1680679619323900599,0,0,0,0
1680679619325863160,0,0,0,0
1680679619327737326,0,0,0,0
1680679619329673680,0,0,0,0
1680679619331528584,0,0,0,0
1680679619333531196,0,0,0,0
1680679619335544483,0,0,0,0
1680679619337327054,0,0,0,0
1680679619339124711,0,0,0,0
1680679619341024754,0,0,0,0
1680679619342885328,0,0,0,0
1680679619344741022,0,0,0,0
1680679619346655821,0,0,0,0
1680679619348649147,0,0,0,0
1680679619350587942,0,0,0,0
1680679619352554796,0,0,0,0
1680679619354553875,0,0,0,0
1680679619356528341,0,0,0,0
1680679619358384699,0,0,0,0
1680679619360299914,0,0,0,0
1680679619362225248,0,0,0,0
1680679619364081194,0,0,0,0
1680679619366038397,0,0,0,0
1680679619367932671,0,0,0,0
1680679619369900833,0,0,0,0
1680679619371809491,0,0,0,0
1680679619373663518,0,0,0,0
1680679619375648921,0,0,0,0
1680679619377437604,0,0,0,0
1680679619379114724,0,0,0,0
1680679619380818885,0,0,0,0
1680679619382517091,0,0,0,0
1680679619384197938,0,0,0,0
1680679619386050618,0,0,0,0
1680679619387947671,0,0,0,0
1680679619389898156,0,0,0,0
1680679619391627290,0,0,0,0
1680679619393542952,0,0,0,0
1680679619395604386,0,0,0,0
1680679619397360355,0,0,0,0
1680679619399292551,0,0,0,0
1680679619401113523,0,0,0,0
1680679619402985579,0,0,0,0
1680679619404808040,0,0,0,0
1680679619406548755,0,0,0,0
1680679619408324628,0,0,0,0
1680679619410293817,0,0,0,0
1680679619412113666,0,0,0,0
1680679619413993183,0,0,0,0
1680679619415836629,0,0,0,0
1680679619417581804,0,0,0,0
1680679619419333964,0,0,0,0
1680679619421098694,0,0,0,0
1680679619422869718,0,0,0,0
1680679619424583895,0,0,0,0
1680679619426303891,0,0,0,0
1680679619428008890,0,0,0,0
1680679619429725588,0,0,0,0
1680679619431460903,0,0,0,0
1680679619433203354,0,0,0,0
1680679619434982131,0,0,0,0
1680679619436730037,0,0,0,0
1680679619438488135,0,0,0,0
1680679619440235207,0,0,0,0
1680679619442040493,0,0,0,0
1680679619443788035,0,0,0,0
1680679619445525524,0,0,0,0
1680679619447264584,0,0,0,0
1680679619448992146,0,0,0,0
1680679619450718870,0,0,0,0
1680679619452452544,0,0,0,0
1680679619454266739,0,0,0,0
1680679619456045657,0,0,0,0
1680679619457770474,0,0,0,0
1680679619459498108,0,0,0,0
1680679619461252590,0,0,0,0
1680679619463115905,0,0,0,0
1680679619465049365,0,0,0,0
1680679619466921171,0,0,0,0
1680679619468727668,0,0,0,0
1680679619470558740,0,0,0,0
1680679619472409417,0,0,0,0
1680679619474361056,0,0,0,0
1680679619476501111,0,0,0,0
1680679619478358883,0,0,0,0
1680679619480218537,0,0,0,0
1680679619482136119,0,0,0,0
1680679619484007880,0,0,0,0
1680679619485885651,0,0,0,0
1680679619487766629,0,0,0,0
1680679619489679506,0,0,0,0
1680679619491563597,0,0,0,0
1680679619493429546,0,0,0,0
1680679619495274614,0,0,0,0
1680679619497115522,0,0,0,0
1680679619498942285,0,0,0,0
1680679619500796133,0,0,0,0
1680679619502682925,0,0,0,0
1680679619504576047,0,0,0,0
1680679619506466024,0,0,0,0
1680679619508359780,0,0,0,0
1680679619510222724,0,0,0,0
1680679619512110570,0,0,0,0
1680679619514037291,0,0,0,0
1680679619515970045,0,0,0,0
1680679619517842084,0,0,0,0
1680679619519699447,0,0,0,0
1680679619521705263,0,0,0,0
1680679619523542090,0,0,0,0
1680679619525496707,0,0,0,0
1680679619594757806,0,0,0,0
1680679619666733698,0,0,0,0
1680679619668695601,0,0,0,0
1680679619670662480,0,0,0,0
1680679619672602378,0,0,0,0
1680679619674665389,0,0,0,0
1680679619676709553,0,0,0,0
1680679619678447917,0,0,0,0
1680679619680145473,0,0,0,0
1680679619682070769,0,0,0,0
1680679619683912344,0,0,0,0
1680679619685779662,0,0,0,0
1680679619687678976,0,0,0,0
1680679619689559403,0,0,0,0
1680679619691491841,0,0,0,0
1680679619693309507,0,0,0,0
1680679619695241382,0,0,0,0
1680679619697057523,0,0,0,0
1680679619698926629,0,0,0,0
1680679619700776344,0,0,0,0
1680679619702648681,0,0,0,0
1680679619704492576,0,0,0,0
1680679619706377965,0,0,0,0
1680679619708172025,0,0,0,0
1680679619710090862,0,0,0,0
1680679619711986172,0,0,0,0
1680679619713881806,0,0,0,0
1680679619715768652,0,0,0,0
1680679619717652744,0,0,0,0
1680679619719593074,0,0,0,0
1680679619721513844,0,0,0,0
1680679619723376690,0,0,0,0
1680679619725216073,0,0,0,0
1680679619727019767,0,0,0,0
1680679619728805804,0,0,0,0
1680679619730678223,0,0,0,0
1680679619732489469,0,0,0,0
1680679619734485640,0,0,0,0
1680679619736428350,0,0,0,0
1680679619738378256,0,0,0,0
1680679619740153442,0,0,0,0
1680679619741984464,0,0,0,0
1680679619743885559,0,0,0,0
1680679619745672469,0,0,0,0
1680679619747522103,0,0,0,0
1680679619749322573,0,0,0,0
1680679619751123275,0,0,0,0
1680679619752872841,0,0,0,0
1680679619754773375,0,0,0,0
1680679619756648589,0,0,0,0
1680679619758530748,0,0,0,0
1680679619760422218,0,0,0,0
1680679619762413687,0,0,0,0
1680679619764255435,0,0,0,0
1680679619766244613,0,0,0,0
1680679619768097431,0,0,0,0
1680679619770027865,0,0,0,0
1680679619771918916,0,0,0,0
1680679619773884558,0,0,0,0
1680679619775854001,0,0,0,0
1680679619777813060,0,0,0,0
1680679619779694024,0,0,0,0
1680679619781710765,0,0,0,0
1680679619783599770,0,0,0,0
1680679619785532209,0,0,0,0
1680679619787353157,0,0,0,0
1680679619789087181,0,0,0,0
1680679619790918755,0,0,0,0
1680679619792799853,0,0,0,0
1680679619794754974,0,0,0,0
1680679619796667575,0,0,0,0
1680679619798618921,0,0,0,0
1680679619800509913,0,0,0,0
1680679619802543226,0,0,0,0
1680679619804419524,0,0,0,0
1680679619806348534,0,0,0,0
1680679619808159192,0,0,0,0
1680679619810070439,0,0,0,0
1680679619812012189,0,0,0,0
1680679619813915877,0,0,0,0
1680679619815905226,0,0,0,0
1680679619817721260,0,0,0,0
1680679619819598266,0,0,0,0
1680679619821554926,0,0,0,0
1680679619823376422,0,0,0,0
1680679619825277810,0,0,0,0
1680679619827113036,0,0,0,0
1680679619828948417,0,0,0,0
1680679619830926112,0,0,0,0
1680679619832807874,0,0,0,0
1680679619834717788,0,0,0,0
1680679619836691353,0,0,0,0
1680679619838524473,0,0,0,0
1680679619840442364,0,0,0,0
1680679619842495010,0,0,0,0
1680679619844420381,0,0,0,0
1680679619846314035,0,0,0,0
1680679619848272459,0,0,0,0
1680679619850186211,0,0,0,0
1680679619852081802,0,0,0,0
1680679619853962020,0,0,0,0
1680679619855902955,0,0,0,0
1680679619857766453,0,0,0,0
1680679619859630807,0,0,0,0
1680679619861445700,0,0,0,0
1680679619863214235,0,0,0,0
1680679619865081165,0,0,0,0
1680679619866832607,0,0,0,0
1680679619868711773,0,0,0,0
1680679619870604880,0,0,0,0
1680679619872476286,0,0,0,0
1680679619874566617,0,0,0,0
1680679619876537247,0,0,0,0
1680679619878511586,0,0,0,0
1680679619880408704,0,0,0,0
1680679619882387107,0,0,0,0
1680679619884285373,0,0,0,0
1680679619886243491,0,0,0,0
1680679619888115746,0,0,0,0
1680679619890054070,0,0,0,0
1680679619891920004,0,0,0,0
1680679619893886805,0,0,0,0
1680679619895806675,0,0,0,0
1680679619897650381,0,0,0,0
1680679619899560182,0,0,0,0
1680679619901460378,0,0,0,0
1680679619903384240,0,0,0,0
1680679619905229312,0,0,0,0
1680679619907025021,0,0,0,0
1680679619908932173,0,0,0,0
1680679619910752349,0,0,0,0
1680679619912707707,0,0,0,0
1680679619914628865,0,0,0,0
1680679619916588520,0,0,0,0
1680679619918437978,0,0,0,0
1680679619920391949,0,0,0,0
1680679619922307512,0,0,0,0
1680679619924271690,0,0,0,0
1680679619926165730,0,0,0,0
1680679619928106535,0,0,0,0
1680679619930074753,0,0,0,0
1680679619931915749,0,0,0,0
1680679619933839298,0,0,0,0
1680679619935739120,0,0,0,0
1680679619937621282,0,0,0,0
1680679619939553473,0,0,0,0
1680679619941373774,0,0,0,0
1680679619943353669,0,0,0,0
1680679619945217012,0,0,0,0
1680679619947034701,0,0,0,0
1680679619948979735,0,0,0,0
1680679619950950346,0,0,0,0
1680679619952843144,0,0,0,0
1680679619954773147,0,0,0,0
1680679619956799930,0,0,0,0
1680679619958759786,0,0,0,0
1680679619960623846,0,0,0,0
1680679619979202212,0,0,0,0
1680679619981071331,0,0,0,0
1680679619983122765,0,0,0,0
1680679619985062555,0,0,0,0
1680679619987083514,0,0,0,0
1680679619989032452,0,0,0,0
1680679619990971935,0,0,0,0
1680679619992807451,0,0,0,0
1680679619994793598,0,0,0,0
1680679619996677119,0,0,0,0
1680679619998545580,0,0,0,0
1680679620000354330,0,0,0,0
1680679620002279268,0,0,0,0
1680679620004155336,0,0,0,0
1680679620006058968,0,0,0,0
1680679620007916891,0,0,0,0
1680679620009785647,0,0,0,0
1680679620011740432,0,0,0,0
1680679620013615258,0,0,0,0
1680679620015581588,0,0,0,0
1680679620017517942,0,0,0,0
1680679620019463453,0,0,0,0
1680679620021273076,0,0,0,0
1680679620023165817,0,0,0,0
1680679620024957987,0,0,0,0
1680679620026828806,0,0,0,0
1680679620028798030,0,0,0,0
1680679620030654990,0,0,0,0
1680679620032680825,0,0,0,0
1680679620034593344,0,0,0,0
1680679620036568236,0,0,0,0
1680679620038485108,0,0,0,0
1680679620040428120,0,0,0,0
1680679620042403857,0,0,0,0
1680679620044402756,0,0,0,0
1680679620046300307,0,0,0,0
1680679620048183964,0,0,0,0
1680679620050025839,0,0,0,0
1680679620051909480,0,0,0,0
1680679620053882474,0,0,0,0
1680679620055848770,0,0,0,0
1680679620057756588,0,0,0,0
1680679620059607680,0,0,0,0
1680679620061417179,0,0,0,0
1680679620063313627,0,0,0,0
1680679620065172281,0,0,0,0
1680679620066936559,0,0,0,0
1680679620068784073,0,0,0,0
1680679620070739237,0,0,0,0
1680679620072616256,0,0,0,0
1680679620074539262,0,0,0,0
1680679620076570939,0,0,0,0
1680679620078467837,0,0,0,0
1680679620080418976,0,0,0,0
1680679620082323941,0,0,0,0
1680679620084294453,0,0,0,0
1680679620086146023,0,0,0,0
1680679620088065965,0,0,0,0
1680679620089930493,0,0,0,0
1680679620091791229,0,0,0,0
1680679620093641559,0,0,0,0
1680679620095643852,0,0,0,0
1680679620097572817,0,0,0,0
1680679620099542107,0,0,0,0
1680679620101406590,0,0,0,0
1680679620103398776,0,0,0,0
1680679620105240318,0,0,0,0
1680679620107127020,0,0,0,0
1680679620108943215,0,0,0,0
1680679620110831863,0,0,0,0
1680679620112794539,0,0,0,0
1680679620114641310,0,0,0,0
1680679620116537676,0,0,0,0
1680679620118569015,0,0,0,0
1680679620120422104,0,0,0,0
1680679620122384519,0,0,0,0
1680679620124387990,0,0,0,0
1680679620126352132,0,0,0,0
1680679620128219025,0,0,0,0
1680679620130019720,0,0,0,0
1680679620131878633,0,0,0,0
1680679620133761527,0,0,0,0
1680679620135595358,0,0,0,0
1680679620137559099,0,0,0,0
1680679620139548576,0,0,0,0
1680679620141427374,0,0,0,0
1680679620143383958,0,0,0,0
1680679620145221525,0,0,0,0
1680679620147131801,0,0,0,0
1680679620148899468,0,0,0,0
1680679620150704777,0,0,0,0
1680679620152623423,0,0,0,0
1680679620154605486,0,0,0,0
1680679620156557716,0,0,0,0
1680679620158430808,0,0,0,0
1680679620160379169,0,0,0,0
1680679620162330576,0,0,0,0
1680679620181389811,0,0,0,0
1680679620183360724,0,0,0,0
1680679620185333110,0,0,0,0
1680679620187231258,0,0,0,0
1680679620189188903,0,0,0,0
1680679620191108227,0,0,0,0
1680679620192984241,0,0,0,0
1680679620194851711,0,0,0,0
1680679620196711441,0,0,0,0
1680679620198618404,0,0,0,0
1680679620200440642,0,0,0,0
1680679620202380056,0,0,0,0
1680679620204230711,0,0,0,0
1680679620206092232,0,0,0,0
1680679620208032091,0,0,0,0
1680679620209923761,0,0,0,0
1680679620211853644,0,0,0,0
1680679620213750586,0,0,0,0
1680679620215752604,0,0,0,0
1680679620217663845,0,0,0,0
1680679620219601106,0,0,0,0
1680679620221441676,0,0,0,0
1680679620223386998,0,0,0,0
1680679620225205032,0,0,0,0
1680679620227104302,0,0,0,0
1680679620228919929,0,0,0,0
1680679620230793159,0,0,0,0
1680679620232605365,0,0,0,0
1680679620234591072,0,0,0,0
1680679620236556082,0,0,0,0
1680679620238541640,0,0,0,0
1680679620240516743,0,0,0,0
1680679620242493562,0,0,0,0
1680679620244440148,0,0,0,0
1680679620246298622,0,0,0,0
1680679620248140772,0,0,0,0
1680679620249988363,0,0,0,0
1680679620251815620,0,0,0,0
1680679620253652415,0,0,0,0
1680679620255562125,0,0,0,0
1680679620257470964,0,0,0,0
1680679620259345714,0,0,0,0
1680679620261169389,0,0,0,0
1680679620263056714,0,0,0,0
1680679620264940734,0,0,0,0
1680679620266863454,0,0,0,0
1680679620268692980,0,0,0,0
1680679620270590915,0,0,0,0
1680679620272436801,0,0,0,0
1680679620274377419,0,0,0,0
1680679620276313807,0,0,0,0
1680679620278160656,0,0,0,0
1680679620280070327,0,0,0,0
1680679620281933231,0,0,0,0
1680679620283915779,0,0,0,0
1680679620285745551,0,0,0,0
1680679620287651804,0,0,0,0
1680679620289438083,0,0,0,0
1680679620291264427,0,0,0,0
1680679620293095606,0,0,0,0
1680679620294956832,0,0,0,0
1680679620296905401,0,0,0,0
1680679620298795522,0,0,0,0
1680679620300603851,0,0,0,0
1680679620302527185,0,0,0,0
1680679620304410464,0,0,0,0
1680679620306347790,0,0,0,0
1680679620308279860,0,0,0,0
1680679620310235654,0,0,0,0
1680679620312114861,0,0,0,0
1680679620314069336,0,0,0,0
1680679620316007158,0,0,0,0
1680679620317962349,0,0,0,0
1680679620319866090,0,0,0,0
1680679620321689497,0,0,0,0
1680679620323616987,0,0,0,0
1680679620325558780,0,0,0,0
1680679620327360175,0,0,0,0
1680679620329186861,0,0,0,0
1680679620331136302,0,0,0,0
1680679620332983060,0,0,0,0
1680679620334942389,0,0,0,0
1680679620336810931,0,0,0,0
1680679620338785494,0,0,0,0
1680679620340617799,0,0,0,0
1680679620342482394,0,0,0,0
1680679620344423506,0,0,0,0
1680679620346454767,0,0,0,0
1680679620348263984,0,0,0,0
1680679620350222571,0,0,0,0
1680679620352088126,0,0,0,0
1680679620354055152,0,0,0,0
1680679620355978711,0,0,0,0
1680679620357929883,0,0,0,0
1680679620359874023,0,0,0,0
1680679620361688674,0,0,0,0
1680679620363561357,0,0,0,0
1680679620365324677,0,0,0,0
1680679620367227588,0,0,0,0
1680679620369055633,0,0,0,0
1680679620370939801,0,0,0,0
1680679620372856313,0,0,0,0
1680679620374778577,0,0,0,0
1680679620376697144,0,0,0,0
1680679620378709078,0,0,0,0
1680679620380594336,0,0,0,0
1680679620382502735,0,0,0,0
1680679620384389073,0,0,0,0
1680679620386252095,0,0,0,0
1680679620388163985,0,0,0,0
1680679620390003591,0,0,0,0
1680679620391975854,0,0,0,0
1680679620393892017,0,0,0,0
1680679620395872555,0,0,0,0
1680679620397897134,0,0,0,0
1680679620399796148,0,0,0,0
1680679620401761143,0,0,0,0
1680679620403638777,0,0,0,0
1680679620405740224,0,0,0,0
1680679620407690063,0,0,0,0
1680679620409542968,0,0,0,0
1680679620411398939,0,0,0,0
1680679620413240436,0,0,0,0
1680679620415120726,0,0,0,0
1680679620416956865,0,0,0,0
1680679620418804023,0,0,0,0
1680679620420701917,0,0,0,0
1680679620422619304,0,0,0,0
1680679620424579438,0,0,0,0
1680679620426428098,0,0,0,0
1680679620428367546,0,0,0,0
1680679620430232529,0,0,0,0
1680679620432049307,0,0,0,0
1680679620434025561,0,0,0,0
1680679620435969596,0,0,0,0
1680679620437960029,0,0,0,0
1680679620439922801,0,0,0,0
1680679620441987496,0,0,0,0
1680679620443981018,0,0,0,0
1680679620445900755,0,0,0,0
1680679620447801044,0,0,0,0
1680679620449577085,0,0,0,0
1680679620451476892,0,0,0,0
1680679620453267800,0,0,0,0
1680679620455140560,0,0,0,0
1680679620456982074,0,0,0,0
1680679620458945112,0,0,0,0
1680679620460800005,0,0,0,0
1680679620462766593,0,0,0,0
1680679620464761345,0,0,0,0
1680679620466677578,0,0,0,0
1680679620468529678,0,0,0,0
1680679620470497210,0,0,0,0
1680679620472414508,0,0,0,0
1680679620474224007,0,0,0,0
1680679620476176685,0,0,0,0
1680679620478100880,0,0,0,0
1680679620480039058,0,0,0,0
1680679620481965641,0,0,0,0
1680679620483964583,0,0,0,0
1680679620485839230,0,0,0,0
1680679620487745664,0,0,0,0
1680679620489577628,0,0,0,0
1680679620491499701,0,0,0,0
1680679620493293273,0,0,0,0
1680679620495161068,0,0,0,0
1680679620497006894,0,0,0,0
1680679620498973971,0,0,0,0
1680679620500808867,0,0,0,0
1680679620502772346,0,0,0,0
1680679620504758344,0,0,0,0
1680679620506721970,0,0,0,0
1680679620508549285,0,0,0,0
1680679620510493732,0,0,0,0
1680679620512353358,0,0,0,0
1680679620514288400,0,0,0,0
1680679620516158854,0,0,0,0
1680679620518163177,0,0,0,0
1680679620520106863,0,0,0,0
1680679620522027717,0,0,0,0
1680679620524054553,0,0,0,0
1680679620526000429,0,0,0,0
1680679620527973597,0,0,0,0
1680679620529758775,0,0,0,0
1680679620531605242,0,0,0,0
1680679620533366079,0,0,0,0
1680679620535100709,0,0,0,0
1680679620536937843,0,0,0,0
1680679620538922192,0,0,0,0
1680679620540806116,0,0,0,0
1680679620542740390,0,0,0,0
1680679620544785702,0,0,0,0
1680679620546779828,0,0,0,0
1680679620548659398,0,0,0,0
1680679620550654896,0,0,0,0
1680679620552530623,0,0,0,0
1680679620554509205,0,0,0,0
1680679620556432760,0,0,0,0
1680679620558427336,0,0,0,0
1680679620560321943,0,0,0,0
1680679620562125563,0,0,0,0
1680679620564058189,0,0,0,0
1680679620565960287,0,0,0,0
1680679620567881488,0,0,0,0
1680679620569714144,0,0,0,0
1680679620571690315,0,0,0,0
1680679620573586121,0,0,0,0
1680679620575542329,0,0,0,0
1680679620577381021,0,0,0,0
1680679620579184854,0,0,0,0
1680679620581063353,0,0,0,0
1680679620582911283,0,0,0,0
1680679620584805634,0,0,0,0
1680679620586651464,0,0,0,0
1680679620588498983,0,0,0,0
1680679620590462615,0,0,0,0
1680679620592381543,0,0,0,0
1680679620594316430,0,0,0,0
1680679620596212572,0,0,0,0
1680679620598142779,0,0,0,0
1680679620600081507,0,0,0,0
1680679620601952255,0,0,0,0
1680679620603873285,0,0,0,0
1680679620605770979,0,0,0,0
1680679620607723922,0,0,0,0
1680679620609500861,0,0,0,0
1680679620611200219,0,0,0,0
1680679620612890272,0,0,0,0
1680679620614692436,0,0,0,0
1680679620616578436,0,0,0,0
1680679620618562190,0,0,0,0
1680679620620495673,0,0,0,0
1680679620622403211,0,0,0,0
1680679620624352493,0,0,0,0
1680679620626353194,0,0,0,0
1680679620628298150,0,0,0,0
1680679620630161721,0,0,0,0
1680679620632095527,0,0,0,0
1680679620633964298,0,0,0,0
1680679620635887604,0,0,0,0
1680679620637715550,0,0,0,0
1680679620639633392,0,0,0,0
1680679620641420007,0,0,0,0
1680679620643176868,0,0,0,0
1680679620645088118,0,0,0,0
1680679620646950728,0,0,0,0
1680679620648804595,0,0,0,0
1680679620650753785,0,0,0,0
1680679620652740976,0,0,0,0
1680679620654625894,0,0,0,0
1680679620656546768,0,0,0,0
1680679620658453819,0,0,0,0
1680679620660370985,0,0,0,0
1680679620662189111,0,0,0,0
1680679620664142645,0,0,0,0
1680679620666062608,0,0,0,0
1680679620667989671,0,0,0,0
1680679620669893261,0,0,0,0
1680679620671858043,0,0,0,0
1680679620673758850,0,0,0,0
1680679620675651587,0,0,0,0
1680679620677593178,0,0,0,0
1680679620679515173,0,0,0,0
1680679620681391597,0,0,0,0
1680679620683281821,0,0,0,0
1680679620685180445,0,0,0,0
1680679620686886467,0,0,0,0
1680679620688597867,0,0,0,0
1680679620690321609,0,0,0,0
1680679620692100031,0,0,0,0
1680679620694045541,0,0,0,0
1680679620695926753,0,0,0,0
1680679620698034824,0,0,0,0
1680679620699973745,0,0,0,0
1680679620702001219,0,0,0,0
1680679620703928792,0,0,0,0
1680679620705935618,0,0,0,0
1680679620707861138,0,0,0,0
1680679620709804301,0,0,0,0
1680679620711619855,0,0,0,0
1680679620713499291,0,0,0,0
1680679620715475396,0,0,0,0
1680679620717392310,0,0,0,0
1680679620719163677,0,0,0,0
1680679620720997856,0,0,0,0
1680679620722914302,0,0,0,0
1680679620724704721,0,0,0,0
1680679620726583160,0,0,0,0
1680679620728740532,0,0,0,0
1680679620730592078,0,0,0,0
1680679620732386524,0,0,0,0
1680679620734311431,0,0,0,0
1680679620736107617,0,0,0,0
1680679620738125870,0,0,0,0
1680679620740184786,0,0,0,0
1680679620742057444,0,0,0,0
1680679620744006970,0,0,0,0
1680679620745872064,0,0,0,0
1680679620747701075,0,0,0,0
1680679620749627676,0,0,0,0
1680679620751507303,0,0,0,0
1680679620753388079,0,0,0,0
1680679620755177724,0,0,0,0
1680679620757126398,0,0,0,0
1680679620758964053,0,0,0,0
1680679620760801679,0,0,0,0
1680679620762666934,0,0,0,0
1680679620764569435,0,0,0,0
1680679620766516018,0,0,0,0
1680679620768384668,0,0,0,0
1680679620770333707,0,0,0,0
1680679620772134856,0,0,0,0
1680679620773960398,0,0,0,0
1680679620775816052,0,0,0,0
1680679620777692891,0,0,0,0
1680679620779579229,0,0,0,0
1680679620781519228,0,0,0,0
1680679620783307153,0,0,0,0
1680679620785137117,0,0,0,0
1680679620787072790,0,0,0,0
1680679620788984076,0,0,0,0
1680679620790837105,0,0,0,0
1680679620792727718,0,0,0,0
1680679620794605968,0,0,0,0
1680679620796553739,0,0,0,0
1680679620798526877,0,0,0,0
1680679620800841055,0,0,0,0
1680679620802763163,0,0,0,0
1680679620804722676,0,0,0,0
1680679620806642259,0,0,0,0
1680679620808558313,0,0,0,0
1680679620810483381,0,0,0,0
1680679620812399909,0,0,0,0
1680679620814317467,0,0,0,0
1680679620816191114,0,0,0,0
1680679620818081111,0,0,0,0
1680679620819971617,0,0,0,0
1680679620821869092,0,0,0,0
1680679620823777630,0,0,0,0
1680679620825762428,0,0,0,0
1680679620827675563,0,0,0,0
1680679620829593950,0,0,0,0
1680679620831510353,0,0,0,0
1680679620833400423,0,0,0,0
1680679620835318286,0,0,0,0
1680679620837217651,0,0,0,0
1680679620839186718,0,0,0,0
1680679620841093596,0,0,0,0
1680679620843004574,0,0,0,0
1680679620844920951,0,0,0,0
1680679620846792504,0,0,0,0
1680679620848706715,0,0,0,0
1680679620851501470,0,0,0,0
1680679620853443303,0,0,0,0
1680679620855590232,0,0,0,0
1680679620930829133,0,0,0,0
1680679621004257639,0,0,0,0
1680679621006352776,0,0,0,0
1680679621008300232,0,0,0,0
1680679621010271951,0,0,0,0
1680679621012209869,0,0,0,0
1680679621014182892,0,0,0,0
1680679621016149788,0,0,0,0
1680679621017928132,0,0,0,0
1680679621019672981,0,0,0,0
1680679621021360633,0,0,0,0
1680679621023102894,0,0,0,0
1680679621024874432,0,0,0,0
1680679621026770514,0,0,0,0
1680679621028649212,0,0,0,0
1680679621030516370,0,0,0,0
1680679621032391829,0,0,0,0
1680679621034332391,0,0,0,0
1680679621036151921,0,0,0,0
1680679621038156560,0,0,0,0
1680679621040082463,0,0,0,0
1680679621042087173,0,0,0,0
1680679621043986616,0,0,0,0
1680679621045906717,0,0,0,0
1680679621047872165,0,0,0,0
1680679621049654520,0,0,0,0
1680679621051563516,0,0,0,0
1680679621053321143,0,0,0,0
1680679621055071224,0,0,0,0
1680679621056937686,0,0,0,0
1680679621058904653,0,0,0,0
1680679621060858292,0,0,0,0
1680679621062742411,0,0,0,0
1680679621064705950,0,0,0,0
1680679621066684650,0,0,0,0
1680679621068612093,0,0,0,0
1680679621070544211,0,0,0,0
1680679621072385721,0,0,0,0
1680679621074190622,0,0,0,0
1680679621076113621,0,0,0,0
1680679621078009568,0,0,0,0
1680679621080099439,0,0,0,0
1680679621082021928,0,0,0,0
1680679621083944740,0,0,0,0
1680679621085919462,0,0,0,0
1680679621087937911,0,0,0,0
1680679621089813419,0,0,0,0
1680679621091753020,0,0,0,0
1680679621093613919,0,0,0,0
1680679621095568874,0,0,0,0
1680679621097382559,0,0,0,0
1680679621099201178,0,0,0,0
1680679621101042960,0,0,0,0
1680679621103008371,0,0,0,0
1680679621104910757,0,0,0,0
1680679621106873265,0,0,0,0
1680679621108737294,0,0,0,0
1680679621110691636,0,0,0,0
1680679621112495402,0,0,0,0
1680679621114435793,0,0,0,0
1680679621116272899,0,0,0,0
1680679621118139937,0,0,0,0
1680679621120003472,0,0,0,0
1680679621121921497,0,0,0,0
1680679621123762320,0,0,0,0
1680679621125727486,0,0,0,0
1680679621127651569,0,0,0,0
1680679621129636404,0,0,0,0
1680679621131492906,0,0,0,0
1680679621133341212,0,0,0,0
1680679621135112870,0,0,0,0
1680679621136990316,0,0,0,0
1680679621138873898,0,0,0,0
1680679621140764377,0,0,0,0
1680679621142743379,0,0,0,0
1680679621144581449,0,0,0,0
1680679621146559915,0,0,0,0
1680679621148465762,0,0,0,0
1680679621150374754,0,0,0,0
1680679621152278827,0,0,0,0
1680679621154125360,0,0,0,0
1680679621156039441,0,0,0,0
1680679621157908034,0,0,0,0
1680679621159846299,0,0,0,0
1680679621161818866,0,0,0,0
1680679621163713721,0,0,0,0
1680679621165634423,0,0,0,0
1680679621167646150,0,0,0,0
1680679621169534448,0,0,0,0
1680679621171480332,0,0,0,0
1680679621173347165,0,0,0,0
1680679621175116075,0,0,0,0
1680679621176983832,0,0,0,0
1680679621178889197,0,0,0,0
1680679621180804996,0,0,0,0
1680679621182749855,0,0,0,0
1680679621184661802,0,0,0,0
1680679621186662657,0,0,0,0
1680679621188625335,0,0,0,0
1680679621190533961,0,0,0,0
1680679621192506016,0,0,0,0
1680679621194444163,0,0,0,0
1680679621196378227,0,0,0,0
1680679621198322016,0,0,0,0
1680679621200214362,0,0,0,0
1680679621202109240,0,0,0,0
1680679621204041693,0,0,0,0
1680679621205932647,0,0,0,0
1680679621207905860,0,0,0,0
1680679621209788112,0,0,0,0
1680679621211658032,0,0,0,0
1680679621213530264,0,0,0,0
1680679621215523571,0,0,0,0
1680679621217395504,0,0,0,0
1680679621219189376,0,0,0,0
1680679621221094251,0,0,0,0
1680679621222963714,0,0,0,0
1680679621224814089,0,0,0,0
1680679621226688746,0,0,0,0
1680679621228578367,0,0,0,0
1680679621230530470,0,0,0,0
1680679621232390889,0,0,0,0
1680679621234329815,0,0,0,0
1680679621236203889,0,0,0,0
1680679621238109186,0,0,0,0
1680679621240065246,0,0,0,0
1680679621241969544,0,0,0,0
1680679621243928933,0,0,0,0
1680679621245818201,0,0,0,0
1680679621247794372,0,0,0,0
1680679621249751786,0,0,0,0
1680679621251610544,0,0,0,0
1680679621253574995,0,0,0,0
1680679621255431297,0,0,0,0
1680679621257317048,0,0,0,0
1680679621259162178,0,0,0,0
1680679621261047384,0,0,0,0
1680679621263013274,0,0,0,0
1680679621264942202,0,0,0,0
1680679621266941383,0,0,0,0
1680679621268805095,0,0,0,0
1680679621270658112,0,0,0,0
1680679621272537071,0,0,0,0
1680679621274361640,0,0,0,0
1680679621276312938,0,0,0,0
1680679621278260559,0,0,0,0
1680679621280173340,0,0,0,0
1680679621282127332,0,0,0,0
1680679621284010260,0,0,0,0
1680679621285963170,0,0,0,0
1680679621287887149,0,0,0,0
1680679621289809959,0,0,0,0
1680679621291693757,0,0,0,0
1680679621293551164,0,0,0,0
1680679621295514950,0,0,0,0
1680679621297352962,0,0,0,0
1680679621299200894,0,0,0,0
1680679621301068752,0,0,0,0
1680679621302870250,0,0,0,0
1680679621304750533,0,0,0,0
1680679621306677689,0,0,0,0
1680679621308534138,0,0,0,0
1680679621310481188,0,0,0,0
1680679621312342094,0,0,0,0
1680679621314195993,0,0,0,0
1680679621316090487,0,0,0,0
1680679621317984724,0,0,0,0
1680679621319939979,0,0,0,0
1680679621321949202,0,0,0,0
1680679621323870284,0,0,0,0
1680679621325845790,0,0,0,0
1680679621327780865,0,0,0,0
1680679621329741964,0,0,0,0
1680679621331575250,0,0,0,0
1680679621333449080,0,0,0,0
1680679621335294893,0,0,0,0
1680679621337045282,0,0,0,0
1680679621339023643,0,0,0,0
1680679621340908349,0,0,0,0
1680679621342871292,0,0,0,0
1680679621344769906,0,0,0,0
1680679621346747728,0,0,0,0
1680679621348648226,0,0,0,0
1680679621350612802,0,0,0,0
1680679621352417607,0,0,0,0
1680679621354388005,0,0,0,0
1680679621356237618,0,0,0,0
1680679621358083957,0,0,0,0
1680679621360031244,0,0,0,0
1680679621361977013,0,0,0,0
1680679621363842837,0,0,0,0
1680679621365789788,0,0,0,0
1680679621367745809,0,0,0,0
1680679621369811796,0,0,0,0
1680679621371804035,0,0,0,0
1680679621373654294,0,0,0,0
1680679621375521272,0,0,0,0
1680679621377398750,0,0,0,0
1680679621379314201,0,0,0,0
1680679621381070234,0,0,0,0
1680679621383023500,0,0,0,0
1680679621384870239,0,0,0,0
1680679621386846313,0,0,0,0
1680679621388745775,0,0,0,0
1680679621390644366,0,0,0,0
1680679621392607017,0,0,0,0
1680679621394500015,0,0,0,0
1680679621396383797,0,0,0,0
1680679621398257427,0,0,0,0
1680679621400171173,0,0,0,0
1680679621402040870,0,0,0,0
1680679621404015871,0,0,0,0
1680679621405915561,0,0,0,0
1680679621407876464,0,0,0,0
1680679621409795996,0,0,0,0
1680679621411775456,0,0,0,0
1680679621413697171,0,0,0,0
1680679621415530588,0,0,0,0
1680679621417406663,0,0,0,0
1680679621419264052,0,0,0,0
1680679621421114488,0,0,0,0
1680679621423007113,0,0,0,0
1680679621424810528,0,0,0,0
1680679621426838002,0,0,0,0
1680679621428809121,0,0,0,0
1680679621430711619,0,0,0,0
1680679621432683690,0,0,0,0
1680679621434604884,0,0,0,0
1680679621436528493,0,0,0,0
1680679621438337684,0,0,0,0
1680679621440415364,0,0,0,0
1680679621442238097,0,0,0,0
1680679621444195985,0,0,0,0
1680679621446112839,0,0,0,0
1680679621448103611,0,0,0,0
1680679621450002132,0,0,0,0
1680679621451948790,0,0,0,0
1680679621453947205,0,0,0,0
1680679621455846442,0,0,0,0
1680679621457790934,0,0,0,0
1680679621459648800,0,0,0,0
1680679621461628918,0,0,0,0
1680679621463493653,0,0,0,0
1680679621465348668,0,0,0,0
1680679621467256253,0,0,0,0
1680679621469042279,0,0,0,0
1680679621470937741,0,0,0,0
1680679621472796104,0,0,0,0
1680679621474653046,0,0,0,0
1680679621476593332,0,0,0,0
1680679621478506226,0,0,0,0
1680679621480380489,0,0,0,0
1680679621482305923,0,0,0,0
1680679621484123773,0,0,0,0
1680679621486094519,0,0,0,0
1680679621488015314,0,0,0,0
1680679621489979701,0,0,0,0
1680679621491894471,0,0,0,0
1680679621493781065,0,0,0,0
1680679621495746935,0,0,0,0
1680679621497648170,0,0,0,0
1680679621499586452,0,0,0,0
1680679621501544115,0,0,0,0
1680679621503426409,0,0,0,0
1680679621505169727,0,0,0,0
1680679621507087394,0,0,0,0
1680679621508943845,0,0,0,0
1680679621510823881,0,0,0,0
1680679621512809340,0,0,0,0
1680679621514701686,0,0,0,0
1680679621516672253,0,0,0,0
1680679621518598232,0,0,0,0
1680679621520521931,0,0,0,0
1680679621522356883,0,0,0,0
1680679621524265710,0,0,0,0
1680679621526139161,0,0,0,0
1680679621528096547,0,0,0,0
1680679621529996161,0,0,0,0
1680679621531949215,0,0,0,0
1680679621533942454,0,0,0,0
1680679621535858884,0,0,0,0
1680679621537837141,0,0,0,0
1680679621539746450,0,0,0,0
1680679621541636063,0,0,0,0
1680679621543430248,0,0,0,0
1680679621545271912,0,0,0,0
1680679621547037899,0,0,0,0
1680679621548811347,0,0,0,0
1680679621550697026,0,0,0,0
1680679621552664278,0,0,0,0
1680679621554657411,0,0,0,0
1680679621556500638,0,0,0,0
1680679621558435532,0,0,0,0
1680679621560311991,0,0,0,0
1680679621562155275,0,0,0,0
1680679621564068262,0,0,0,0
1680679621565903408,0,0,0,0
1680679621567950767,0,0,0,0
1680679621569796313,0,0,0,0
1680679621571694628,0,0,0,0
1680679621573682762,0,0,0,0
1680679621575673020,0,0,0,0
1680679621577591667,0,0,0,0
1680679621579597253,0,0,0,0
1680679621581613520,0,0,0,0
1680679621583457766,0,0,0,0
1680679621585319565,0,0,0,0
1680679621587202113,0,0,0,0
1680679621589077567,0,0,0,0
1680679621590775157,0,0,0,0
1680679621592661878,0,0,0,0
1680679621594544210,0,0,0,0
1680679621596479406,0,0,0,0
1680679621598418897,0,0,0,0
1680679621600389507,0,0,0,0
1680679621602268209,0,0,0,0
1680679621604133196,0,0,0,0
1680679621606004402,0,0,0,0
1680679621607955447,0,0,0,0
1680679621609911459,0,0,0,0
1680679621611847984,0,0,0,0
1680679621613678121,0,0,0,0
1680679621615621773,0,0,0,0
1680679621617537848,0,0,0,0
1680679621619545475,0,0,0,0
1680679621621378452,0,0,0,0
1680679621623271485,0,0,0,0
1680679621625072377,0,0,0,0
1680679621626906819,0,0,0,0
1680679621628810917,0,0,0,0
1680679621630685123,0,0,0,0
1680679621632566658,0,0,0,0
1680679621634503164,0,0,0,0
1680679621636401742,0,0,0,0
1680679621638534149,0,0,0,0
1680679621640524940,0,0,0,0
1680679621642438322,0,0,0,0
1680679621644415133,0,0,0,0
1680679621646269096,0,0,0,0
1680679621648155755,0,0,0,0
1680679621650095176,0,0,0,0
1680679621651954854,0,0,0,0
1680679621653910276,0,0,0,0
1680679621655816711,0,0,0,0
1680679621657764329,0,0,0,0
1680679621659714980,0,0,0,0
1680679621661721255,0,0,0,0
1680679621663610101,0,0,0,0
1680679621665569579,0,0,0,0
1680679621667472014,0,0,0,0
1680679621669352118,0,0,0,0
1680679621671179266,0,0,0,0
1680679621673105396,0,0,0,0
1680679621674943050,0,0,0,0
1680679621676804461,0,0,0,0
1680679621678791969,0,0,0,0
1680679621680696529,0,0,0,0
1680679621682620202,0,0,0,0
1680679621684560398,0,0,0,0
1680679621686475848,0,0,0,0
1680679621688501529,0,0,0,0
1680679621690384381,0,0,0,0
1680679621692234516,0,0,0,0
1680679621694075613,0,0,0,0
1680679621696004448,0,0,0,0
1680679621697908613,0,0,0,0
1680679621699921038,0,0,0,0
1680679621701877828,0,0,0,0
1680679621703787570,0,0,0,0
1680679621705748892,0,0,0,0
1680679621707703399,0,0,0,0
1680679621709653190,0,0,0,0
1680679621711612700,0,0,0,0
1680679621713401018,0,0,0,0
1680679621715192273,0,0,0,0
1680679621716936645,0,0,0,0
1680679621718907957,0,0,0,0
1680679621720780027,0,0,0,0
1680679621722719428,0,0,0,0
1680679621724613815,0,0,0,0
1680679621726613128,0,0,0,0
1680679621728613715,0,0,0,0
1680679621730539923,0,0,0,0
1680679621732369144,0,0,0,0
1680679621734179915,0,0,0,0
1680679621736047741,0,0,0,0
1680679621737979504,0,0,0,0
1680679621740229408,0,0,0,0
1680679621742171902,0,0,0,0
1680679621744039684,0,0,0,0
1680679621745997094,0,0,0,0
1680679621748061485,0,0,0,0
1680679621749940787,0,0,0,0
1680679621751867734,0,0,0,0
1680679621753706416,0,0,0,0
1680679621755659774,0,0,0,0
1680679621757469035,0,0,0,0
1680679621759234090,0,0,0,0
1680679621761177749,0,0,0,0
1680679621762984067,0,0,0,0
1680679621764886375,0,0,0,0
1680679621766763069,0,0,0,0
1680679621768768201,0,0,0,0
1680679621770632068,0,0,0,0
1680679621772550141,0,0,0,0
1680679621774437320,0,0,0,0
1680679621776398008,0,0,0,0
1680679621778272121,0,0,0,0
1680679621780168452,0,0,0,0
1680679621782147412,0,0,0,0
1680679621784017413,0,0,0,0
1680679621785988475,0,0,0,0
1680679621787982566,0,0,0,0
1680679621789878240,0,0,0,0
1680679621791798726,0,0,0,0
1680679621793692509,0,0,0,0
1680679621795654495,0,0,0,0
1680679621797562066,0,0,0,0
1680679621799614016,0,0,0,0
1680679621801548386,0,0,0,0
1680679621803493111,0,0,0,0
1680679621805280844,0,0,0,0
1680679621807168889,0,0,0,0
1680679621808936503,0,0,0,0
1680679621810684877,0,0,0,0
1680679621812479095,0,0,0,0
1680679621814398261,0,0,0,0
1680679621816296848,0,0,0,0
1680679621818340766,0,0,0,0
1680679621820320581,0,0,0,0
1680679621822322188,0,0,0,0
1680679621824268738,0,0,0,0
1680679621826188599,0,0,0,0
1680679621828070459,0,0,0,0
1680679621830026493,0,0,0,0
1680679621831882685,0,0,0,0
1680679621833701998,0,0,0,0
1680679621835658363,0,0,0,0
1680679621837539238,0,0,0,0
1680679621839576741,0,0,0,0
1680679621841394360,0,0,0,0
1680679621843143881,0,0,0,0
1680679621845003715,0,0,0,0
1680679621846840505,0,0,0,0
1680679621848800092,0,0,0,0
1680679621850619541,0,0,0,0
1680679621852434906,0,0,0,0
1680679621854398109,0,0,0,0
1680679621856250597,0,0,0,0
1680679621858150530,0,0,0,0
1680679621860012725,0,0,0,0
1680679621861959791,0,0,0,0
1680679621863829158,0,0,0,0
1680679621865693484,0,0,0,0
1680679621867709375,0,0,0,0
1680679621869633921,0,0,0,0
1680679621871613328,0,0,0,0
1680679621873531929,0,0,0,0
1680679621875513042,0,0,0,0
1680679621877351898,0,0,0,0
1680679621879275717,0,0,0,0
1680679621881084515,0,0,0,0
1680679621882911997,0,0,0,0
1680679621884768075,0,0,0,0
1680679621886715882,0,0,0,0
1680679621888711472,0,0,0,0
1680679621890693066,0,0,0,0
1680679621892601841,0,0,0,0
1680679621894559515,0,0,0,0
1680679621896537534,0,0,0,0
1680679621898461113,0,0,0,0
1680679621900379393,0,0,0,0
1680679621902398750,0,0,0,0
1680679621904243660,0,0,0,0
1680679621906172279,0,0,0,0
1680679621908117336,0,0,0,0
1680679621910028487,0,0,0,0
1680679621911965733,0,0,0,0
1680679621913930252,0,0,0,0
1680679621915809698,0,0,0,0
1680679621917705552,0,0,0,0
1680679621919727023,0,0,0,0
1680679621921652398,0,0,0,0
1680679621923571264,0,0,0,0
1680679621925436482,0,0,0,0
1680679621927244072,0,0,0,0
1680679621929074710,0,0,0,0
1680679621931003692,0,0,0,0
1680679621932803787,0,0,0,0
1680679621934743467,0,0,0,0
1680679621936653539,0,0,0,0
1680679621938516106,0,0,0,0
1680679621940557664,0,0,0,0
1680679621942522563,0,0,0,0
1680679621944434053,0,0,0,0
1680679621946423625,0,0,0,0
1680679621948370704,0,0,0,0
1680679621950343665,0,0,0,0
1680679621952238831,0,0,0,0
1680679621954097069,0,0,0,0
1680679621956010257,0,0,0,0
1680679621957980598,0,0,0,0
1680679621959862990,0,0,0,0
1680679621961791862,0,0,0,0
1680679621963732809,0,0,0,0
1680679621965624644,0,0,0,0
1680679621967593586,0,0,0,0
1680679621969444806,0,0,0,0
1680679621971242400,0,0,0,0
1680679621973067501,0,0,0,0
1680679621975021262,0,0,0,0
1680679621976911569,0,0,0,0
1680679621978767899,0,0,0,0
1680679621980734674,0,0,0,0
1680679621982660460,0,0,0,0
1680679621984561464,0,0,0,0
1680679621986454660,0,0,0,0
1680679621988437187,0,0,0,0
1680679621990335291,0,0,0,0
1680679621992283808,0,0,0,0
1680679621994176098,0,0,0,0
1680679621996123709,0,0,0,0
1680679621997949918,0,0,0,0
1680679621999868029,0,0,0,0
1680679622001762571,0,0,0,0
1680679622003725148,0,0,0,0
1680679622005583548,0,0,0,0
1680679622007520699,0,0,0,0
1680679622009366353,0,0,0,0
1680679622011206326,0,0,0,0
1680679622013109895,0,0,0,0
1680679622014942367,0,0,0,0
1680679622016855057,0,0,0,0
1680679622018758671,0,0,0,0
1680679622020661238,0,0,0,0
1680679622022652991,0,0,0,0
1680679622024555292,0,0,0,0
1680679622026525637,0,0,0,0
1680679622028484232,0,0,0,0
1680679622030401809,0,0,0,0
1680679622032195801,0,0,0,0
1680679622034046887,0,0,0,0
1680679622035958582,0,0,0,0
1680679622038107770,0,0,0,0
1680679622040059562,0,0,0,0
1680679622042066370,0,0,0,0
1680679622043974560,0,0,0,0
1680679622046012527,0,0,0,0
1680679622047966615,0,0,0,0
1680679622049917734,0,0,0,0
1680679622051950822,0,0,0,0
1680679622053810648,0,0,0,0
1680679622055679242,0,0,0,0
1680679622057730989,0,0,0,0
1680679622059693772,0,0,0,0
1680679622061581862,0,0,0,0
1680679622063446092,0,0,0,0
1680679622065338847,0,0,0,0
1680679622067110177,0,0,0,0
1680679622068977210,0,0,0,0
1680679622070916224,0,0,0,0
1680679622072795032,0,0,0,0
1680679622074716806,0,0,0,0
1680679622076563412,0,0,0,0
1680679622078483170,0,0,0,0
1680679622080359110,0,0,0,0
1680679622082431115,0,0,0,0
1680679622084265291,0,0,0,0
1680679622086110115,0,0,0,0
1680679622087980559,0,0,0,0
1680679622089868186,0,0,0,0
1680679622091718860,0,0,0,0
1680679622093664435,0,0,0,0
1680679622095489533,0,0,0,0
1680679622097367466,0,0,0,0
1680679622099146918,0,0,0,0
1680679622100949347,0,0,0,0
1680679622102818530,0,0,0,0
1680679622104654113,0,0,0,0
1680679622106507139,0,0,0,0
1680679622108445216,0,0,0,0
1680679622110271228,0,0,0,0
1680679622112034295,0,0,0,0
1680679622113885612,0,0,0,0
1680679622115783828,0,0,0,0
1680679622117761140,0,0,0,0
1680679622119699291,0,0,0,0
1680679622121699565,0,0,0,0
1680679622123599503,0,0,0,0
1680679622125502748,0,0,0,0
1680679622127374619,0,0,0,0
1680679622129315907,0,0,0,0
1680679622131193156,0,0,0,0
1680679622133067824,0,0,0,0
1680679622134987041,0,0,0,0
1680679622137351541,0,0,0,0
1680679622139268974,0,0,0,0
1680679622141204179,0,0,0,0
1680679622143191667,0,0,0,0
1680679622145128048,0,0,0,0
1680679622147075281,0,0,0,0
1680679622149070930,0,0,0,0
1680679622151014699,0,0,0,0
1680679622152922935,0,0,0,0
1680679622154821948,0,0,0,0
1680679622156678349,0,0,0,0
1680679622158542547,0,0,0,0
1680679622160478618,0,0,0,0
1680679622162405410,0,0,0,0
1680679622164283824,0,0,0,0
1680679622166191897,0,0,0,0
1680679622168133384,0,0,0,0
1680679622170941793,0,0,0,0
1680679622172850807,0,0,0,0
1680679622174761814,0,0,0,0
1680679622176695720,0,0,0,0
1680679622178634365,0,0,0,0
1680679622180592393,0,0,0,0
1680679622182543887,0,0,0,0
1680679622184479226,0,0,0,0
1680679622186380030,0,0,0,0
1680679622188266800,0,0,0,0
1680679622190171588,0,0,0,0
1680679622192219006,0,0,0,0
1680679622263749846,0,0,0,0
1680679622334018879,0,0,0,0
1680679622335981065,0,0,0,0
1680679622337953113,0,0,0,0
1680679622339894170,0,0,0,0
1680679622341844179,0,0,0,0
1680679622343870225,0,0,0,0
1680679622345615314,0,0,0,0
1680679622347398531,0,0,0,0
1680679622349324865,0,0,0,0
1680679622351146052,0,0,0,0
1680679622352868152,0,0,0,0
1680679622354547739,0,0,0,0
1680679622356266503,0,0,0,0
1680679622357997502,0,0,0,0
1680679622359716448,0,0,0,0
1680679622361463514,0,0,0,0
1680679622363306488,0,0,0,0
1680679622365185247,0,0,0,0
1680679622367018484,0,0,0,0
1680679622368812866,0,0,0,0
1680679622370679421,0,0,0,0
1680679622372612481,0,0,0,0
1680679622374444042,0,0,0,0
1680679622376236625,0,0,0,0
1680679622378131845,0,0,0,0
1680679622379994518,0,0,0,0
1680679622381939392,0,0,0,0
1680679622383853429,0,0,0,0
1680679622385797407,0,0,0,0
1680679622387623473,0,0,0,0
1680679622389662256,0,0,0,0
1680679622391544609,0,0,0,0
1680679622393329152,0,0,0,0
1680679622395062241,0,0,0,0
1680679622396805801,0,0,0,0
1680679622398717266,0,0,0,0
1680679622400587599,0,0,0,0
1680679622402503233,0,0,0,0
1680679622404402659,0,0,0,0
1680679622406375411,0,0,0,0
1680679622408186653,0,0,0,0
1680679622410192876,0,0,0,0
1680679622412002146,0,0,0,0
1680679622413934184,0,0,0,0
1680679622415811799,0,0,0,0
1680679622417760373,0,0,0,0
1680679622419571119,0,0,0,0
1680679622421536289,0,0,0,0
1680679622423559381,0,0,0,0
1680679622425377938,0,0,0,0
1680679622427222078,0,0,0,0
1680679622429035112,0,0,0,0
1680679622430830416,0,0,0,0
1680679622432738802,0,0,0,0
1680679622434562112,0,0,0,0
1680679622436485167,0,0,0,0
1680679622438280241,0,0,0,0
1680679622440183403,0,0,0,0
1680679622442313307,0,0,0,0
1680679622444328369,0,0,0,0
1680679622446209525,0,0,0,0
1680679622448138966,0,0,0,0
1680679622450092418,0,0,0,0
1680679622452024017,0,0,0,0
1680679622453990502,0,0,0,0
1680679622455885168,0,0,0,0
1680679622457729638,0,0,0,0
1680679622459694295,0,0,0,0
1680679622461556070,0,0,0,0
1680679622463580117,0,0,0,0
1680679622465437976,0,0,0,0
1680679622467250421,0,0,0,0
1680679622469149348,0,0,0,0
1680679622471109794,0,0,0,0
1680679622472920257,0,0,0,0
1680679622474652240,0,0,0,0
1680679622476425807,0,0,0,0
1680679622478360700,0,0,0,0
1680679622480165398,0,0,0,0
1680679622482121311,0,0,0,0
1680679622484049698,0,0,0,0
1680679622485993392,0,0,0,0
1680679622487890550,0,0,0,0
1680679622489893110,0,0,0,0
1680679622491830899,0,0,0,0
1680679622493745929,0,0,0,0
1680679622495616024,0,0,0,0
1680679622497468422,0,0,0,0
1680679622499277567,0,0,0,0
1680679622501111802,0,0,0,0
1680679622502966096,0,0,0,0
1680679622504812925,0,0,0,0
1680679622506668876,0,0,0,0
1680679622508607514,0,0,0,0
1680679622510600345,0,0,0,0
1680679622512556556,0,0,0,0
1680679622514426270,0,0,0,0
1680679622516389809,0,0,0,0
1680679622518242179,0,0,0,0
1680679622520195697,0,0,0,0
1680679622522083840,0,0,0,0
1680679622524036938,0,0,0,0
1680679622526011676,0,0,0,0
1680679622527888883,0,0,0,0
1680679622529972684,0,0,0,0
1680679622531954929,0,0,0,0
1680679622533833171,0,0,0,0
1680679622535780237,0,0,0,0
1680679622537619522,0,0,0,0
1680679622539570590,0,0,0,0
1680679622541401682,0,0,0,0
1680679622543291291,0,0,0,0
1680679622545125265,0,0,0,0
1680679622546955418,0,0,0,0
1680679622548825141,0,0,0,0
1680679622550814547,0,0,0,0
1680679622552747214,0,0,0,0
1680679622554706678,0,0,0,0
1680679622556551386,0,0,0,0
1680679622558410869,0,0,0,0
1680679622560261059,0,0,0,0
1680679622562250805,0,0,0,0
1680679622564232676,0,0,0,0
1680679622566133830,0,0,0,0
1680679622568116330,0,0,0,0
1680679622570130479,0,0,0,0
1680679622572064805,0,0,0,0
1680679622573984404,0,0,0,0
1680679622575878467,0,0,0,0
1680679622577797523,0,0,0,0
1680679622579708275,0,0,0,0
1680679622581596757,0,0,0,0
1680679622583557700,0,0,0,0
1680679622585353882,0,0,0,0
1680679622587203321,0,0,0,0
1680679622589043622,0,0,0,0
1680679622590954668,0,0,0,0
1680679622592809058,0,0,0,0
1680679622594770641,0,0,0,0
1680679622596668071,0,0,0,0
1680679622598605586,0,0,0,0
1680679622600434527,0,0,0,0
1680679622602301658,0,0,0,0
1680679622604279241,0,0,0,0
1680679622606274371,0,0,0,0
1680679622608165654,0,0,0,0
1680679622610178581,0,0,0,0
1680679622612040662,0,0,0,0
1680679622613933253,0,0,0,0
1680679622615776831,0,0,0,0
1680679622617610827,0,0,0,0
1680679622619573447,0,0,0,0
1680679622621525414,0,0,0,0
1680679622623494860,0,0,0,0
1680679622625328446,0,0,0,0
1680679622627106777,0,0,0,0
1680679622628886558,0,0,0,0
1680679622630909273,0,0,0,0
1680679622632790596,0,0,0,0
1680679622634670173,0,0,0,0
1680679622636539420,0,0,0,0
1680679622638503750,0,0,0,0
1680679622640430836,0,0,0,0
1680679622642425231,0,0,0,0
1680679622644318758,0,0,0,0
1680679622646273257,0,0,0,0
1680679622648250258,0,0,0,0
1680679622650249109,0,0,0,0
1680679622652127084,0,0,0,0
1680679622653958401,0,0,0,0
1680679622655899652,0,0,0,0
1680679622657740300,0,0,0,0
1680679622659541474,0,0,0,0
1680679622661527446,0,0,0,0
1680679622663540869,0,0,0,0
1680679622665372291,0,0,0,0
1680679622667231690,0,0,0,0
1680679622669083472,0,0,0,0
1680679622671039794,0,0,0,0
1680679622672807931,0,0,0,0
1680679622674595244,0,0,0,0
1680679622676536970,0,0,0,0
1680679622678384622,0,0,0,0
1680679622680285965,0,0,0,0
1680679622682229709,0,0,0,0
1680679622684265023,0,0,0,0
1680679622686220988,0,0,0,0
1680679622688199311,0,0,0,0
1680679622690120457,0,0,0,0
1680679622692074209,0,0,0,0
1680679622693940890,0,0,0,0
1680679622695810856,0,0,0,0
1680679622697677693,0,0,0,0
1680679622699637389,0,0,0,0
1680679622701531933,0,0,0,0
1680679622703599942,0,0,0,0
1680679622705437941,0,0,0,0
1680679622707394335,0,0,0,0
1680679622709245439,0,0,0,0
1680679622711198727,0,0,0,0
1680679622713048034,0,0,0,0
1680679622714979452,0,0,0,0
1680679622716806106,0,0,0,0
1680679622718644456,0,0,0,0
1680679622720605957,0,0,0,0
1680679622722454389,0,0,0,0
1680679622724493112,0,0,0,0
1680679622726371626,0,0,0,0
1680679622728336464,0,0,0,0
1680679622730259403,0,0,0,0
1680679622732184737,0,0,0,0
1680679622734103056,0,0,0,0
1680679622736028842,0,0,0,0
1680679622737901236,0,0,0,0
1680679622739998529,0,0,0,0
1680679622741803547,0,0,0,0
1680679622743718479,0,0,0,0
1680679622745727390,0,0,0,0
1680679622747633799,0,0,0,0
1680679622749442958,0,0,0,0
1680679622751447712,0,0,0,0
1680679622753231279,0,0,0,0
1680679622755123991,0,0,0,0
1680679622756909485,0,0,0,0
1680679622758715565,0,0,0,0
1680679622760582431,0,0,0,0
1680679622762579134,0,0,0,0
1680679622764480397,0,0,0,0
1680679622766458215,0,0,0,0
1680679622768391210,0,0,0,0
1680679622770347214,0,0,0,0
1680679622772324610,0,0,0,0
1680679622774245095,0,0,0,0
1680679622776161661,0,0,0,0
1680679622778084582,0,0,0,0
1680679622779936246,0,0,0,0
1680679622781864678,0,0,0,0
1680679622783832912,0,0,0,0
1680679622785672375,0,0,0,0
1680679622787637965,0,0,0,0
1680679622789532626,0,0,0,0
1680679622791523358,0,0,0,0
1680679622793363005,0,0,0,0
1680679622795303410,0,0,0,0
1680679622797145765,0,0,0,0
1680679622798917309,0,0,0,0
1680679622800806985,0,0,0,0
1680679622802706855,0,0,0,0
1680679622804594497,0,0,0,0
1680679622806523464,0,0,0,0
1680679622808385654,0,0,0,0
1680679622810329920,0,0,0,0
1680679622812290603,0,0,0,0
1680679622814179329,0,0,0,0
1680679622816064719,0,0,0,0
1680679622817939554,0,0,0,0
1680679622819925177,0,0,0,0
1680679622821905227,0,0,0,0
1680679622823854741,0,0,0,0
1680679622825749456,0,0,0,0
1680679622827717912,0,0,0,0
1680679622829624264,0,0,0,0
1680679622831616691,0,0,0,0
1680679622833412466,0,0,0,0
1680679622835346200,0,0,0,0
1680679622837137356,0,0,0,0
1680679622839024177,0,0,0,0
1680679622840813082,0,0,0,0
1680679622842718836,0,0,0,0
1680679622844751711,0,0,0,0
1680679622846649701,0,0,0,0
1680679622848593209,0,0,0,0
1680679622850477182,0,0,0,0
1680679622852314456,0,0,0,0
1680679622854109881,0,0,0,0
1680679622855805844,0,0,0,0
1680679622857629134,0,0,0,0
1680679622859584296,0,0,0,0
1680679622861480179,0,0,0,0
1680679622863433865,0,0,0,0
1680679622865297688,0,0,0,0
1680679622867142409,0,0,0,0
1680679622869036504,0,0,0,0
1680679622871091978,0,0,0,0
1680679622872923744,0,0,0,0
1680679622874848923,0,0,0,0
1680679622876698601,0,0,0,0
1680679622878566657,0,0,0,0
1680679622880373713,0,0,0,0
1680679622882406906,0,0,0,0
1680679622884403267,0,0,0,0
1680679622886380793,0,0,0,0
1680679622888358852,0,0,0,0
1680679622890306466,0,0,0,0
1680679622892287181,0,0,0,0
1680679622894141579,0,0,0,0
1680679622896084486,0,0,0,0
1680679622897933528,0,0,0,0
1680679622899879899,0,0,0,0
1680679622901794864,0,0,0,0
1680679622903749111,0,0,0,0
1680679622905643866,0,0,0,0
1680679622907621338,0,0,0,0
1680679622909438278,0,0,0,0
1680679622911403213,0,0,0,0
1680679622913239669,0,0,0,0
1680679622915042613,0,0,0,0
1680679622916941341,0,0,0,0
1680679622918804530,0,0,0,0
1680679622920671732,0,0,0,0
1680679622922564958,0,0,0,0
1680679622924572072,0,0,0,0
1680679622926488161,0,0,0,0
1680679622928447905,0,0,0,0
1680679622930494876,0,0,0,0
1680679622932418715,0,0,0,0
1680679622934371094,0,0,0,0
1680679622936329872,0,0,0,0
1680679622938205025,0,0,0,0
1680679622940067408,0,0,0,0
1680679622942072745,0,0,0,0
1680679622943947144,0,0,0,0
1680679622945883619,0,0,0,0
1680679622947796173,0,0,0,0
1680679622949654958,0,0,0,0
1680679622951656311,0,0,0,0
1680679622953469612,0,0,0,0
1680679622955384002,0,0,0,0
1680679622957230137,0,0,0,0
1680679622959110923,0,0,0,0
1680679622960932897,0,0,0,0
1680679622962958088,0,0,0,0
1680679622964814242,0,0,0,0
1680679622966788700,0,0,0,0
1680679622968667106,0,0,0,0
1680679622970635729,0,0,0,0
1680679622972536799,0,0,0,0
1680679622974421520,0,0,0,0
1680679622976250335,0,0,0,0
1680679622978104714,0,0,0,0
1680679622980020189,0,0,0,0
1680679622981993432,0,0,0,0
1680679622983852869,0,0,0,0
1680679622985692924,0,0,0,0
1680679622987707002,0,0,0,0
1680679622989623165,0,0,0,0
1680679622991625519,0,0,0,0
1680679622993569609,0,0,0,0
1680679622995563581,0,0,0,0
1680679622997410987,0,0,0,0
1680679622999278324,0,0,0,0
1680679623001059315,0,0,0,0
1680679623002966820,0,0,0,0
1680679623004953108,0,0,0,0
1680679623006780553,0,0,0,0
1680679623008676504,0,0,0,0
1680679623010613407,0,0,0,0
1680679623012465960,0,0,0,0
1680679623014488275,0,0,0,0
1680679623016407914,0,0,0,0
1680679623018331506,0,0,0,0
1680679623020161734,0,0,0,0
1680679623022078704,0,0,0,0
1680679623024011529,0,0,0,0
1680679623025814851,0,0,0,0
1680679623027729287,0,0,0,0
1680679623029529163,0,0,0,0
1680679623031393316,0,0,0,0
1680679623033270808,0,0,0,0
1680679623035042272,0,0,0,0
1680679623036899048,0,0,0,0
1680679623038709211,0,0,0,0
1680679623040618345,0,0,0,0
1680679623042623212,0,0,0,0
1680679623044591319,0,0,0,0
1680679623046504441,0,0,0,0
1680679623048406667,0,0,0,0
1680679623050322630,0,0,0,0
1680679623052271144,0,0,0,0
1680679623054117879,0,0,0,0
1680679623056060680,0,0,0,0
1680679623057885843,0,0,0,0
1680679623059782651,0,0,0,0
1680679623061648729,0,0,0,0
1680679623063574748,0,0,0,0
1680679623065383936,0,0,0,0
1680679623067257546,0,0,0,0
1680679623069072896,0,0,0,0
1680679623070975766,0,0,0,0
1680679623072810459,0,0,0,0
1680679623074603127,0,0,0,0
1680679623076488081,0,0,0,0
1680679623078334455,0,0,0,0
1680679623080239702,0,0,0,0
1680679623082130103,0,0,0,0
1680679623084101626,0,0,0,0
1680679623086005352,0,0,0,0
1680679623087864302,0,0,0,0
1680679623089808005,0,0,0,0
1680679623091754389,0,0,0,0
1680679623093662341,0,0,0,0
1680679623095631709,0,0,0,0
1680679623097429003,0,0,0,0
1680679623099192947,0,0,0,0
1680679623101006622,0,0,0,0
1680679623102940888,0,0,0,0
1680679623104911639,0,0,0,0
1680679623106876845,0,0,0,0
1680679623108763073,0,0,0,0
1680679623110747599,0,0,0,0
1680679623112713619,0,0,0,0
1680679623114646547,0,0,0,0
1680679623116496590,0,0,0,0
1680679623118310088,0,0,0,0
1680679623120163817,0,0,0,0
1680679623122071112,0,0,0,0
1680679623123931496,0,0,0,0
1680679623125983491,0,0,0,0
1680679623127820851,0,0,0,0
1680679623129748070,0,0,0,0
1680679623131682208,0,0,0,0
1680679623133615523,0,0,0,0
1680679623135602749,0,0,0,0
1680679623137383687,0,0,0,0
1680679623139253049,0,0,0,0
1680679623141063899,0,0,0,0
1680679623142988385,0,0,0,0
1680679623144883052,0,0,0,0
1680679623146746834,0,0,0,0
1680679623148698314,0,0,0,0
1680679623150564745,0,0,0,0
1680679623152644842,0,0,0,0
1680679623154556852,0,0,0,0
1680679623156454355,0,0,0,0
1680679623158440905,0,0,0,0
1680679623160335029,0,0,0,0
1680679623162201103,0,0,0,0
1680679623164102944,0,0,0,0
1680679623166009207,0,0,0,0
1680679623167969705,0,0,0,0
1680679623169950595,0,0,0,0
1680679623171905383,0,0,0,0
1680679623173955165,0,0,0,0
1680679623175876223,0,0,0,0
1680679623177742354,0,0,0,0
1680679623179683600,0,0,0,0
1680679623181643008,0,0,0,0
1680679623183640349,0,0,0,0
1680679623185440568,0,0,0,0
1680679623187346467,0,0,0,0
1680679623189170488,0,0,0,0
1680679623191030618,0,0,0,0
1680679623192922772,0,0,0,0
1680679623194822506,0,0,0,0
1680679623196739873,0,0,0,0
1680679623198576919,0,0,0,0
1680679623200481773,0,0,0,0
1680679623202399895,0,0,0,0
1680679623204368566,0,0,0,0
1680679623206241140,0,0,0,0
1680679623208179035,0,0,0,0
1680679623210059729,0,0,0,0
1680679623212145812,0,0,0,0
1680679623214105876,0,0,0,0
1680679623215991162,0,0,0,0
1680679623217960643,0,0,0,0
1680679623219950162,0,0,0,0
1680679623221808447,0,0,0,0
1680679623223755842,0,0,0,0
1680679623225623440,0,0,0,0
1680679623227547159,0,0,0,0
1680679623229439678,0,0,0,0
1680679623231303315,0,0,0,0
1680679623233135074,0,0,0,0
1680679623235022647,0,0,0,0
1680679623236816562,0,0,0,0
1680679623238802365,0,0,0,0
1680679623240691095,0,0,0,0
1680679623242668818,0,0,0,0
1680679623244630617,0,0,0,0
1680679623246488161,0,0,0,0
1680679623248294076,0,0,0,0
1680679623250215842,0,0,0,0
1680679623252138568,0,0,0,0
1680679623254119319,0,0,0,0
1680679623256064050,0,0,0,0
1680679623257951542,0,0,0,0
1680679623259835255,0,0,0,0
1680679623261793369,0,0,0,0
1680679623263735899,0,0,0,0
1680679623265770162,0,0,0,0
1680679623267663942,0,0,0,0
1680679623269402380,0,0,0,0
1680679623271297760,0,0,0,0
1680679623273115363,0,0,0,0
1680679623275024271,0,0,0,0
1680679623276865759,0,0,0,0
1680679623278768457,0,0,0,0
1680679623280689839,0,0,0,0
1680679623282703631,0,0,0,0
1680679623284665136,0,0,0,0
1680679623286612911,0,0,0,0
1680679623288510236,0,0,0,0
1680679623290490244,0,0,0,0
1680679623292437773,0,0,0,0
1680679623294303177,0,0,0,0
1680679623296247043,0,0,0,0
1680679623298136387,0,0,0,0
1680679623300071323,0,0,0,0
1680679623318761024,0,0,0,0
1680679623320796916,0,0,0,0
1680679623322856395,0,0,0,0
1680679623324807906,0,0,0,0
1680679623326824696,0,0,0,0
1680679623328806551,0,0,0,0
1680679623330575165,0,0,0,0
1680679623332502027,0,0,0,0
1680679623334364381,0,0,0,0
1680679623336310064,0,0,0,0
1680679623338171630,0,0,0,0
1680679623340163205,0,0,0,0
1680679623342086052,0,0,0,0
1680679623344065314,0,0,0,0
1680679623346008045,0,0,0,0
1680679623347877629,0,0,0,0
1680679623349711317,0,0,0,0
1680679623351497537,0,0,0,0
1680679623353291973,0,0,0,0
1680679623355006218,0,0,0,0
1680679623356771547,0,0,0,0
1680679623358553311,0,0,0,0
1680679623360386674,0,0,0,0
1680679623362208203,0,0,0,0
1680679623364064451,0,0,0,0
1680679623366132523,0,0,0,0
1680679623368116965,0,0,0,0
1680679623370147256,0,0,0,0
1680679623372025026,0,0,0,0
1680679623373954905,0,0,0,0
1680679623375920008,0,0,0,0
1680679623377905342,0,0,0,0
1680679623379798339,0,0,0,0
1680679623381714864,0,0,0,0
1680679623383802445,0,0,0,0
1680679623385768778,0,0,0,0
1680679623387562875,0,0,0,0
1680679623389524666,0,0,0,0
1680679623391449682,0,0,0,0
1680679623393205323,0,0,0,0
1680679623395029343,0,0,0,0
1680679623396778660,0,0,0,0
1680679623398588740,0,0,0,0
1680679623400401677,0,0,0,0
1680679623402240831,0,0,0,0
1680679623404103108,0,0,0,0
1680679623406075903,0,0,0,0
1680679623407935109,0,0,0,0
1680679623409870730,0,0,0,0
1680679623411745640,0,0,0,0
1680679623413658978,0,0,0,0
1680679623415427287,0,0,0,0
1680679623417113828,0,0,0,0
1680679623418836435,0,0,0,0
1680679623420624683,0,0,0,0
1680679623422483437,0,0,0,0
1680679623424404809,0,0,0,0
1680679623426255690,0,0,0,0
1680679623428043849,0,0,0,0
1680679623429905415,0,0,0,0
1680679623431654287,0,0,0,0
1680679623433483780,0,0,0,0
1680679623435321906,0,0,0,0
1680679623437190495,0,0,0,0
1680679623438957714,0,0,0,0
1680679623440789790,0,0,0,0
1680679623442716311,0,0,0,0
1680679623444583944,0,0,0,0
1680679623446471122,0,0,0,0
1680679623448148221,0,0,0,0
1680679623449888870,0,0,0,0
1680679623451789946,0,0,0,0
1680679623453686298,0,0,0,0
1680679623455573941,0,0,0,0
1680679623457476949,0,0,0,0
1680679623459409327,0,0,0,0
1680679623461341705,0,0,0,0
1680679623463397583,0,0,0,0
1680679623465346860,0,0,0,0
1680679623467247475,0,0,0,0
1680679623469294446,0,0,0,0
1680679623471221146,0,0,0,0
1680679623473188304,0,0,0,0
1680679623475117390,0,0,0,0
1680679623477042656,0,0,0,0
1680679623478966248,0,0,0,0
1680679623480867928,0,0,0,0
1680679623482779854,0,0,0,0
1680679623484726466,0,0,0,0
1680679623486641480,0,0,0,0
1680679623488519947,0,0,0,0
1680679623490445273,0,0,0,0
1680679623492470383,0,0,0,0
1680679623494408399,0,0,0,0
1680679623496338951,0,0,0,0
1680679623498283852,0,0,0,0
1680679623500218662,0,0,0,0
1680679623503061607,0,0,0,0
1680679623505025561,0,0,0,0
1680679623506959608,0,0,0,0
1680679623508875530,0,0,0,0
1680679623510790956,0,0,0,0
1680679623512727973,0,0,0,0
1680679623514671403,0,0,0,0
1680679623516625615,0,0,0,0
1680679623518552679,0,0,0,0
1680679623520456622,0,0,0,0
1680679623522384634,0,0,0,0
1680679623524536922,0,0,0,0
1680679623596653222,0,0,0,0
1680679623670067881,0,0,0,0
1680679623672231936,0,0,0,0
1680679623674263267,0,0,0,0
1680679623676176409,0,0,0,0
1680679623678118228,0,0,0,0
1680679623680084196,0,0,0,0
1680679623681839474,0,0,0,0
1680679623683714295,0,0,0,0
1680679623685498635,0,0,0,0
1680679623687245572,0,0,0,0
1680679623689004060,0,0,0,0
1680679623690791900,0,0,0,0
1680679623692695978,0,0,0,0
1680679623694491702,0,0,0,0
1680679623696358960,0,0,0,0
1680679623698171722,0,0,0,0
1680679623700003832,0,0,0,0
1680679623701911327,0,0,0,0
1680679623703844894,0,0,0,0
1680679623705755187,0,0,0,0
1680679623707714698,0,0,0,0
1680679623709607916,0,0,0,0
1680679623711578151,0,0,0,0
1680679623713437197,0,0,0,0
1680679623715335235,0,0,0,0
1680679623717094790,0,0,0,0
1680679623718775947,0,0,0,0
1680679623720582159,0,0,0,0
1680679623722423330,0,0,0,0
1680679623724364733,0,0,0,0
1680679623726304260,0,0,0,0
1680679623728253211,0,0,0,0
1680679623730126925,0,0,0,0
1680679623732083503,0,0,0,0
1680679623734044465,0,0,0,0
1680679623735907088,0,0,0,0
1680679623737801816,0,0,0,0
1680679623739727268,0,0,0,0
1680679623741660047,0,0,0,0
1680679623743649922,0,0,0,0
1680679623745613047,0,0,0,0
1680679623747552354,0,0,0,0
1680679623749378061,0,0,0,0
1680679623751258755,0,0,0,0
1680679623753186789,0,0,0,0
1680679623754979367,0,0,0,0
1680679623756806361,0,0,0,0
1680679623758748987,0,0,0,0
1680679623760598033,0,0,0,0
1680679623762464860,0,0,0,0
1680679623764489926,0,0,0,0
1680679623766482917,0,0,0,0
1680679623768448983,0,0,0,0
1680679623770396766,0,0,0,0
1680679623772377428,0,0,0,0
1680679623774244582,0,0,0,0
1680679623776006961,0,0,0,0
1680679623777872355,0,0,0,0
1680679623779810761,0,0,0,0
1680679623781644819,0,0,0,0
1680679623783577022,0,0,0,0
1680679623785523669,0,0,0,0
1680679623787511995,0,0,0,0
1680679623789340267,0,0,0,0
1680679623791256228,0,0,0,0
1680679623793171085,0,0,0,0
1680679623794978686,0,0,0,0
1680679623796801357,0,0,0,0
1680679623798665138,0,0,0,0
1680679623800618775,0,0,0,0
1680679623802507413,0,0,0,0
1680679623804473455,0,0,0,0
1680679623806484594,0,0,0,0
1680679623808375682,0,0,0,0
1680679623810349762,0,0,0,0
1680679623812205989,0,0,0,0
1680679623814275468,0,0,0,0
1680679623816247316,0,0,0,0
1680679623818129202,0,0,0,0
1680679623820004414,0,0,0,0
1680679623821944741,0,0,0,0
1680679623823816912,0,0,0,0
1680679623825713188,0,0,0,0
1680679623827628521,0,0,0,0
1680679623829437982,0,0,0,0
1680679623831334241,0,0,0,0
1680679623833286259,0,0,0,0
1680679623835089229,0,0,0,0
1680679623836869270,0,0,0,0
1680679623838772197,0,0,0,0
1680679623840743243,0,0,0,0
1680679623842540811,0,0,0,0
1680679623844304240,0,0,0,0
1680679623846199514,0,0,0,0
1680679623848021304,0,0,0,0
1680679623850003322,0,0,0,0
1680679623851858440,0,0,0,0
1680679623853874628,0,0,0,0
1680679623855785613,0,0,0,0
1680679623857763774,0,0,0,0
1680679623859629646,0,0,0,0
1680679623861437609,0,0,0,0
1680679623863195519,0,0,0,0
1680679623865082884,0,0,0,0
1680679623866988983,0,0,0,0
1680679623868852253,0,0,0,0
1680679623870778663,0,0,0,0
1680679623872745350,0,0,0,0
1680679623874748529,0,0,0,0
1680679623876736770,0,0,0,0
1680679623878710506,0,0,0,0
1680679623880584650,0,0,0,0
1680679623882428047,0,0,0,0
1680679623884261037,0,0,0,0
1680679623886086135,0,0,0,0
1680679623887995693,0,0,0,0
1680679623889911961,0,0,0,0
1680679623891845470,0,0,0,0
1680679623893792134,0,0,0,0
1680679623895770701,0,0,0,0
1680679623897678605,0,0,0,0
1680679623899652472,0,0,0,0
1680679623901436114,0,0,0,0
1680679623903363832,0,0,0,0
1680679623905204490,0,0,0,0
1680679623907066669,0,0,0,0
1680679623908961372,0,0,0,0
1680679623910805156,0,0,0,0
1680679623912763384,0,0,0,0
1680679623914721794,0,0,0,0
1680679623916708485,0,0,0,0
1680679623918619222,0,0,0,0
1680679623920574245,0,0,0,0
1680679623922434860,0,0,0,0
1680679623924283881,0,0,0,0
1680679623926254812,0,0,0,0
1680679623928233314,0,0,0,0
1680679623930078280,0,0,0,0
1680679623931997979,0,0,0,0
1680679623933984262,0,0,0,0
1680679623935967536,0,0,0,0
1680679623937914907,0,0,0,0
1680679623939891893,0,0,0,0
1680679623941867108,0,0,0,0
1680679623943730100,0,0,0,0
1680679623945724232,0,0,0,0
1680679623947626243,0,0,0,0
1680679623949575865,0,0,0,0
1680679623951421627,0,0,0,0
1680679623953259284,0,0,0,0
1680679623955246309,0,0,0,0
1680679623957045182,0,0,0,0
1680679623959016013,0,0,0,0
1680679623960949048,0,0,0,0
1680679623962927298,0,0,0,0
1680679623964811972,0,0,0,0
1680679623966767758,0,0,0,0
1680679623968653777,0,0,0,0
1680679623970519967,0,0,0,0
1680679623972471001,0,0,0,0
1680679623974371562,0,0,0,0
1680679623976279334,0,0,0,0
1680679623978156789,0,0,0,0
1680679623980087878,0,0,0,0
1680679623981931451,0,0,0,0
1680679623983691323,0,0,0,0
1680679623985389700,0,0,0,0
1680679623987153051,0,0,0,0
1680679623988882242,0,0,0,0
1680679623990773502,0,0,0,0
1680679623992665633,0,0,0,0
1680679623994662355,0,0,0,0
1680679623996578686,0,0,0,0
1680679623998568962,0,0,0,0
1680679624000466535,0,0,0,0
1680679624002466029,0,0,0,0
1680679624004436587,0,0,0,0
1680679624006317186,0,0,0,0
1680679624008190659,0,0,0,0
1680679624010013600,0,0,0,0
1680679624011933012,0,0,0,0
1680679624014029515,0,0,0,0
1680679624015916714,0,0,0,0
1680679624017831520,0,0,0,0
1680679624019666914,0,0,0,0
1680679624021507772,0,0,0,0
1680679624023322638,0,0,0,0
1680679624025237641,0,0,0,0
1680679624027197915,0,0,0,0
1680679624029084601,0,0,0,0
1680679624030891296,0,0,0,0
1680679624032793201,0,0,0,0
1680679624034737744,0,0,0,0
1680679624036611654,0,0,0,0
1680679624038563877,0,0,0,0
1680679624040450963,0,0,0,0
1680679624042360926,0,0,0,0
1680679624044247136,0,0,0,0
1680679624046244462,0,0,0,0
1680679624048157842,0,0,0,0
1680679624050133108,0,0,0,0
1680679624051980361,0,0,0,0
1680679624053937812,0,0,0,0
1680679624055749821,0,0,0,0
1680679624057481312,0,0,0,0
1680679624059345426,0,0,0,0
1680679624061190577,0,0,0,0
1680679624063068662,0,0,0,0
1680679624064941182,0,0,0,0
1680679624066829101,0,0,0,0
1680679624068805226,0,0,0,0
1680679624070700207,0,0,0,0
1680679624072558773,0,0,0,0
1680679624074445060,0,0,0,0
1680679624076394003,0,0,0,0
1680679624078252529,0,0,0,0
1680679624080239839,0,0,0,0
1680679624082178880,0,0,0,0
1680679624084092597,0,0,0,0
1680679624086004035,0,0,0,0
1680679624087949194,0,0,0,0
1680679624089951028,0,0,0,0
1680679624091911231,0,0,0,0
1680679624093874485,0,0,0,0
1680679624095791700,0,0,0,0
1680679624097623709,0,0,0,0
1680679624099436328,0,0,0,0
1680679624101347606,0,0,0,0
1680679624103149212,0,0,0,0
1680679624104942522,0,0,0,0
1680679624106818049,0,0,0,0
1680679624108757201,0,0,0,0
1680679624110592625,0,0,0,0
1680679624112334327,0,0,0,0
1680679624114179059,0,0,0,0
1680679624116127353,0,0,0,0
1680679624118015053,0,0,0,0
1680679624119992318,0,0,0,0
1680679624121910914,0,0,0,0
1680679624123847504,0,0,0,0
1680679624125786339,0,0,0,0
1680679624127770773,0,0,0,0
1680679624129653623,0,0,0,0
1680679624131646635,0,0,0,0
1680679624133530371,0,0,0,0
1680679624135558223,0,0,0,0
1680679624137388409,0,0,0,0
1680679624139174611,0,0,0,0
1680679624140956333,0,0,0,0
1680679624142880960,0,0,0,0
1680679624144808888,0,0,0,0
1680679624146786449,0,0,0,0
1680679624148672279,0,0,0,0
1680679624150632814,0,0,0,0
1680679624152541026,0,0,0,0
1680679624154517035,0,0,0,0
1680679624156376761,0,0,0,0
1680679624158248863,0,0,0,0
1680679624160213433,0,0,0,0
1680679624162072887,0,0,0,0
1680679624164020818,0,0,0,0
1680679624165950296,0,0,0,0
1680679624167914563,0,0,0,0
1680679624169870057,0,0,0,0
1680679624171804731,0,0,0,0
1680679624173761410,0,0,0,0
1680679624175655309,0,0,0,0
1680679624177543134,0,0,0,0
1680679624179358057,0,0,0,0
1680679624181215399,0,0,0,0
1680679624183039377,0,0,0,0
1680679624184889227,0,0,0,0
1680679624186877713,0,0,0,0
1680679624188798980,0,0,0,0
1680679624190787083,0,0,0,0
1680679624192686681,0,0,0,0
1680679624194682859,0,0,0,0
1680679624196638154,0,0,0,0
1680679624198508861,0,0,0,0
1680679624200463665,0,0,0,0
1680679624202349250,0,0,0,0
1680679624204158016,0,0,0,0
1680679624206221369,0,0,0,0
1680679624208137396,0,0,0,0
1680679624210087407,0,0,0,0
1680679624212010457,0,0,0,0
1680679624214011520,0,0,0,0
1680679624215980431,0,0,0,0
1680679624217938313,0,0,0,0
1680679624219789426,0,0,0,0
1680679624221730929,0,0,0,0
1680679624223606948,0,0,0,0
1680679624225547542,0,0,0,0
1680679624227495635,0,0,0,0
1680679624229258150,0,0,0,0
1680679624231155969,0,0,0,0
1680679624232988607,0,0,0,0
1680679624234973282,0,0,0,0
1680679624236858220,0,0,0,0
1680679624238758982,0,0,0,0
1680679624240739572,0,0,0,0
1680679624242599658,0,0,0,0
1680679624244542425,0,0,0,0
1680679624246600092,0,0,0,0
1680679624248537348,0,0,0,0
1680679624250536425,0,0,0,0
1680679624252384156,0,0,0,0
1680679624254440542,0,0,0,0
1680679624256259464,0,0,0,0
1680679624258166905,0,0,0,0
1680679624260029542,0,0,0,0
1680679624261922543,0,0,0,0
1680679624263881598,0,0,0,0
1680679624265726862,0,0,0,0
1680679624267584738,0,0,0,0
1680679624269454622,0,0,0,0
1680679624271292079,0,0,0,0
1680679624273093007,0,0,0,0
1680679624275079327,0,0,0,0
1680679624276865834,0,0,0,0
1680679624278770931,0,0,0,0
1680679624280670034,0,0,0,0
1680679624282575788,0,0,0,0
1680679624284532458,0,0,0,0
1680679624286589230,0,0,0,0
1680679624288542378,0,0,0,0
1680679624290419812,0,0,0,0
1680679624292277320,0,0,0,0
1680679624294271705,0,0,0,0
1680679624296115678,0,0,0,0
1680679624298095928,0,0,0,0
1680679624299935418,0,0,0,0
1680679624301887037,0,0,0,0
1680679624303765647,0,0,0,0
1680679624305888269,0,0,0,0
1680679624307877320,0,0,0,0
1680679624309871538,0,0,0,0
1680679624311788043,0,0,0,0
1680679624313754351,0,0,0,0
1680679624315721654,0,0,0,0
1680679624317583789,0,0,0,0
1680679624319506043,0,0,0,0
1680679624321265577,0,0,0,0
1680679624323007474,0,0,0,0
1680679624324907833,0,0,0,0
1680679624326880740,0,0,0,0
1680679624328814116,0,0,0,0
1680679624330687240,0,0,0,0
1680679624332637058,0,0,0,0
1680679624334645285,0,0,0,0
1680679624336602091,0,0,0,0
1680679624338484857,0,0,0,0
1680679624340352730,0,0,0,0
1680679624342241498,0,0,0,0
1680679624344207137,0,0,0,0
1680679624346126683,0,0,0,0
1680679624348090674,0,0,0,0
1680679624350006036,0,0,0,0
1680679624351928767,0,0,0,0
1680679624353915025,0,0,0,0
1680679624355854531,0,0,0,0
1680679624357768290,0,0,0,0
1680679624359721368,0,0,0,0
1680679624361620503,0,0,0,0
1680679624363618133,0,0,0,0
1680679624365431113,0,0,0,0
1680679624367238529,0,0,0,0
1680679624369048279,0,0,0,0
1680679624371004650,0,0,0,0
1680679624372807867,0,0,0,0
1680679624374820066,0,0,0,0
1680679624376685220,0,0,0,0
1680679624378664539,0,0,0,0
1680679624380617991,0,0,0,0
1680679624382531584,0,0,0,0
1680679624384488430,0,0,0,0
1680679624386415741,0,0,0,0
1680679624388411212,0,0,0,0
1680679624390238765,0,0,0,0
1680679624392162840,0,0,0,0
1680679624394063722,0,0,0,0
1680679624395927689,0,0,0,0
1680679624397879769,0,0,0,0
1680679624399778037,0,0,0,0
1680679624401678619,0,0,0,0
1680679624403647268,0,0,0,0
1680679624405448148,0,0,0,0
1680679624407324480,0,0,0,0
1680679624409168159,0,0,0,0
1680679624410977958,0,0,0,0
1680679624412810811,0,0,0,0
1680679624414807647,0,0,0,0
1680679624416632765,0,0,0,0
1680679624418608643,0,0,0,0
1680679624420485430,0,0,0,0
1680679624422479977,0,0,0,0
1680679624424411335,0,0,0,0
1680679624426498430,0,0,0,0
1680679624428447675,0,0,0,0
1680679624430368773,0,0,0,0
1680679624432174937,0,0,0,0
1680679624434104104,0,0,0,0
1680679624435989154,0,0,0,0
1680679624437926420,0,0,0,0
1680679624439782810,0,0,0,0
1680679624441731181,0,0,0,0
1680679624443683103,0,0,0,0
1680679624445591393,0,0,0,0
1680679624447573661,0,0,0,0
1680679624449559667,0,0,0,0
1680679624451422197,0,0,0,0
1680679624453240495,0,0,0,0
1680679624455055050,0,0,0,0
1680679624456939811,0,0,0,0
1680679624458821538,0,0,0,0
1680679624460652968,0,0,0,0
1680679624462638250,0,0,0,0
1680679624464568671,0,0,0,0
1680679624466620110,0,0,0,0
1680679624468593431,0,0,0,0
1680679624470592125,0,0,0,0
1680679624472514411,0,0,0,0
1680679624474461665,0,0,0,0
1680679624476331395,0,0,0,0
1680679624478165421,0,0,0,0
1680679624480047889,0,0,0,0
1680679624481911242,0,0,0,0
1680679624483891060,0,0,0,0
1680679624485803243,0,0,0,0
1680679624487923259,0,0,0,0
1680679624489899889,0,0,0,0
1680679624491802407,0,0,0,0
1680679624493779830,0,0,0,0
1680679624495635440,0,0,0,0
1680679624497515606,0,0,0,0
1680679624499334012,0,0,0,0
1680679624501214074,0,0,0,0
1680679624503066398,0,0,0,0
1680679624504899550,0,0,0,0
1680679624506931542,0,0,0,0
1680679624508808324,0,0,0,0
1680679624510734411,0,0,0,0
1680679624512636590,0,0,0,0
1680679624514620131,0,0,0,0
1680679624516464377,0,0,0,0
1680679624518398415,0,0,0,0
1680679624520205310,0,0,0,0
1680679624522123342,0,0,0,0
1680679624523972635,0,0,0,0
1680679624525924420,0,0,0,0
1680679624527812099,0,0,0,0
1680679624529737755,0,0,0,0
1680679624531584607,0,0,0,0
1680679624533441832,0,0,0,0
1680679624535347658,0,0,0,0
1680679624537151877,0,0,0,0
1680679624539017804,0,0,0,0
1680679624540814579,0,0,0,0
1680679624542637348,0,0,0,0
1680679624544593149,0,0,0,0
1680679624546589829,0,0,0,0
1680679624548604904,0,0,0,0
1680679624550513362,0,0,0,0
1680679624552439933,0,0,0,0
1680679624554469343,0,0,0,0
1680679624556415397,0,0,0,0
1680679624558339644,0,0,0,0
1680679624560250623,0,0,0,0
1680679624562077040,0,0,0,0
1680679624563976071,0,0,0,0
1680679624565811037,0,0,0,0
1680679624567747975,0,0,0,0
1680679624569725765,0,0,0,0
1680679624571726692,0,0,0,0
1680679624573648223,0,0,0,0
1680679624575643321,0,0,0,0
1680679624577491684,0,0,0,0
1680679624579324038,0,0,0,0
1680679624581072630,0,0,0,0
1680679624582919276,0,0,0,0
1680679624584810744,0,0,0,0
1680679624586668378,0,0,0,0
1680679624588657181,0,0,0,0
1680679624590584056,0,0,0,0
1680679624592557390,0,0,0,0
1680679624594474783,0,0,0,0
1680679624596334675,0,0,0,0
1680679624598168500,0,0,0,0
1680679624600031293,0,0,0,0
1680679624601933421,0,0,0,0
1680679624603786548,0,0,0,0
1680679624605601912,0,0,0,0
1680679624607546620,0,0,0,0
1680679624609391222,0,0,0,0
1680679624611192348,0,0,0,0
1680679624613051114,0,0,0,0
1680679624614999032,0,0,0,0
1680679624616864622,0,0,0,0
1680679624618790417,0,0,0,0
1680679624620670915,0,0,0,0
1680679624622578310,0,0,0,0
1680679624624395987,0,0,0,0
1680679624626294070,0,0,0,0
1680679624628171365,0,0,0,0
1680679624630112523,0,0,0,0
1680679624631978253,0,0,0,0
1680679624633937964,0,0,0,0
1680679624635946862,0,0,0,0
1680679624637925289,0,0,0,0
1680679624639759487,0,0,0,0
1680679624641709725,0,0,0,0
1680679624643555436,0,0,0,0
1680679624645433493,0,0,0,0
1680679624647277812,0,0,0,0
1680679624649117927,0,0,0,0
1680679624650866744,0,0,0,0
1680679624652772202,0,0,0,0
1680679624654674840,0,0,0,0
1680679624656618183,0,0,0,0
1680679624658530406,0,0,0,0
1680679624660490787,0,0,0,0
1680679624662384678,0,0,0,0
1680679624664350660,0,0,0,0
1680679624666248147,0,0,0,0
1680679624668143893,0,0,0,0
1680679624670102739,0,0,0,0
1680679624671970490,0,0,0,0
1680679624673868006,0,0,0,0
1680679624675951675,0,0,0,0
1680679624677857704,0,0,0,0
1680679624679660047,0,0,0,0
1680679624681503318,0,0,0,0
1680679624683309132,0,0,0,0
1680679624685138874,0,0,0,0
1680679624687096044,0,0,0,0
1680679624688983671,0,0,0,0
1680679624690776798,0,0,0,0
1680679624692509270,0,0,0,0
1680679624694257409,0,0,0,0
1680679624696207292,0,0,0,0
1680679624698034464,0,0,0,0
1680679624699990013,0,0,0,0
1680679624701897753,0,0,0,0
1680679624703836025,0,0,0,0
1680679624705921561,0,0,0,0
1680679624707706884,0,0,0,0
1680679624709576599,0,0,0,0
1680679624711504325,0,0,0,0
1680679624713465927,0,0,0,0
1680679624715260005,0,0,0,0
1680679624717070064,0,0,0,0
1680679624719137381,0,0,0,0
1680679624720941144,0,0,0,0
1680679624722815687,0,0,0,0
1680679624724703381,0,0,0,0
1680679624726880102,0,0,0,0
1680679624728795570,0,0,0,0
1680679624730649247,0,0,0,0
1680679624732429655,0,0,0,0
1680679624734275719,0,0,0,0
1680679624736031931,0,0,0,0
1680679624737857169,0,0,0,0
1680679624739749515,0,0,0,0
1680679624741624698,0,0,0,0
1680679624743574803,0,0,0,0
1680679624745396725,0,0,0,0
1680679624747159812,0,0,0,0
1680679624748873934,0,0,0,0
1680679624750633876,0,0,0,0
1680679624752378627,0,0,0,0
1680679624754335804,0,0,0,0
1680679624756221999,0,0,0,0
1680679624758191972,0,0,0,0
1680679624760052298,0,0,0,0
1680679624762004721,0,0,0,0
1680679624763975324,0,0,0,0
1680679624765886762,0,0,0,0
1680679624767882283,0,0,0,0
1680679624769678286,0,0,0,0
1680679624771616665,0,0,0,0
1680679624773411903,0,0,0,0
1680679624775161148,0,0,0,0
1680679624777061183,0,0,0,0
1680679624778880909,0,0,0,0
1680679624780705587,0,0,0,0
1680679624782640402,0,0,0,0
1680679624784460048,0,0,0,0
1680679624786405975,0,0,0,0
1680679624788335085,0,0,0,0
1680679624790361139,0,0,0,0
1680679624792382776,0,0,0,0
1680679624794314334,0,0,0,0
1680679624796300305,0,0,0,0
1680679624798223189,0,0,0,0
1680679624800141073,0,0,0,0
1680679624802046937,0,0,0,0
1680679624804725645,0,0,0,0
1680679624806648804,0,0,0,0
1680679624808574718,0,0,0,0
1680679624810486772,0,0,0,0
1680679624812413550,0,0,0,0
1680679624814366187,0,0,0,0
1680679624816355080,0,0,0,0
1680679624818300339,0,0,0,0
1680679624820198941,0,0,0,0
1680679624822094062,0,0,0,0
1680679624823953320,0,0,0,0
1680679624825836495,0,0,0,0
1680679624827805195,0,0,0,0
1680679624829680389,0,0,0,0
1680679624831590427,0,0,0,0
1680679624833530551,0,0,0,0
1680679624835512897,0,0,0,0
1680679624837445929,0,0,0,0
1680679624839388218,0,0,0,0
1680679624841284509,0,0,0,0
1680679624843196991,0,0,0,0
1680679624845080225,0,0,0,0
1680679624846990246,0,0,0,0
1680679624848863291,0,0,0,0
1680679624850797753,0,0,0,0
1680679624852690133,0,0,0,0
1680679624855701020,0,0,0,0
1680679624857634156,0,0,0,0
1680679624859810492,0,0,0,0
1680679624932910423,0,0,0,0
1680679625002800230,0,0,0,0
1680679625004752047,0,0,0,0
1680679625006711632,0,0,0,0
1680679625008665180,0,0,0,0
1680679625010672463,0,0,0,0
1680679625012665042,0,0,0,0
1680679625014549166,0,0,0,0
1680679625016595007,0,0,0,0
1680679625018419846,0,0,0,0
1680679625020330644,0,0,0,0
1680679625022158739,0,0,0,0
1680679625024088568,0,0,0,0
1680679625026011736,0,0,0,0
1680679625027968715,0,0,0,0
1680679625029968415,0,0,0,0
1680679625031848370,0,0,0,0
1680679625033810828,0,0,0,0
1680679625035648050,0,0,0,0
1680679625037590640,0,0,0,0
1680679625039505967,0,0,0,0
1680679625041299781,0,0,0,0
1680679625043085725,0,0,0,0
1680679625044978359,0,0,0,0
1680679625046805614,0,0,0,0
1680679625048639982,0,0,0,0
1680679625050496355,0,0,0,0
1680679625052351436,0,0,0,0
1680679625054359043,0,0,0,0
1680679625056187329,0,0,0,0
1680679625058150625,0,0,0,0
1680679625059981876,0,0,0,0
1680679625061932015,0,0,0,0
1680679625063797707,0,0,0,0
1680679625065713255,0,0,0,0
1680679625067691229,0,0,0,0
1680679625069716575,0,0,0,0
1680679625071682886,0,0,0,0
1680679625073595266,0,0,0,0
1680679625075570226,0,0,0,0
1680679625077383104,0,0,0,0
1680679625079155927,0,0,0,0
1680679625081049985,0,0,0,0
1680679625082856085,0,0,0,0
1680679625084708764,0,0,0,0
1680679625086708420,0,0,0,0
1680679625088691347,0,0,0,0
1680679625090684617,0,0,0,0
1680679625092558803,0,0,0,0
1680679625094454601,0,0,0,0
1680679625096332217,0,0,0,0
1680679625098318722,0,0,0,0
1680679625100167405,0,0,0,0
1680679625102017135,0,0,0,0
1680679625103894746,0,0,0,0
1680679625105739907,0,0,0,0
1680679625107812910,0,0,0,0
1680679625109753240,0,0,0,0
1680679625111719288,0,0,0,0
1680679625113643209,0,0,0,0
1680679625115620456,0,0,0,0
1680679625117634363,0,0,0,0
1680679625119420277,0,0,0,0
1680679625121270903,0,0,0,0
1680679625123063008,0,0,0,0
1680679625124812657,0,0,0,0
1680679625126755485,0,0,0,0
1680679625128687793,0,0,0,0
1680679625130705751,0,0,0,0
1680679625132622072,0,0,0,0
1680679625134606823,0,0,0,0
1680679625136574934,0,0,0,0
1680679625138544356,0,0,0,0
1680679625140385147,0,0,0,0
1680679625142342129,0,0,0,0
1680679625144161199,0,0,0,0
1680679625146115902,0,0,0,0
1680679625148000929,0,0,0,0
1680679625149849313,0,0,0,0
1680679625151834469,0,0,0,0
1680679625153732091,0,0,0,0
1680679625155628087,0,0,0,0
1680679625157647728,0,0,0,0
1680679625159642266,0,0,0,0
1680679625161436714,0,0,0,0
1680679625163209832,0,0,0,0
1680679625165063109,0,0,0,0
1680679625166935866,0,0,0,0
1680679625168814103,0,0,0,0
1680679625170788703,0,0,0,0
1680679625172709138,0,0,0,0
1680679625174714521,0,0,0,0
1680679625176690744,0,0,0,0
1680679625178681634,0,0,0,0
1680679625180611124,0,0,0,0
1680679625182579762,0,0,0,0
1680679625184418844,0,0,0,0
1680679625186391895,0,0,0,0
1680679625188268065,0,0,0,0
1680679625190105708,0,0,0,0
1680679625192059026,0,0,0,0
1680679625194006605,0,0,0,0
1680679625195948419,0,0,0,0
1680679625197958866,0,0,0,0
1680679625199906920,0,0,0,0
1680679625201893306,0,0,0,0
1680679625203722965,0,0,0,0
1680679625205647085,0,0,0,0
1680679625207567241,0,0,0,0
1680679625209355618,0,0,0,0
1680679625211211546,0,0,0,0
1680679625213014691,0,0,0,0
1680679625214861754,0,0,0,0
1680679625216836811,0,0,0,0
1680679625218801199,0,0,0,0
1680679625220760210,0,0,0,0
1680679625222740156,0,0,0,0
1680679625224615762,0,0,0,0
1680679625226509068,0,0,0,0
1680679625228507895,0,0,0,0
1680679625230370670,0,0,0,0
1680679625232332548,0,0,0,0
1680679625234221546,0,0,0,0
1680679625236097985,0,0,0,0
1680679625238147996,0,0,0,0
1680679625240045526,0,0,0,0
1680679625241932692,0,0,0,0
1680679625243900839,0,0,0,0
1680679625245787065,0,0,0,0
1680679625247653775,0,0,0,0
1680679625249623290,0,0,0,0
1680679625251618203,0,0,0,0
1680679625253363954,0,0,0,0
1680679625255308745,0,0,0,0
1680679625257199723,0,0,0,0
1680679625259115013,0,0,0,0
1680679625260966103,0,0,0,0
1680679625262909825,0,0,0,0
1680679625264789396,0,0,0,0
1680679625266753651,0,0,0,0
1680679625268608661,0,0,0,0
1680679625270600247,0,0,0,0
1680679625272462381,0,0,0,0
1680679625274347083,0,0,0,0
1680679625276202962,0,0,0,0
1680679625278214709,0,0,0,0
1680679625280167187,0,0,0,0
1680679625282057643,0,0,0,0
1680679625283837095,0,0,0,0
1680679625285614722,0,0,0,0
1680679625287356877,0,0,0,0
1680679625289212843,0,0,0,0
1680679625291099499,0,0,0,0
1680679625292858913,0,0,0,0
1680679625294791635,0,0,0,0
1680679625296685408,0,0,0,0
1680679625298699409,0,0,0,0
1680679625300571831,0,0,0,0
1680679625302477317,0,0,0,0
1680679625304323273,0,0,0,0
1680679625306287573,0,0,0,0
1680679625308295656,0,0,0,0
1680679625310194835,0,0,0,0
1680679625312101087,0,0,0,0
1680679625314052115,0,0,0,0
1680679625315860481,0,0,0,0
1680679625317749131,0,0,0,0
1680679625319719958,0,0,0,0
1680679625321571424,0,0,0,0
1680679625323468475,0,0,0,0
1680679625325252470,0,0,0,0
1680679625326997378,0,0,0,0
1680679625328889103,0,0,0,0
1680679625330749015,0,0,0,0
1680679625332647849,0,0,0,0
1680679625334621827,0,0,0,0
1680679625336615143,0,0,0,0
1680679625338571585,0,0,0,0
1680679625340479459,0,0,0,0
1680679625342330218,0,0,0,0
1680679625344140019,0,0,0,0
1680679625346107254,0,0,0,0
1680679625348041873,0,0,0,0
1680679625349965247,0,0,0,0
1680679625351938625,0,0,0,0
1680679625353933725,0,0,0,0
1680679625355802547,0,0,0,0
1680679625357878006,0,0,0,0
1680679625359966101,0,0,0,0
1680679625361915571,0,0,0,0
1680679625363766705,0,0,0,0
1680679625365717727,0,0,0,0
1680679625367582202,0,0,0,0
1680679625369437212,0,0,0,0
1680679625371384199,0,0,0,0
1680679625373235761,0,0,0,0
1680679625375086912,0,0,0,0
1680679625376865861,0,0,0,0
1680679625378846621,0,0,0,0
1680679625380707937,0,0,0,0
1680679625382681476,0,0,0,0
1680679625384597542,0,0,0,0
1680679625386511953,0,0,0,0
1680679625388485399,0,0,0,0
1680679625390400565,0,0,0,0
1680679625392347068,0,0,0,0
1680679625394175522,0,0,0,0
1680679625396117677,0,0,0,0
1680679625398035075,0,0,0,0
1680679625399937151,0,0,0,0
1680679625401912684,0,0,0,0
1680679625403819384,0,0,0,0
1680679625405700844,0,0,0,0
1680679625407660387,0,0,0,0
1680679625409612745,0,0,0,0
1680679625411612892,0,0,0,0
1680679625413421256,0,0,0,0
1680679625415326576,0,0,0,0
1680679625417232676,0,0,0,0
1680679625419203305,0,0,0,0
1680679625421068182,0,0,0,0
1680679625422910837,0,0,0,0
1680679625424806876,0,0,0,0
1680679625426708788,0,0,0,0
1680679625428487847,0,0,0,0
1680679625430406160,0,0,0,0
1680679625432288736,0,0,0,0
1680679625434154203,0,0,0,0
1680679625436077066,0,0,0,0
1680679625438083204,0,0,0,0
1680679625439964582,0,0,0,0
1680679625441843080,0,0,0,0
1680679625443687259,0,0,0,0
1680679625445641045,0,0,0,0
1680679625447474175,0,0,0,0
1680679625449363585,0,0,0,0
1680679625451169100,0,0,0,0
1680679625452986653,0,0,0,0
1680679625454885192,0,0,0,0
1680679625456799420,0,0,0,0
1680679625458752276,0,0,0,0
1680679625460687536,0,0,0,0
1680679625462590707,0,0,0,0
1680679625464556360,0,0,0,0
1680679625466546160,0,0,0,0
1680679625468399042,0,0,0,0
1680679625470187470,0,0,0,0
1680679625472103041,0,0,0,0
1680679625474048497,0,0,0,0
1680679625475908987,0,0,0,0
1680679625477782790,0,0,0,0
1680679625479805070,0,0,0,0
1680679625481753101,0,0,0,0
1680679625483707559,0,0,0,0
1680679625485682291,0,0,0,0
1680679625487596981,0,0,0,0
1680679625489675579,0,0,0,0
1680679625491595924,0,0,0,0
1680679625493537245,0,0,0,0
1680679625495496431,0,0,0,0
1680679625497353953,0,0,0,0
1680679625499290224,0,0,0,0
1680679625501118006,0,0,0,0
1680679625502975996,0,0,0,0
1680679625504833993,0,0,0,0
1680679625506714128,0,0,0,0
1680679625526584407,0,0,0,0
1680679625528544006,0,0,0,0
1680679625530511223,0,0,0,0
1680679625532485478,0,0,0,0
1680679625534494373,0,0,0,0
1680679625536405014,0,0,0,0
1680679625538378341,0,0,0,0
1680679625540290660,0,0,0,0
1680679625542297332,0,0,0,0
1680679625544260868,0,0,0,0
1680679625546077223,0,0,0,0
1680679625547968905,0,0,0,0
1680679625549846835,0,0,0,0
1680679625551779822,0,0,0,0
1680679625553735396,0,0,0,0
1680679625555674942,0,0,0,0
1680679625557718518,0,0,0,0
1680679625559719656,0,0,0,0
1680679625561638351,0,0,0,0
1680679625563634310,0,0,0,0
1680679625565540015,0,0,0,0
1680679625567461101,0,0,0,0
1680679625569245964,0,0,0,0
1680679625571176722,0,0,0,0
1680679625572972582,0,0,0,0
1680679625574774907,0,0,0,0
1680679625576685441,0,0,0,0
1680679625578679307,0,0,0,0
1680679625580617497,0,0,0,0
1680679625582614020,0,0,0,0
1680679625584515894,0,0,0,0
1680679625586432093,0,0,0,0
1680679625588294911,0,0,0,0
1680679625590261944,0,0,0,0
1680679625592131363,0,0,0,0
1680679625594108490,0,0,0,0
1680679625595975605,0,0,0,0
1680679625597961343,0,0,0,0
1680679625599803130,0,0,0,0
1680679625601750751,0,0,0,0
1680679625603672963,0,0,0,0
1680679625605428496,0,0,0,0
1680679625607340490,0,0,0,0
1680679625609216369,0,0,0,0
1680679625611157186,0,0,0,0
1680679625613009085,0,0,0,0
1680679625614973104,0,0,0,0
1680679625616808614,0,0,0,0
1680679625618807713,0,0,0,0
1680679625620893425,0,0,0,0
1680679625622807718,0,0,0,0
1680679625624636164,0,0,0,0
1680679625626592563,0,0,0,0
1680679625628403869,0,0,0,0
1680679625630406439,0,0,0,0
1680679625632260222,0,0,0,0
1680679625634202908,0,0,0,0
1680679625636121255,0,0,0,0
1680679625638110721,0,0,0,0
1680679625640029103,0,0,0,0
1680679625641962890,0,0,0,0
1680679625643781888,0,0,0,0
1680679625645684021,0,0,0,0
1680679625647499824,0,0,0,0
1680679625649404523,0,0,0,0
1680679625651208205,0,0,0,0
1680679625653090847,0,0,0,0
1680679625654993209,0,0,0,0
1680679625656805725,0,0,0,0
1680679625658747759,0,0,0,0
1680679625660628030,0,0,0,0
1680679625662473262,0,0,0,0
1680679625664431040,0,0,0,0
1680679625666329704,0,0,0,0
1680679625668226865,0,0,0,0
1680679625670241176,0,0,0,0
1680679625672193430,0,0,0,0
1680679625674131076,0,0,0,0
1680679625675955491,0,0,0,0
1680679625677897246,0,0,0,0
1680679625679756195,0,0,0,0
1680679625681693395,0,0,0,0
1680679625683569024,0,0,0,0
1680679625685453298,0,0,0,0
1680679625687353374,0,0,0,0
1680679625689288751,0,0,0,0
1680679625691192037,0,0,0,0
1680679625693033311,0,0,0,0
1680679625694986574,0,0,0,0
1680679625696809158,0,0,0,0
1680679625698700638,0,0,0,0
1680679625700647593,0,0,0,0
1680679625702559555,0,0,0,0
1680679625704450791,0,0,0,0
1680679625706428063,0,0,0,0
1680679625708348430,0,0,0,0
1680679625710433669,0,0,0,0
1680679625712361752,0,0,0,0
1680679625714317790,0,0,0,0
1680679625716273096,0,0,0,0
1680679625718164558,0,0,0,0
1680679625720039297,0,0,0,0
1680679625722013787,0,0,0,0
1680679625723865357,0,0,0,0
1680679625725843716,0,0,0,0
1680679625727728306,0,0,0,0
1680679625729602755,0,0,0,0
1680679625731667196,0,0,0,0
1680679625733456153,0,0,0,0
1680679625735341854,0,0,0,0
1680679625737145340,0,0,0,0
1680679625738960567,0,0,0,0
1680679625741356844,0,0,0,0
1680679625743373462,0,0,0,0
1680679625745384649,0,0,0,0
1680679625747402676,0,0,0,0
1680679625749431427,0,0,0,0
1680679625751488145,0,0,0,0
1680679625753315871,0,0,0,0
1680679625755102217,0,0,0,0
1680679625756995204,0,0,0,0
1680679625758904194,0,0,0,0
1680679625760808540,0,0,0,0
1680679625762752271,0,0,0,0
1680679625764647413,0,0,0,0
1680679625766621152,0,0,0,0
1680679625768485778,0,0,0,0
1680679625770522411,0,0,0,0
1680679625772507176,0,0,0,0
1680679625774494595,0,0,0,0
1680679625776357388,0,0,0,0
1680679625778252437,0,0,0,0
1680679625780191683,0,0,0,0
1680679625782062769,0,0,0,0
1680679625784002290,0,0,0,0
1680679625785920688,0,0,0,0
1680679625787877510,0,0,0,0
1680679625789764057,0,0,0,0
1680679625791728067,0,0,0,0
1680679625793625162,0,0,0,0
1680679625795504934,0,0,0,0
1680679625797293652,0,0,0,0
1680679625799169168,0,0,0,0
1680679625800959902,0,0,0,0
1680679625802828390,0,0,0,0
1680679625804738355,0,0,0,0
1680679625806660429,0,0,0,0
1680679625808666057,0,0,0,0
1680679625810672426,0,0,0,0
1680679625812549385,0,0,0,0
1680679625814524715,0,0,0,0
1680679625816453025,0,0,0,0
1680679625818373715,0,0,0,0
1680679625820297902,0,0,0,0
1680679625822192204,0,0,0,0
1680679625824117869,0,0,0,0
1680679625826066490,0,0,0,0
1680679625828060588,0,0,0,0
1680679625829896166,0,0,0,0
1680679625831838907,0,0,0,0
1680679625833726706,0,0,0,0
1680679625835701569,0,0,0,0
1680679625837572821,0,0,0,0
1680679625839462805,0,0,0,0
1680679625841274898,0,0,0,0
1680679625843160366,0,0,0,0
1680679625844916642,0,0,0,0
1680679625846704556,0,0,0,0
1680679625848615952,0,0,0,0
1680679625850650224,0,0,0,0
1680679625852570558,0,0,0,0
1680679625854515952,0,0,0,0
1680679625856425010,0,0,0,0
1680679625858392333,0,0,0,0
1680679625860217488,0,0,0,0
1680679625861986780,0,0,0,0
1680679625863958633,0,0,0,0
1680679625865814038,0,0,0,0
1680679625867725592,0,0,0,0
1680679625869749018,0,0,0,0
1680679625871792947,0,0,0,0
1680679625873800514,0,0,0,0
1680679625875694026,0,0,0,0
1680679625877648012,0,0,0,0
1680679625879532951,0,0,0,0
1680679625881388657,0,0,0,0
1680679625883208734,0,0,0,0
1680679625884930222,0,0,0,0
1680679625886724877,0,0,0,0
1680679625888648985,0,0,0,0
1680679625890699336,0,0,0,0
1680679625892806029,0,0,0,0
1680679625894778538,0,0,0,0
1680679625896653404,0,0,0,0
1680679625898646162,0,0,0,0
1680679625900504889,0,0,0,0
1680679625902432249,0,0,0,0
1680679625904404170,0,0,0,0
1680679625906262484,0,0,0,0
1680679625908137090,0,0,0,0
1680679625910090985,0,0,0,0
1680679625911986255,0,0,0,0
1680679625913953189,0,0,0,0
1680679625915821168,0,0,0,0
1680679625917765926,0,0,0,0
1680679625919732889,0,0,0,0
1680679625921716455,0,0,0,0
1680679625923611785,0,0,0,0
1680679625925439052,0,0,0,0
1680679625927368898,0,0,0,0
1680679625929194912,0,0,0,0
1680679625931153559,0,0,0,0
1680679625933015321,0,0,0,0
1680679625934867843,0,0,0,0
1680679625936825714,0,0,0,0
1680679625938689336,0,0,0,0
1680679625940610096,0,0,0,0
1680679625942524768,0,0,0,0
1680679625944414451,0,0,0,0
1680679625946264273,0,0,0,0
1680679625948240107,0,0,0,0
1680679625950137094,0,0,0,0
1680679625951969254,0,0,0,0
1680679625953696090,0,0,0,0
1680679625955609992,0,0,0,0
1680679625957420594,0,0,0,0
1680679625959266878,0,0,0,0
1680679625961170291,0,0,0,0
1680679625963046032,0,0,0,0
1680679625964863583,0,0,0,0
1680679625966825165,0,0,0,0
1680679625968691364,0,0,0,0
1680679625970704842,0,0,0,0
1680679625972556722,0,0,0,0
1680679625974501863,0,0,0,0
1680679625976465721,0,0,0,0
1680679625978342519,0,0,0,0
1680679625980342394,0,0,0,0
1680679625982253714,0,0,0,0
1680679625984227415,0,0,0,0
1680679625986126989,0,0,0,0
1680679625988075716,0,0,0,0
1680679625989966460,0,0,0,0
1680679625992058789,0,0,0,0
1680679625993975459,0,0,0,0
1680679625995844661,0,0,0,0
1680679625997797326,0,0,0,0
1680679625999681263,0,0,0,0
1680679626001607379,0,0,0,0
1680679626003501617,0,0,0,0
1680679626005395902,0,0,0,0
1680679626007245621,0,0,0,0
1680679626009044761,0,0,0,0
1680679626011110252,0,0,0,0
1680679626012994574,0,0,0,0
1680679626014925743,0,0,0,0
1680679626016789323,0,0,0,0
1680679626018757897,0,0,0,0
1680679626020744824,0,0,0,0
1680679626022567418,0,0,0,0
1680679626024329052,0,0,0,0
1680679626026112532,0,0,0,0
1680679626027954719,0,0,0,0
1680679626029784384,0,0,0,0
1680679626031650713,0,0,0,0
1680679626033569329,0,0,0,0
1680679626035490595,0,0,0,0
1680679626037719601,0,0,0,0
1680679626039599927,0,0,0,0
1680679626041345293,0,0,0,0
1680679626043183735,0,0,0,0
1680679626045139164,0,0,0,0
1680679626046957476,0,0,0,0
1680679626048809938,0,0,0,0
1680679626050921594,0,0,0,0
1680679626052832331,0,0,0,0
1680679626054738750,0,0,0,0
1680679626056661334,0,0,0,0
1680679626058663830,0,0,0,0
1680679626060627201,0,0,0,0
1680679626062525741,0,0,0,0
1680679626064459272,0,0,0,0
1680679626066356502,0,0,0,0
1680679626068341024,0,0,0,0
1680679626070378853,0,0,0,0
1680679626072323826,0,0,0,0
1680679626074203952,0,0,0,0
1680679626076107130,0,0,0,0
1680679626077927545,0,0,0,0
1680679626079870366,0,0,0,0
1680679626081606337,0,0,0,0
1680679626083338303,0,0,0,0
1680679626085122904,0,0,0,0
1680679626086861066,0,0,0,0
1680679626088663460,0,0,0,0
1680679626090519226,0,0,0,0
1680679626092440295,0,0,0,0
1680679626094295772,0,0,0,0
1680679626096115589,0,0,0,0
1680679626098008451,0,0,0,0
1680679626099974789,0,0,0,0
1680679626101870354,0,0,0,0
1680679626103779591,0,0,0,0
1680679626105695696,0,0,0,0
1680679626107544688,0,0,0,0
1680679626109331400,0,0,0,0
1680679626111097964,0,0,0,0
1680679626112989409,0,0,0,0
1680679626114785246,0,0,0,0
1680679626116634337,0,0,0,0
1680679626118461983,0,0,0,0
1680679626120388851,0,0,0,0
1680679626122395891,0,0,0,0
1680679626124336554,0,0,0,0
1680679626126251198,0,0,0,0
1680679626128153312,0,0,0,0
1680679626130062213,0,0,0,0
1680679626131938427,0,0,0,0
1680679626133830130,0,0,0,0
1680679626135712936,0,0,0,0
1680679626137717582,0,0,0,0
1680679626139867938,0,0,0,0
1680679626141829077,0,0,0,0
1680679626143783273,0,0,0,0
1680679626145731185,0,0,0,0
1680679626147678106,0,0,0,0
1680679626149620662,0,0,0,0
1680679626151576379,0,0,0,0
1680679626153540029,0,0,0,0
1680679626155450032,0,0,0,0
1680679626157351623,0,0,0,0
1680679626159297136,0,0,0,0
1680679626161253316,0,0,0,0
1680679626163175452,0,0,0,0
1680679626165094070,0,0,0,0
1680679626167012018,0,0,0,0
1680679626168933157,0,0,0,0
1680679626171832503,0,0,0,0
1680679626173902668,0,0,0,0
1680679626175822617,0,0,0,0
1680679626177763201,0,0,0,0
1680679626179756767,0,0,0,0
1680679626181716127,0,0,0,0
1680679626183662911,0,0,0,0
1680679626185598679,0,0,0,0
1680679626187469430,0,0,0,0
1680679626189319576,0,0,0,0
1680679626191226319,0,0,0,0
1680679626193319606,0,0,0,0
1680679626267445553,0,0,0,0
1680679626340299555,0,0,0,0
1680679626342319025,0,0,0,0
1680679626344256024,0,0,0,0
1680679626346214690,0,0,0,0
1680679626348150112,0,0,0,0
1680679626350110391,0,0,0,0
1680679626352112028,0,0,0,0
1680679626353887159,0,0,0,0
1680679626355602730,0,0,0,0
1680679626357308103,0,0,0,0
1680679626359036685,0,0,0,0
1680679626360882692,0,0,0,0
1680679626362609969,0,0,0,0
1680679626364489207,0,0,0,0
1680679626366310871,0,0,0,0
1680679626368189759,0,0,0,0
1680679626370046738,0,0,0,0
1680679626371992237,0,0,0,0
1680679626373917451,0,0,0,0
1680679626375790597,0,0,0,0
1680679626377618855,0,0,0,0
1680679626379468946,0,0,0,0
1680679626381251361,0,0,0,0
1680679626383098201,0,0,0,0
1680679626384937291,0,0,0,0
1680679626386843914,0,0,0,0
1680679626388746008,0,0,0,0
1680679626390645678,0,0,0,0
1680679626392586800,0,0,0,0
1680679626394608536,0,0,0,0
1680679626396556754,0,0,0,0
1680679626398430400,0,0,0,0
1680679626400298102,0,0,0,0
1680679626402170825,0,0,0,0
1680679626403988958,0,0,0,0
1680679626405878635,0,0,0,0
1680679626407714671,0,0,0,0
1680679626409517289,0,0,0,0
1680679626411438432,0,0,0,0
1680679626413293154,0,0,0,0
1680679626415148995,0,0,0,0
1680679626416927094,0,0,0,0
1680679626418800344,0,0,0,0
1680679626420754023,0,0,0,0
1680679626422752905,0,0,0,0
1680679626424596897,0,0,0,0
1680679626426475983,0,0,0,0
1680679626428435168,0,0,0,0
1680679626430335911,0,0,0,0
1680679626432403731,0,0,0,0
1680679626434241347,0,0,0,0
1680679626436124328,0,0,0,0
1680679626437837879,0,0,0,0
1680679626439616915,0,0,0,0
1680679626441439703,0,0,0,0
1680679626443315613,0,0,0,0
1680679626445103731,0,0,0,0
1680679626446970528,0,0,0,0
1680679626448809411,0,0,0,0
1680679626450708677,0,0,0,0
1680679626452594676,0,0,0,0
1680679626454574999,0,0,0,0
1680679626456457825,0,0,0,0
1680679626458415035,0,0,0,0
1680679626460311889,0,0,0,0
1680679626462300652,0,0,0,0
1680679626464166322,0,0,0,0
1680679626466111108,0,0,0,0
1680679626468019051,0,0,0,0
1680679626470011738,0,0,0,0
1680679626471993716,0,0,0,0
1680679626473882670,0,0,0,0
1680679626475751641,0,0,0,0
1680679626477628124,0,0,0,0
1680679626479456638,0,0,0,0
1680679626481402133,0,0,0,0
1680679626483150005,0,0,0,0
1680679626484879100,0,0,0,0
1680679626486761386,0,0,0,0
1680679626488774838,0,0,0,0
1680679626490595706,0,0,0,0
1680679626492533465,0,0,0,0
1680679626494631378,0,0,0,0
1680679626496537766,0,0,0,0
1680679626498467293,0,0,0,0
1680679626500419475,0,0,0,0
1680679626502438526,0,0,0,0
1680679626504317192,0,0,0,0
1680679626506305995,0,0,0,0
1680679626508200023,0,0,0,0
1680679626510223192,0,0,0,0
1680679626512098401,0,0,0,0
1680679626531382900,0,0,0,0
1680679626533352817,0,0,0,0
1680679626535378833,0,0,0,0
1680679626537362526,0,0,0,0
1680679626539332297,0,0,0,0
1680679626541427615,0,0,0,0
1680679626543319414,0,0,0,0
1680679626545120427,0,0,0,0
1680679626546915226,0,0,0,0
1680679626548712543,0,0,0,0
1680679626550560341,0,0,0,0
1680679626552474664,0,0,0,0
1680679626554452767,0,0,0,0
1680679626556332543,0,0,0,0
1680679626558279203,0,0,0,0
1680679626560325522,0,0,0,0
1680679626562218537,0,0,0,0
1680679626564092086,0,0,0,0
1680679626565792156,0,0,0,0
1680679626567688531,0,0,0,0
1680679626569418228,0,0,0,0
1680679626571212215,0,0,0,0
1680679626572995312,0,0,0,0
1680679626574884679,0,0,0,0
1680679626576810743,0,0,0,0
1680679626578710366,0,0,0,0
1680679626580559377,0,0,0,0
1680679626582484948,0,0,0,0
1680679626584328390,0,0,0,0
1680679626586289589,0,0,0,0
1680679626588187871,0,0,0,0
1680679626590182430,0,0,0,0
1680679626592112044,0,0,0,0
1680679626594126187,0,0,0,0
1680679626596076841,0,0,0,0
1680679626597934156,0,0,0,0
1680679626599870954,0,0,0,0
1680679626601728600,0,0,0,0
1680679626603659707,0,0,0,0
1680679626605425323,0,0,0,0
1680679626607240592,0,0,0,0
1680679626609148780,0,0,0,0
1680679626611039619,0,0,0,0
1680679626613051618,0,0,0,0
1680679626614877448,0,0,0,0
1680679626616799214,0,0,0,0
1680679626618648201,0,0,0,0
1680679626620642182,0,0,0,0
1680679626622566243,0,0,0,0
1680679626624390755,0,0,0,0
1680679626626368541,0,0,0,0
1680679626628271900,0,0,0,0
1680679626630136148,0,0,0,0
1680679626632213497,0,0,0,0
1680679626634132087,0,0,0,0
1680679626636116462,0,0,0,0
1680679626638032320,0,0,0,0
1680679626639968251,0,0,0,0
1680679626641899313,0,0,0,0
1680679626643860221,0,0,0,0
1680679626645674694,0,0,0,0
1680679626647586828,0,0,0,0
1680679626649421354,0,0,0,0
1680679626651261898,0,0,0,0
1680679626653178747,0,0,0,0
1680679626655067625,0,0,0,0
1680679626656926983,0,0,0,0
1680679626658867124,0,0,0,0
1680679626660738268,0,0,0,0
1680679626662631670,0,0,0,0
1680679626664503964,0,0,0,0
1680679626666443837,0,0,0,0
1680679626668213265,0,0,0,0
1680679626670186561,0,0,0,0
1680679626672132767,0,0,0,0
1680679626674020184,0,0,0,0
1680679626675981842,0,0,0,0
1680679626677892961,0,0,0,0
1680679626679882259,0,0,0,0
1680679626681839400,0,0,0,0
1680679626683738739,0,0,0,0
1680679626685569852,0,0,0,0
1680679626687488561,0,0,0,0
1680679626689313983,0,0,0,0
1680679626691161893,0,0,0,0
1680679626693039505,0,0,0,0
1680679626694930658,0,0,0,0
1680679626696795322,0,0,0,0
1680679626698721474,0,0,0,0
1680679626700650781,0,0,0,0
1680679626702645208,0,0,0,0
1680679626704556350,0,0,0,0
1680679626706541460,0,0,0,0
1680679626708432283,0,0,0,0
1680679626710396949,0,0,0,0
1680679626712292227,0,0,0,0
1680679626714184850,0,0,0,0
1680679626716026028,0,0,0,0
1680679626717884046,0,0,0,0
1680679626719826361,0,0,0,0
1680679626721790075,0,0,0,0
1680679626723745814,0,0,0,0
1680679626725735244,0,0,0,0
1680679626727631807,0,0,0,0
1680679626729517673,0,0,0,0
1680679626731494387,0,0,0,0
1680679626733426558,0,0,0,0
1680679626735285284,0,0,0,0
1680679626737167166,0,0,0,0
1680679626739005504,0,0,0,0
1680679626741211104,0,0,0,0
1680679626743054758,0,0,0,0
1680679626744886689,0,0,0,0
1680679626746761918,0,0,0,0
1680679626748711573,0,0,0,0
1680679626750637784,0,0,0,0
1680679626752551013,0,0,0,0
1680679626754445692,0,0,0,0
1680679626756404190,0,0,0,0
1680679626758268807,0,0,0,0
1680679626760229775,0,0,0,0
1680679626762218809,0,0,0,0
1680679626764110068,0,0,0,0
1680679626766004972,0,0,0,0
1680679626767936772,0,0,0,0
1680679626769774778,0,0,0,0
1680679626771649657,0,0,0,0
1680679626773530997,0,0,0,0
1680679626775540893,0,0,0,0
1680679626777375919,0,0,0,0
1680679626779299718,0,0,0,0
1680679626781340713,0,0,0,0
1680679626783241055,0,0,0,0
1680679626785072316,0,0,0,0
1680679626786963532,0,0,0,0
1680679626788771122,0,0,0,0
1680679626790629423,0,0,0,0
1680679626792598402,0,0,0,0
1680679626794561087,0,0,0,0
1680679626796418455,0,0,0,0
1680679626798307969,0,0,0,0
1680679626800240680,0,0,0,0
1680679626802211894,0,0,0,0
1680679626804177420,0,0,0,0
1680679626806075423,0,0,0,0
1680679626808064145,0,0,0,0
1680679626809937944,0,0,0,0
1680679626811785032,0,0,0,0
1680679626813698989,0,0,0,0
1680679626815709280,0,0,0,0
1680679626817572533,0,0,0,0
1680679626819436240,0,0,0,0
1680679626821390026,0,0,0,0
1680679626823256676,0,0,0,0
1680679626825068715,0,0,0,0
1680679626827011821,0,0,0,0
1680679626828812727,0,0,0,0
1680679626830807861,0,0,0,0
1680679626832750496,0,0,0,0
1680679626834747394,0,0,0,0
1680679626836663315,0,0,0,0
1680679626838580499,0,0,0,0
1680679626840558808,0,0,0,0
1680679626842449548,0,0,0,0
1680679626844304646,0,0,0,0
1680679626846279145,0,0,0,0
1680679626848121995,0,0,0,0
1680679626850086406,0,0,0,0
1680679626852033660,0,0,0,0
1680679626853936249,0,0,0,0
1680679626855876024,0,0,0,0
1680679626857816219,0,0,0,0
1680679626859684726,0,0,0,0
1680679626861655544,0,0,0,0
1680679626863615846,0,0,0,0
1680679626865419976,0,0,0,0
1680679626867281038,0,0,0,0
1680679626869044637,0,0,0,0
1680679626870981423,0,0,0,0
1680679626872849344,0,0,0,0
1680679626874788016,0,0,0,0
1680679626876639073,0,0,0,0
1680679626878586000,0,0,0,0
1680679626880544835,0,0,0,0
1680679626882490541,0,0,0,0
1680679626884427799,0,0,0,0
1680679626886275830,0,0,0,0
1680679626888223397,0,0,0,0
1680679626890103032,0,0,0,0
1680679626891932000,0,0,0,0
1680679626893936477,0,0,0,0
1680679626895978029,0,0,0,0
1680679626897822820,0,0,0,0
1680679626899743115,0,0,0,0
1680679626901678925,0,0,0,0
1680679626903575791,0,0,0,0
1680679626905407077,0,0,0,0
1680679626907352630,0,0,0,0
1680679626909174778,0,0,0,0
1680679626910983896,0,0,0,0
1680679626912841694,0,0,0,0
1680679626914816729,0,0,0,0
1680679626916663995,0,0,0,0
1680679626918585529,0,0,0,0
1680679626920412071,0,0,0,0
1680679626922429434,0,0,0,0
1680679626924286408,0,0,0,0
1680679626926216738,0,0,0,0
1680679626928191259,0,0,0,0
1680679626930114478,0,0,0,0
1680679626932101330,0,0,0,0
1680679626934047853,0,0,0,0
1680679626936046224,0,0,0,0
1680679626937920077,0,0,0,0
1680679626939816760,0,0,0,0
1680679626941812544,0,0,0,0
1680679626943667253,0,0,0,0
1680679626945622597,0,0,0,0
1680679626947504123,0,0,0,0
1680679626949386660,0,0,0,0
1680679626951209878,0,0,0,0
1680679626953048768,0,0,0,0
1680679626954934882,0,0,0,0
1680679626956820200,0,0,0,0
1680679626958732893,0,0,0,0
1680679626960695973,0,0,0,0
1680679626962729468,0,0,0,0
1680679626964670740,0,0,0,0
1680679626966518901,0,0,0,0
1680679626968469835,0,0,0,0
1680679626970396786,0,0,0,0
1680679626972367560,0,0,0,0
1680679626974300914,0,0,0,0
1680679626976297379,0,0,0,0
1680679626978159543,0,0,0,0
1680679626980104766,0,0,0,0
1680679626982062700,0,0,0,0
1680679626983996339,0,0,0,0
1680679626985800021,0,0,0,0
1680679626987741871,0,0,0,0
1680679626989593477,0,0,0,0
1680679626991533010,0,0,0,0
1680679626993293961,0,0,0,0
1680679626995181476,0,0,0,0
1680679626996974350,0,0,0,0
1680679626998936388,0,0,0,0
1680679627000798826,0,0,0,0
1680679627002742529,0,0,0,0
1680679627004742365,0,0,0,0
1680679627006620812,0,0,0,0
1680679627008559046,0,0,0,0
1680679627010508467,0,0,0,0
1680679627012424573,0,0,0,0
1680679627014369567,0,0,0,0
1680679627016231592,0,0,0,0
1680679627018162460,0,0,0,0
1680679627019983138,0,0,0,0
1680679627021968013,0,0,0,0
1680679627024023119,0,0,0,0
1680679627026053262,0,0,0,0
1680679627027970085,0,0,0,0
1680679627030254931,0,0,0,0
1680679627032195467,0,0,0,0
1680679627034164037,0,0,0,0
1680679627036155456,0,0,0,0
1680679627038083590,0,0,0,0
1680679627039987677,0,0,0,0
1680679627042082020,0,0,0,0
1680679627044107525,0,0,0,0
1680679627046031065,0,0,0,0
1680679627068207135,0,0,0,0
1680679627070338782,0,0,0,0
1680679627072443264,0,0,0,0
1680679627074549848,0,0,0,0
1680679627076622553,0,0,0,0
1680679627078630326,0,0,0,0
1680679627080499438,0,0,0,0
1680679627082321638,0,0,0,0
1680679627084176336,0,0,0,0
1680679627086154678,0,0,0,0
1680679627088014812,0,0,0,0
1680679627089906775,0,0,0,0
1680679627091844083,0,0,0,0
1680679627093710009,0,0,0,0
1680679627095678078,0,0,0,0
1680679627097517812,0,0,0,0
1680679627099469447,0,0,0,0
1680679627101307413,0,0,0,0
1680679627103261881,0,0,0,0
1680679627105090761,0,0,0,0
1680679627106996931,0,0,0,0
1680679627108810138,0,0,0,0
1680679627110727186,0,0,0,0
1680679627112562806,0,0,0,0
1680679627114541953,0,0,0,0
1680679627116533199,0,0,0,0
1680679627118370673,0,0,0,0
1680679627120237219,0,0,0,0
1680679627122116038,0,0,0,0
1680679627124041029,0,0,0,0
1680679627125945591,0,0,0,0
1680679627127860721,0,0,0,0
1680679627129710567,0,0,0,0
1680679627131677762,0,0,0,0
1680679627133580924,0,0,0,0
1680679627135567549,0,0,0,0
1680679627137376625,0,0,0,0
1680679627139148463,0,0,0,0
1680679627141011713,0,0,0,0
1680679627142953939,0,0,0,0
1680679627144807058,0,0,0,0
1680679627146772692,0,0,0,0
1680679627148680539,0,0,0,0
1680679627150657981,0,0,0,0
1680679627152532431,0,0,0,0
1680679627154479817,0,0,0,0
1680679627156312778,0,0,0,0
1680679627158296490,0,0,0,0
1680679627160141985,0,0,0,0
1680679627162015911,0,0,0,0
1680679627164026485,0,0,0,0
1680679627165925935,0,0,0,0
1680679627167865536,0,0,0,0
1680679627169853806,0,0,0,0
1680679627171732815,0,0,0,0
1680679627173705097,0,0,0,0
1680679627175707836,0,0,0,0
1680679627177604546,0,0,0,0
1680679627179443774,0,0,0,0
1680679627181327553,0,0,0,0
1680679627183108416,0,0,0,0
1680679627184873967,0,0,0,0
1680679627186825945,0,0,0,0
1680679627188739836,0,0,0,0
1680679627190715734,0,0,0,0
1680679627192595890,0,0,0,0
1680679627194467104,0,0,0,0
1680679627196360536,0,0,0,0
1680679627198240037,0,0,0,0
1680679627200190665,0,0,0,0
1680679627202066791,0,0,0,0
1680679627203958190,0,0,0,0
1680679627205933257,0,0,0,0
1680679627207923211,0,0,0,0
1680679627209818153,0,0,0,0
1680679627211704440,0,0,0,0
1680679627213671954,0,0,0,0
1680679627215547276,0,0,0,0
1680679627217385893,0,0,0,0
1680679627219197073,0,0,0,0
1680679627221070431,0,0,0,0
1680679627222908779,0,0,0,0
1680679627224815204,0,0,0,0
1680679627226733714,0,0,0,0
1680679627228736299,0,0,0,0
1680679627230652123,0,0,0,0
1680679627232633432,0,0,0,0
1680679627234622969,0,0,0,0
1680679627236598607,0,0,0,0
1680679627238530893,0,0,0,0
1680679627240378179,0,0,0,0
1680679627242320926,0,0,0,0
1680679627244263641,0,0,0,0
1680679627246084338,0,0,0,0
1680679627248041402,0,0,0,0
1680679627249901791,0,0,0,0
1680679627251826273,0,0,0,0
1680679627253766844,0,0,0,0
1680679627255758766,0,0,0,0
1680679627257638016,0,0,0,0
1680679627259563407,0,0,0,0
1680679627261362857,0,0,0,0
1680679627263336495,0,0,0,0
1680679627265176281,0,0,0,0
1680679627267097328,0,0,0,0
1680679627268955454,0,0,0,0
1680679627270863660,0,0,0,0
1680679627272808987,0,0,0,0
1680679627274770637,0,0,0,0
1680679627276767796,0,0,0,0
1680679627278747287,0,0,0,0
1680679627280604116,0,0,0,0
1680679627282603892,0,0,0,0
1680679627284455469,0,0,0,0
1680679627286322924,0,0,0,0
1680679627288103742,0,0,0,0
1680679627290072516,0,0,0,0
1680679627292007891,0,0,0,0
1680679627294005397,0,0,0,0
1680679627295998473,0,0,0,0
1680679627297896630,0,0,0,0
1680679627299836095,0,0,0,0
1680679627301708483,0,0,0,0
1680679627303573227,0,0,0,0
1680679627305408484,0,0,0,0
1680679627307363862,0,0,0,0
1680679627309144747,0,0,0,0
1680679627311074474,0,0,0,0
1680679627312911789,0,0,0,0
1680679627314876807,0,0,0,0
1680679627316817962,0,0,0,0
1680679627318818318,0,0,0,0
1680679627320701850,0,0,0,0
1680679627322722651,0,0,0,0
1680679627324686550,0,0,0,0
1680679627326608542,0,0,0,0
1680679627328480525,0,0,0,0
1680679627330469077,0,0,0,0
1680679627332326081,0,0,0,0
1680679627334305311,0,0,0,0
1680679627336169128,0,0,0,0
1680679627338140142,0,0,0,0
1680679627339987250,0,0,0,0
1680679627341943235,0,0,0,0
1680679627343807743,0,0,0,0
1680679627345773982,0,0,0,0
1680679627347646356,0,0,0,0
1680679627349432492,0,0,0,0
1680679627351253916,0,0,0,0
1680679627353030610,0,0,0,0
1680679627355004011,0,0,0,0
1680679627356962263,0,0,0,0
1680679627358865622,0,0,0,0
1680679627360792801,0,0,0,0
1680679627362637321,0,0,0,0
1680679627364464172,0,0,0,0
1680679627366162783,0,0,0,0
1680679627367840322,0,0,0,0
1680679627369518559,0,0,0,0
1680679627371186055,0,0,0,0
1680679627372950327,0,0,0,0
1680679627374940101,0,0,0,0
1680679627376737996,0,0,0,0
1680679627378648327,0,0,0,0
1680679627380609985,0,0,0,0
1680679627382519172,0,0,0,0
1680679627384360881,0,0,0,0
1680679627386190791,0,0,0,0
1680679627387952211,0,0,0,0
1680679627389708335,0,0,0,0
1680679627391535697,0,0,0,0
1680679627393371892,0,0,0,0
1680679627395161794,0,0,0,0
1680679627397032368,0,0,0,0
1680679627398897694,0,0,0,0
1680679627400652136,0,0,0,0
1680679627402511875,0,0,0,0
1680679627404269918,0,0,0,0
1680679627406069990,0,0,0,0
1680679627407784232,0,0,0,0
1680679627409492411,0,0,0,0
1680679627411201003,0,0,0,0
1680679627412910613,0,0,0,0
1680679627414687896,0,0,0,0
1680679627416426310,0,0,0,0
1680679627418171673,0,0,0,0
1680679627419925185,0,0,0,0
1680679627421671639,0,0,0,0
1680679627423440450,0,0,0,0
1680679627425284926,0,0,0,0
1680679627427000275,0,0,0,0
1680679627428818525,0,0,0,0
1680679627430508438,0,0,0,0
1680679627432202887,0,0,0,0
1680679627434038661,0,0,0,0
1680679627435736160,0,0,0,0
1680679627437483385,0,0,0,0
1680679627439215352,0,0,0,0
1680679627440938512,0,0,0,0
1680679627442901317,0,0,0,0
1680679627444629980,0,0,0,0
1680679627446363657,0,0,0,0
1680679627448240606,0,0,0,0
1680679627450166193,0,0,0,0
1680679627452002686,0,0,0,0
1680679627453870360,0,0,0,0
1680679627455753111,0,0,0,0
1680679627457629438,0,0,0,0
1680679627460311149,0,0,0,0
1680679627462198978,0,0,0,0
1680679627464130515,0,0,0,0
1680679627466024872,0,0,0,0
1680679627467914265,0,0,0,0
1680679627469809391,0,0,0,0
1680679627471689771,0,0,0,0
1680679627473590113,0,0,0,0
1680679627475509013,0,0,0,0
1680679627477471530,0,0,0,0
1680679627479367693,0,0,0,0
1680679627481267360,0,0,0,0
1680679627483243831,0,0,0,0
1680679627485205758,0,0,0,0
1680679627487115864,0,0,0,0
1680679627489025039,0,0,0,0
1680679627491104694,0,0,0,0
1680679627493146196,0,0,0,0
1680679627495266300,0,0,0,0
1680679627497459156,0,0,0,0
1680679627499502367,0,0,0,0
1680679627501605892,0,0,0,0
1680679627503688095,0,0,0,0
1680679627505761501,0,0,0,0
1680679627507721608,0,0,0,0
1680679627509636309,0,0,0,0
1680679627511500092,0,0,0,0
1680679627513722528,0,0,0,0
1680679627515679372,0,0,0,0
1680679627517726566,0,0,0,0
1680679627590311144,0,0,0,0
1680679627663652919,0,0,0,0
1680679627665669137,0,0,0,0
1680679627667675870,0,0,0,0
1680679627669611242,0,0,0,0
1680679627671538296,0,0,0,0
1680679627673515428,0,0,0,0
1680679627675538801,0,0,0,0
1680679627677205902,0,0,0,0
1680679627678848197,0,0,0,0
1680679627680648873,0,0,0,0
1680679627682483647,0,0,0,0
1680679627684324640,0,0,0,0
1680679627686127157,0,0,0,0
1680679627688086780,0,0,0,0
1680679627689959804,0,0,0,0
1680679627691927465,0,0,0,0
1680679627693724375,0,0,0,0
1680679627695532165,0,0,0,0
1680679627697559564,0,0,0,0
1680679627699376310,0,0,0,0
1680679627701274500,0,0,0,0
1680679627703146008,0,0,0,0
1680679627704995140,0,0,0,0
1680679627706936195,0,0,0,0
1680679627708794567,0,0,0,0
1680679627710543483,0,0,0,0
1680679627712443979,0,0,0,0
1680679627714344106,0,0,0,0
1680679627716205318,0,0,0,0
1680679627718212726,0,0,0,0
1680679627720113618,0,0,0,0
1680679627722113721,0,0,0,0
1680679627724044456,0,0,0,0
1680679627726046272,0,0,0,0
1680679627727954693,0,0,0,0
1680679627729936923,0,0,0,0
1680679627731808731,0,0,0,0
1680679627733582831,0,0,0,0
1680679627735478830,0,0,0,0
1680679627737289851,0,0,0,0
1680679627739158768,0,0,0,0
1680679627741354025,0,0,0,0
1680679627743248776,0,0,0,0
1680679627745073533,0,0,0,0
1680679627747052509,0,0,0,0
1680679627748972314,0,0,0,0
1680679627750882747,0,0,0,0
1680679627752812593,0,0,0,0
1680679627754668834,0,0,0,0
1680679627756704761,0,0,0,0
1680679627758610307,0,0,0,0
1680679627760504393,0,0,0,0
1680679627762540506,0,0,0,0
1680679627764507146,0,0,0,0
1680679627766504333,0,0,0,0
1680679627768398358,0,0,0,0
1680679627770351290,0,0,0,0
1680679627772183440,0,0,0,0
1680679627774099882,0,0,0,0
1680679627776030672,0,0,0,0
1680679627777946615,0,0,0,0
1680679627779764092,0,0,0,0
1680679627781731344,0,0,0,0
1680679627783632234,0,0,0,0
1680679627785626602,0,0,0,0
1680679627787520367,0,0,0,0
1680679627789398117,0,0,0,0
1680679627791248299,0,0,0,0
1680679627793049222,0,0,0,0
1680679627794995247,0,0,0,0
1680679627796845382,0,0,0,0
1680679627798699360,0,0,0,0
1680679627800625053,0,0,0,0
1680679627802543093,0,0,0,0
1680679627804521066,0,0,0,0
1680679627806408981,0,0,0,0
1680679627808311452,0,0,0,0
1680679627810260794,0,0,0,0
1680679627812212651,0,0,0,0
1680679627814056657,0,0,0,0
1680679627816114157,0,0,0,0
1680679627818012070,0,0,0,0
1680679627819869795,0,0,0,0
1680679627821813316,0,0,0,0
1680679627823840903,0,0,0,0
1680679627825818990,0,0,0,0
1680679627827761888,0,0,0,0
1680679627829620527,0,0,0,0
1680679627831626096,0,0,0,0
1680679627833518980,0,0,0,0
1680679627835442022,0,0,0,0
1680679627837373840,0,0,0,0
1680679627839166679,0,0,0,0
1680679627840971568,0,0,0,0
1680679627842871553,0,0,0,0
1680679627844809301,0,0,0,0
1680679627846719559,0,0,0,0
1680679627848688066,0,0,0,0
1680679627850547993,0,0,0,0
1680679627852502845,0,0,0,0
1680679627854389624,0,0,0,0
1680679627856341396,0,0,0,0
1680679627858279844,0,0,0,0
1680679627860233964,0,0,0,0
1680679627862200347,0,0,0,0
1680679627864101881,0,0,0,0
1680679627866065845,0,0,0,0
1680679627867876470,0,0,0,0
1680679627869797680,0,0,0,0
1680679627871635230,0,0,0,0
1680679627873562928,0,0,0,0
1680679627875403439,0,0,0,0
1680679627877553646,0,0,0,0
1680679627879470232,0,0,0,0
1680679627881295202,0,0,0,0
1680679627883159000,0,0,0,0
1680679627885047075,0,0,0,0
1680679627887051573,0,0,0,0
1680679627888807215,0,0,0,0
1680679627890742810,0,0,0,0
1680679627892592952,0,0,0,0
1680679627894522478,0,0,0,0
1680679627896449973,0,0,0,0
1680679627898457976,0,0,0,0
1680679627900367378,0,0,0,0
1680679627902358553,0,0,0,0
1680679627904258591,0,0,0,0
1680679627906253722,0,0,0,0
1680679627908090264,0,0,0,0
1680679627910012318,0,0,0,0
1680679627911920609,0,0,0,0
1680679627913737847,0,0,0,0
1680679627915561649,0,0,0,0
1680679627917439895,0,0,0,0
1680679627919331041,0,0,0,0
1680679627921160131,0,0,0,0
1680679627923057918,0,0,0,0
1680679627924907293,0,0,0,0
1680679627926871814,0,0,0,0
1680679627928729718,0,0,0,0
1680679627930566198,0,0,0,0
1680679627932483689,0,0,0,0
1680679627934391511,0,0,0,0
1680679627936404798,0,0,0,0
1680679627938288872,0,0,0,0
1680679627940223659,0,0,0,0
1680679627942042216,0,0,0,0
1680679627943861614,0,0,0,0
1680679627945787281,0,0,0,0
1680679627947739680,0,0,0,0
1680679627949674902,0,0,0,0
1680679627951562432,0,0,0,0
1680679627953445720,0,0,0,0
1680679627955288969,0,0,0,0
1680679627957235806,0,0,0,0
1680679627959177954,0,0,0,0
1680679627960989248,0,0,0,0
1680679627962933625,0,0,0,0
1680679627964807264,0,0,0,0
1680679627966655342,0,0,0,0
1680679627968569664,0,0,0,0
1680679627970473871,0,0,0,0
1680679627972471807,0,0,0,0
1680679627974345364,0,0,0,0
1680679627976248094,0,0,0,0
1680679627978214749,0,0,0,0
1680679627980169023,0,0,0,0
1680679627982061929,0,0,0,0
1680679627983961916,0,0,0,0
1680679627985780982,0,0,0,0
1680679627987744657,0,0,0,0
1680679627989579919,0,0,0,0
1680679627991502885,0,0,0,0
1680679627993315607,0,0,0,0
1680679627995233474,0,0,0,0
1680679627997144440,0,0,0,0
1680679627999112991,0,0,0,0
1680679628000942217,0,0,0,0
1680679628002918535,0,0,0,0
1680679628004814704,0,0,0,0
1680679628006785651,0,0,0,0
1680679628008628238,0,0,0,0
1680679628010419263,0,0,0,0
1680679628012326635,0,0,0,0
1680679628014228343,0,0,0,0
1680679628016180423,0,0,0,0
1680679628018087105,0,0,0,0
1680679628020036844,0,0,0,0
1680679628021921868,0,0,0,0
1680679628023842137,0,0,0,0
1680679628025839803,0,0,0,0
1680679628027820534,0,0,0,0
1680679628029679467,0,0,0,0
1680679628031623534,0,0,0,0
1680679628033409276,0,0,0,0
1680679628035334235,0,0,0,0
1680679628037221899,0,0,0,0
1680679628039158984,0,0,0,0
1680679628040984106,0,0,0,0
1680679628042970676,0,0,0,0
1680679628044886643,0,0,0,0
1680679628046883709,0,0,0,0
1680679628048768012,0,0,0,0
1680679628050653362,0,0,0,0
1680679628052605020,0,0,0,0
1680679628054448551,0,0,0,0
1680679628056361141,0,0,0,0
1680679628058245703,0,0,0,0
1680679628060107537,0,0,0,0
1680679628062076084,0,0,0,0
1680679628063925968,0,0,0,0
1680679628065923029,0,0,0,0
1680679628067911900,0,0,0,0
1680679628069890958,0,0,0,0
1680679628071883382,0,0,0,0
1680679628073791699,0,0,0,0
1680679628075774662,0,0,0,0
1680679628077694072,0,0,0,0
1680679628079541238,0,0,0,0
1680679628081401140,0,0,0,0
1680679628083196754,0,0,0,0
1680679628085011308,0,0,0,0
1680679628087013867,0,0,0,0
1680679628088939529,0,0,0,0
1680679628090903104,0,0,0,0
1680679628092805664,0,0,0,0
1680679628094749886,0,0,0,0
1680679628096606059,0,0,0,0
1680679628098590738,0,0,0,0
1680679628100460903,0,0,0,0
1680679628102351231,0,0,0,0
1680679628104150000,0,0,0,0
1680679628106063566,0,0,0,0
1680679628108022368,0,0,0,0
1680679628109918923,0,0,0,0
1680679628111837953,0,0,0,0
1680679628113644367,0,0,0,0
1680679628115436641,0,0,0,0
1680679628117413328,0,0,0,0
1680679628119195072,0,0,0,0
1680679628120896072,0,0,0,0
1680679628122687333,0,0,0,0
1680679628124685020,0,0,0,0
1680679628126700646,0,0,0,0
1680679628128607065,0,0,0,0
1680679628130593188,0,0,0,0
1680679628132472042,0,0,0,0
1680679628134450983,0,0,0,0
1680679628136300707,0,0,0,0
1680679628138254389,0,0,0,0
1680679628140084261,0,0,0,0
1680679628142015381,0,0,0,0
1680679628143889892,0,0,0,0
1680679628145879195,0,0,0,0
1680679628147766425,0,0,0,0
1680679628149703991,0,0,0,0
1680679628151687410,0,0,0,0
1680679628153572041,0,0,0,0
1680679628155537139,0,0,0,0
1680679628157418379,0,0,0,0
1680679628159378120,0,0,0,0
1680679628161176799,0,0,0,0
1680679628163126846,0,0,0,0
1680679628164940812,0,0,0,0
1680679628166821508,0,0,0,0
1680679628168705351,0,0,0,0
1680679628170712221,0,0,0,0
1680679628172613348,0,0,0,0
1680679628174579674,0,0,0,0
1680679628176560236,0,0,0,0
1680679628178633308,0,0,0,0
1680679628180566313,0,0,0,0
1680679628182384044,0,0,0,0
1680679628184338929,0,0,0,0
1680679628186240104,0,0,0,0
1680679628188115423,0,0,0,0
1680679628189939265,0,0,0,0
1680679628191917872,0,0,0,0
1680679628193871258,0,0,0,0
1680679628195839767,0,0,0,0
1680679628197773226,0,0,0,0
1680679628199762333,0,0,0,0
1680679628201661339,0,0,0,0
1680679628203576006,0,0,0,0
1680679628205592112,0,0,0,0
1680679628207508911,0,0,0,0
1680679628209358025,0,0,0,0
1680679628211162695,0,0,0,0
1680679628212934697,0,0,0,0
1680679628214840059,0,0,0,0
1680679628216606136,0,0,0,0
1680679628218376980,0,0,0,0
1680679628220297586,0,0,0,0
1680679628222207712,0,0,0,0
1680679628224144339,0,0,0,0
1680679628226084909,0,0,0,0
1680679628228053560,0,0,0,0
1680679628229920202,0,0,0,0
1680679628231840585,0,0,0,0
1680679628233687606,0,0,0,0
1680679628235617615,0,0,0,0
1680679628237393807,0,0,0,0
1680679628239191704,0,0,0,0
1680679628241068551,0,0,0,0
1680679628243002582,0,0,0,0
1680679628244845777,0,0,0,0
1680679628246696049,0,0,0,0
1680679628248643356,0,0,0,0
1680679628250575007,0,0,0,0
1680679628252544355,0,0,0,0
1680679628254420840,0,0,0,0
1680679628256310138,0,0,0,0
1680679628258182916,0,0,0,0
1680679628260101974,0,0,0,0
1680679628262034000,0,0,0,0
1680679628263874471,0,0,0,0
1680679628265894547,0,0,0,0
1680679628267915368,0,0,0,0
1680679628269834322,0,0,0,0
1680679628271805629,0,0,0,0
1680679628273725095,0,0,0,0
1680679628275715312,0,0,0,0
1680679628277570297,0,0,0,0
1680679628279534327,0,0,0,0
1680679628281305199,0,0,0,0
1680679628283101186,0,0,0,0
1680679628284855792,0,0,0,0
1680679628286818103,0,0,0,0
1680679628288755605,0,0,0,0
1680679628290614400,0,0,0,0
1680679628292485701,0,0,0,0
1680679628294285116,0,0,0,0
1680679628296161602,0,0,0,0
1680679628298124440,0,0,0,0
1680679628300135007,0,0,0,0
1680679628302044489,0,0,0,0
1680679628303991072,0,0,0,0
1680679628305856726,0,0,0,0
1680679628307787317,0,0,0,0
1680679628309600878,0,0,0,0
1680679628311545325,0,0,0,0
1680679628313296579,0,0,0,0
1680679628315211526,0,0,0,0
1680679628317020508,0,0,0,0
1680679628318980739,0,0,0,0
1680679628320822523,0,0,0,0
1680679628322766183,0,0,0,0
1680679628324672057,0,0,0,0
1680679628326771162,0,0,0,0
1680679628328800717,0,0,0,0
1680679628330564313,0,0,0,0
1680679628332358294,0,0,0,0
1680679628334232317,0,0,0,0
1680679628336111763,0,0,0,0
1680679628337936281,0,0,0,0
1680679628339881604,0,0,0,0
1680679628341805430,0,0,0,0
1680679628343721483,0,0,0,0
1680679628345600427,0,0,0,0
1680679628347532265,0,0,0,0
1680679628349447987,0,0,0,0
1680679628351292227,0,0,0,0
1680679628353031299,0,0,0,0
1680679628354972690,0,0,0,0
1680679628356806832,0,0,0,0
1680679628358738150,0,0,0,0
1680679628360594767,0,0,0,0
1680679628362433214,0,0,0,0
1680679628364397620,0,0,0,0
1680679628366263747,0,0,0,0
1680679628368207350,0,0,0,0
1680679628370111280,0,0,0,0
1680679628372093011,0,0,0,0
1680679628374015096,0,0,0,0
1680679628375868779,0,0,0,0
1680679628377836625,0,0,0,0
1680679628379848917,0,0,0,0
1680679628381707394,0,0,0,0
1680679628383384575,0,0,0,0
1680679628385076330,0,0,0,0
1680679628386894516,0,0,0,0
1680679628388811458,0,0,0,0
1680679628390685017,0,0,0,0
1680679628392636414,0,0,0,0
1680679628394534045,0,0,0,0
1680679628396508174,0,0,0,0
1680679628398487543,0,0,0,0
1680679628400436617,0,0,0,0
1680679628402345976,0,0,0,0
1680679628404216413,0,0,0,0
1680679628406101896,0,0,0,0
1680679628408043786,0,0,0,0
1680679628409916605,0,0,0,0
1680679628411849293,0,0,0,0
1680679628413676697,0,0,0,0
1680679628415635932,0,0,0,0
1680679628417527044,0,0,0,0
1680679628419477773,0,0,0,0
1680679628421286410,0,0,0,0
1680679628423072313,0,0,0,0
1680679628424741034,0,0,0,0
1680679628426622322,0,0,0,0
1680679628428509134,0,0,0,0
1680679628430434220,0,0,0,0
1680679628432224119,0,0,0,0
1680679628434096959,0,0,0,0
1680679628435933311,0,0,0,0
1680679628437942246,0,0,0,0
1680679628439899197,0,0,0,0
1680679628441854178,0,0,0,0
1680679628443711829,0,0,0,0
1680679628445668825,0,0,0,0
1680679628447588478,0,0,0,0
1680679628449412561,0,0,0,0
1680679628451154214,0,0,0,0
1680679628452995770,0,0,0,0
1680679628454795406,0,0,0,0
1680679628456694772,0,0,0,0
1680679628458661135,0,0,0,0
1680679628460629065,0,0,0,0
1680679628462539403,0,0,0,0
1680679628464486098,0,0,0,0
1680679628466359156,0,0,0,0
1680679628468288367,0,0,0,0
1680679628470115941,0,0,0,0
1680679628472049871,0,0,0,0
1680679628473921913,0,0,0,0
1680679628475820891,0,0,0,0
1680679628477720526,0,0,0,0
1680679628479730065,0,0,0,0
1680679628481587811,0,0,0,0
1680679628483518522,0,0,0,0
1680679628485315759,0,0,0,0
1680679628487174214,0,0,0,0
1680679628488978320,0,0,0,0
1680679628490930143,0,0,0,0
1680679628492811995,0,0,0,0
1680679628494634315,0,0,0,0
1680679628496584725,0,0,0,0
1680679628498515256,0,0,0,0
1680679628500521538,0,0,0,0
1680679628502410280,0,0,0,0
1680679628504379766,0,0,0,0
1680679628506427282,0,0,0,0
1680679628508289241,0,0,0,0
1680679628510090345,0,0,0,0
1680679628511992709,0,0,0,0
1680679628513811584,0,0,0,0
1680679628515773089,0,0,0,0
1680679628517798176,0,0,0,0
1680679628519665282,0,0,0,0
1680679628521603904,0,0,0,0
1680679628523587879,0,0,0,0
1680679628525512918,0,0,0,0
1680679628527481303,0,0,0,0
1680679628529302463,0,0,0,0
1680679628531124800,0,0,0,0
1680679628532856906,0,0,0,0
1680679628534659467,0,0,0,0
1680679628536528962,0,0,0,0
1680679628538546280,0,0,0,0
1680679628540460191,0,0,0,0
1680679628542445618,0,0,0,0
1680679628544322699,0,0,0,0
1680679628546244222,0,0,0,0
1680679628548104713,0,0,0,0
1680679628550104863,0,0,0,0
1680679628551957711,0,0,0,0
1680679628553925916,0,0,0,0
1680679628555830082,0,0,0,0
1680679628557639504,0,0,0,0
1680679628559613590,0,0,0,0
1680679628561653713,0,0,0,0
1680679628563534303,0,0,0,0
1680679628565429544,0,0,0,0
1680679628567287744,0,0,0,0
1680679628569225295,0,0,0,0
1680679628571067855,0,0,0,0
1680679628572860969,0,0,0,0
1680679628574784913,0,0,0,0
1680679628576657472,0,0,0,0
1680679628578744375,0,0,0,0
1680679628580664200,0,0,0,0
1680679628582616411,0,0,0,0
1680679628584527214,0,0,0,0
1680679628586548504,0,0,0,0
1680679628588496867,0,0,0,0
1680679628590496421,0,0,0,0
1680679628592398748,0,0,0,0
1680679628594242765,0,0,0,0
1680679628596173086,0,0,0,0
1680679628598055743,0,0,0,0
1680679628600023549,0,0,0,0
1680679628601917277,0,0,0,0
1680679628603849962,0,0,0,0
1680679628605819685,0,0,0,0
1680679628607714470,0,0,0,0
1680679628609593365,0,0,0,0
1680679628611463679,0,0,0,0
1680679628613377188,0,0,0,0
1680679628615101214,0,0,0,0
1680679628616798901,0,0,0,0
1680679628618758507,0,0,0,0
1680679628620733223,0,0,0,0
1680679628622593606,0,0,0,0
1680679628624576653,0,0,0,0
1680679628626475901,0,0,0,0
1680679628628406420,0,0,0,0
1680679628630260507,0,0,0,0
1680679628632069096,0,0,0,0
1680679628633917702,0,0,0,0
1680679628635850432,0,0,0,0
1680679628637705054,0,0,0,0
1680679628639674381,0,0,0,0
1680679628641546162,0,0,0,0
1680679628643458293,0,0,0,0
1680679628645367476,0,0,0,0
1680679628647314750,0,0,0,0
1680679628649172324,0,0,0,0
1680679628651014954,0,0,0,0
1680679628652809634,0,0,0,0
1680679628654665103,0,0,0,0
1680679628656570633,0,0,0,0
1680679628658475224,0,0,0,0
1680679628660356450,0,0,0,0
1680679628662303768,0,0,0,0
1680679628664200889,0,0,0,0
1680679628666110469,0,0,0,0
1680679628668072636,0,0,0,0
1680679628670029902,0,0,0,0
1680679628671921644,0,0,0,0
1680679628673881875,0,0,0,0
1680679628675837241,0,0,0,0
1680679628677691168,0,0,0,0
1680679628679577178,0,0,0,0
1680679628681383969,0,0,0,0
1680679628683071843,0,0,0,0
1680679628684837625,0,0,0,0
1680679628686716309,0,0,0,0
1680679628688575215,0,0,0,0
1680679628690545393,0,0,0,0
1680679628692406083,0,0,0,0
1680679628694330734,0,0,0,0
1680679628696669808,0,0,0,0
1680679628698647659,0,0,0,0
1680679628700485258,0,0,0,0
1680679628702307705,0,0,0,0
1680679628704361820,0,0,0,0
1680679628706344505,0,0,0,0
1680679628708251473,0,0,0,0
1680679628710357647,0,0,0,0
1680679628712302958,0,0,0,0
1680679628714189838,0,0,0,0
1680679628716146019,0,0,0,0
1680679628718249394,0,0,0,0
1680679628720122965,0,0,0,0
1680679628722014286,0,0,0,0
1680679628723835570,0,0,0,0
1680679628725625858,0,0,0,0
1680679628727650951,0,0,0,0
1680679628729534837,0,0,0,0
1680679628731367119,0,0,0,0
1680679628733168598,0,0,0,0
1680679628734899601,0,0,0,0
1680679628736763261,0,0,0,0
1680679628738617312,0,0,0,0
1680679628740498028,0,0,0,0
1680679628742278189,0,0,0,0
1680679628744009363,0,0,0,0
1680679628745909936,0,0,0,0
1680679628747790498,0,0,0,0
1680679628749641758,0,0,0,0
1680679628751522317,0,0,0,0
1680679628753376605,0,0,0,0
1680679628755163097,0,0,0,0
1680679628757012930,0,0,0,0
1680679628758806149,0,0,0,0
1680679628760656187,0,0,0,0
1680679628762546127,0,0,0,0
1680679628764367968,0,0,0,0
1680679628766177386,0,0,0,0
1680679628768065313,0,0,0,0
1680679628769927426,0,0,0,0
1680679628771824234,0,0,0,0
1680679628773689704,0,0,0,0
1680679628775611865,0,0,0,0
1680679628777485598,0,0,0,0
1680679628779409528,0,0,0,0
1680679628781502104,0,0,0,0
1680679628783527186,0,0,0,0
1680679628785398788,0,0,0,0
1680679628787319699,0,0,0,0
1680679628789218335,0,0,0,0
1680679628791341330,0,0,0,0
1680679628793267057,0,0,0,0
1680679628795165607,0,0,0,0
1680679628797385196,0,0,0,0
1680679628799368249,0,0,0,0
1680679628801300224,0,0,0,0
1680679628803216928,0,0,0,0
1680679628805128103,0,0,0,0
1680679628807083709,0,0,0,0
1680679628808994491,0,0,0,0
1680679628810920982,0,0,0,0
1680679628812774453,0,0,0,0
1680679628814622127,0,0,0,0
1680679628816431329,0,0,0,0
1680679628818306438,0,0,0,0
1680679628820237676,0,0,0,0
1680679628822186229,0,0,0,0
1680679628824117806,0,0,0,0
1680679628826064082,0,0,0,0
1680679628828071109,0,0,0,0
1680679628830921653,0,0,0,0
1680679628832924538,0,0,0,0
1680679628834859885,0,0,0,0
1680679628836801278,0,0,0,0
1680679628838843854,0,0,0,0
1680679628840839151,0,0,0,0
1680679628842752444,0,0,0,0
1680679628844655240,0,0,0,0
1680679628847403043,0,0,0,0
1680679628849411410,0,0,0,0
1680679628851501089,0,0,0,0
1680679628921930831,0,0,0,0
1680679628993405638,0,0,0,0
1680679628995382240,0,0,0,0
1680679628997320053,0,0,0,0
1680679628999260141,0,0,0,0
1680679629001214464,0,0,0,0
1680679629003153930,0,0,0,0
1680679629004957280,0,0,0,0
1680679629006770919,0,0,0,0
1680679629008646909,0,0,0,0
1680679629010518022,0,0,0,0
1680679629012402577,0,0,0,0
1680679629014211949,0,0,0,0
1680679629016098325,0,0,0,0
1680679629018052995,0,0,0,0
1680679629019956622,0,0,0,0
1680679629021949114,0,0,0,0
1680679629023913930,0,0,0,0
1680679629025782437,0,0,0,0
1680679629027714207,0,0,0,0
1680679629029664910,0,0,0,0
1680679629031601512,0,0,0,0
1680679629033550047,0,0,0,0
1680679629035395769,0,0,0,0
1680679629037272867,0,0,0,0
1680679629039151853,0,0,0,0
1680679629040965732,0,0,0,0
1680679629042841173,0,0,0,0
1680679629044684872,0,0,0,0
1680679629046597046,0,0,0,0
1680679629048469772,0,0,0,0
1680679629050418992,0,0,0,0
1680679629052210289,0,0,0,0
1680679629054130761,0,0,0,0
1680679629055961948,0,0,0,0
1680679629057919067,0,0,0,0
1680679629059819763,0,0,0,0
1680679629061888561,0,0,0,0
1680679629063842551,0,0,0,0
1680679629065719175,0,0,0,0
1680679629067703580,0,0,0,0
1680679629069670587,0,0,0,0
1680679629071613993,0,0,0,0
1680679629073417235,0,0,0,0
1680679629075340505,0,0,0,0
1680679629077129444,0,0,0,0
1680679629079026879,0,0,0,0
1680679629080928860,0,0,0,0
1680679629082885251,0,0,0,0
1680679629084781698,0,0,0,0
1680679629086760871,0,0,0,0
1680679629088668498,0,0,0,0
1680679629090543021,0,0,0,0
1680679629092569127,0,0,0,0
1680679629094526725,0,0,0,0
1680679629096438688,0,0,0,0
1680679629098438391,0,0,0,0
1680679629100328397,0,0,0,0
1680679629102300644,0,0,0,0
1680679629104137741,0,0,0,0
1680679629106066416,0,0,0,0
1680679629107944594,0,0,0,0
1680679629109927729,0,0,0,0
1680679629111865547,0,0,0,0
1680679629113824698,0,0,0,0
1680679629115726941,0,0,0,0
1680679629117714071,0,0,0,0
1680679629119757347,0,0,0,0
1680679629121627579,0,0,0,0
1680679629123590506,0,0,0,0
1680679629125363244,0,0,0,0
1680679629127159592,0,0,0,0
1680679629128941273,0,0,0,0
1680679629130902167,0,0,0,0
1680679629132803085,0,0,0,0
1680679629134787530,0,0,0,0
1680679629136688434,0,0,0,0
1680679629138604261,0,0,0,0
1680679629140638531,0,0,0,0
1680679629142489776,0,0,0,0
1680679629144416315,0,0,0,0
1680679629146316803,0,0,0,0
1680679629148274690,0,0,0,0
1680679629150091779,0,0,0,0
1680679629152120989,0,0,0,0
1680679629154054631,0,0,0,0
1680679629155948490,0,0,0,0
1680679629157886036,0,0,0,0
1680679629159819271,0,0,0,0
1680679629161780322,0,0,0,0
1680679629163703519,0,0,0,0
1680679629165560206,0,0,0,0
1680679629167485172,0,0,0,0
1680679629169237312,0,0,0,0
1680679629171169293,0,0,0,0
1680679629173008109,0,0,0,0
1680679629174798261,0,0,0,0
1680679629176691091,0,0,0,0
1680679629178632589,0,0,0,0
1680679629180560156,0,0,0,0
1680679629182536267,0,0,0,0
1680679629184470333,0,0,0,0
1680679629186275039,0,0,0,0
1680679629188105085,0,0,0,0
1680679629189984988,0,0,0,0
1680679629191982842,0,0,0,0
1680679629193906884,0,0,0,0
1680679629195889667,0,0,0,0
1680679629197803833,0,0,0,0
1680679629199903804,0,0,0,0
1680679629201868162,0,0,0,0
1680679629203853483,0,0,0,0
1680679629205586704,0,0,0,0
1680679629207506766,0,0,0,0
1680679629209328076,0,0,0,0
1680679629211034809,0,0,0,0
1680679629212804868,0,0,0,0
1680679629214703838,0,0,0,0
1680679629216664688,0,0,0,0
1680679629218526647,0,0,0,0
1680679629220503948,0,0,0,0
1680679629222472244,0,0,0,0
1680679629224395426,0,0,0,0
1680679629226359915,0,0,0,0
1680679629228268776,0,0,0,0
1680679629230082769,0,0,0,0
1680679629232008266,0,0,0,0
1680679629233805749,0,0,0,0
1680679629235781646,0,0,0,0
1680679629237626421,0,0,0,0
1680679629239554000,0,0,0,0
1680679629241415238,0,0,0,0
1680679629243266345,0,0,0,0
1680679629245163386,0,0,0,0
1680679629246962476,0,0,0,0
1680679629248870849,0,0,0,0
1680679629250749349,0,0,0,0
1680679629252665855,0,0,0,0
1680679629254651267,0,0,0,0
1680679629256548628,0,0,0,0
1680679629258442591,0,0,0,0
1680679629260405948,0,0,0,0
1680679629262443589,0,0,0,0
1680679629264378019,0,0,0,0
1680679629266286365,0,0,0,0
1680679629268267227,0,0,0,0
1680679629270164314,0,0,0,0
1680679629272130425,0,0,0,0
1680679629274009007,0,0,0,0
1680679629275874293,0,0,0,0
1680679629277822928,0,0,0,0
1680679629279713446,0,0,0,0
1680679629281642212,0,0,0,0
1680679629283522719,0,0,0,0
1680679629285290120,0,0,0,0
1680679629287211295,0,0,0,0
1680679629289090101,0,0,0,0
1680679629290906027,0,0,0,0
1680679629292978958,0,0,0,0
1680679629294970636,0,0,0,0
1680679629296805351,0,0,0,0
1680679629298741550,0,0,0,0
1680679629300849648,0,0,0,0
1680679629302806971,0,0,0,0
1680679629304764815,0,0,0,0
1680679629306618787,0,0,0,0
1680679629308460288,0,0,0,0
1680679629310402512,0,0,0,0
1680679629312389114,0,0,0,0
1680679629314270185,0,0,0,0
1680679629316232887,0,0,0,0
1680679629318137073,0,0,0,0
1680679629319999404,0,0,0,0
1680679629322021266,0,0,0,0
1680679629323888786,0,0,0,0
1680679629325821260,0,0,0,0
1680679629327717113,0,0,0,0
1680679629329714112,0,0,0,0
1680679629331697427,0,0,0,0
1680679629333578053,0,0,0,0
1680679629335448811,0,0,0,0
1680679629337341482,0,0,0,0
1680679629339127225,0,0,0,0
1680679629340845973,0,0,0,0
1680679629342764302,0,0,0,0
1680679629344639632,0,0,0,0
1680679629346451176,0,0,0,0
1680679629348381699,0,0,0,0
1680679629350298965,0,0,0,0
1680679629352196281,0,0,0,0
1680679629354109629,0,0,0,0
1680679629355984772,0,0,0,0
1680679629357950891,0,0,0,0
1680679629359881597,0,0,0,0
1680679629361763167,0,0,0,0
1680679629363715945,0,0,0,0
1680679629365504118,0,0,0,0
1680679629367301202,0,0,0,0
1680679629369073817,0,0,0,0
1680679629371025665,0,0,0,0
1680679629372890716,0,0,0,0
1680679629374836888,0,0,0,0
1680679629376698115,0,0,0,0
1680679629378653414,0,0,0,0
1680679629380558242,0,0,0,0
1680679629382549127,0,0,0,0
1680679629384407178,0,0,0,0
1680679629386355649,0,0,0,0
1680679629388215213,0,0,0,0
1680679629390097072,0,0,0,0
1680679629392096164,0,0,0,0
1680679629394087770,0,0,0,0
1680679629396055901,0,0,0,0
1680679629397949983,0,0,0,0
1680679629399895221,0,0,0,0
1680679629401887956,0,0,0,0
1680679629403819038,0,0,0,0
1680679629405654293,0,0,0,0
1680679629407587127,0,0,0,0
1680679629409542426,0,0,0,0
1680679629411507444,0,0,0,0
1680679629413391596,0,0,0,0
1680679629415245845,0,0,0,0
1680679629417075322,0,0,0,0
1680679629418995155,0,0,0,0
1680679629420862388,0,0,0,0
1680679629422776446,0,0,0,0
1680679629424649842,0,0,0,0
1680679629426525719,0,0,0,0
1680679629428468960,0,0,0,0
1680679629430460332,0,0,0,0
1680679629432454038,0,0,0,0
1680679629434278912,0,0,0,0
1680679629436246191,0,0,0,0
1680679629438067345,0,0,0,0
1680679629439900798,0,0,0,0
1680679629441880765,0,0,0,0
1680679629443835138,0,0,0,0
1680679629445686072,0,0,0,0
1680679629447521348,0,0,0,0
1680679629449430590,0,0,0,0
1680679629451241512,0,0,0,0
1680679629453011222,0,0,0,0
1680679629454933128,0,0,0,0
1680679629456747843,0,0,0,0
1680679629458639205,0,0,0,0
1680679629460580436,0,0,0,0
1680679629462605808,0,0,0,0
1680679629464498580,0,0,0,0
1680679629466455226,0,0,0,0
1680679629468304753,0,0,0,0
1680679629470270744,0,0,0,0
1680679629472081890,0,0,0,0
1680679629474031132,0,0,0,0
1680679629475941907,0,0,0,0
1680679629477903544,0,0,0,0
1680679629479790196,0,0,0,0
1680679629481894832,0,0,0,0
1680679629483851992,0,0,0,0
1680679629485704697,0,0,0,0
1680679629487626997,0,0,0,0
1680679629489412951,0,0,0,0
1680679629491218401,0,0,0,0
1680679629493039023,0,0,0,0
1680679629494992474,0,0,0,0
1680679629496809796,0,0,0,0
1680679629498786299,0,0,0,0
1680679629500699421,0,0,0,0
1680679629502740728,0,0,0,0
1680679629504648035,0,0,0,0
1680679629506535505,0,0,0,0
1680679629508448655,0,0,0,0
1680679629510347749,0,0,0,0
1680679629512251279,0,0,0,0
1680679629514050777,0,0,0,0
1680679629515947931,0,0,0,0
1680679629517877162,0,0,0,0
1680679629519842871,0,0,0,0
1680679629521962856,0,0,0,0
1680679629523873859,0,0,0,0
1680679629525846113,0,0,0,0
1680679629527810000,0,0,0,0
1680679629529625581,0,0,0,0
1680679629531566923,0,0,0,0
1680679629533369990,0,0,0,0
1680679629535158831,0,0,0,0
1680679629536909688,0,0,0,0
1680679629538759572,0,0,0,0
1680679629540765580,0,0,0,0
1680679629542685856,0,0,0,0
1680679629544619183,0,0,0,0
1680679629546468897,0,0,0,0
1680679629548420386,0,0,0,0
1680679629550424274,0,0,0,0
1680679629552390633,0,0,0,0
1680679629554327045,0,0,0,0
1680679629556212414,0,0,0,0
1680679629558108260,0,0,0,0
1680679629560018484,0,0,0,0
1680679629561878456,0,0,0,0
1680679629563870463,0,0,0,0
1680679629565867231,0,0,0,0
1680679629567743518,0,0,0,0
1680679629569674430,0,0,0,0
1680679629571626798,0,0,0,0
1680679629573425451,0,0,0,0
1680679629575275409,0,0,0,0
1680679629577039835,0,0,0,0
1680679629578979686,0,0,0,0
1680679629580924948,0,0,0,0
1680679629582827494,0,0,0,0
1680679629584796820,0,0,0,0
1680679629586721045,0,0,0,0
1680679629588572858,0,0,0,0
1680679629590518424,0,0,0,0
1680679629592466638,0,0,0,0
1680679629594388292,0,0,0,0
1680679629596264678,0,0,0,0
1680679629598144019,0,0,0,0
1680679629600064760,0,0,0,0
1680679629602130946,0,0,0,0
1680679629604015791,0,0,0,0
1680679629605964311,0,0,0,0
1680679629607883757,0,0,0,0
1680679629609779628,0,0,0,0
1680679629611754537,0,0,0,0
1680679629613624085,0,0,0,0
1680679629615550431,0,0,0,0
1680679629617332345,0,0,0,0
1680679629619156175,0,0,0,0
1680679629620970717,0,0,0,0
1680679629623047487,0,0,0,0
1680679629624862034,0,0,0,0
1680679629626813908,0,0,0,0
1680679629628702771,0,0,0,0
1680679629630771978,0,0,0,0
1680679629632698988,0,0,0,0
1680679629634670660,0,0,0,0
1680679629636514613,0,0,0,0
1680679629638446325,0,0,0,0
1680679629640294086,0,0,0,0
1680679629642343520,0,0,0,0
1680679629644290543,0,0,0,0
1680679629646172909,0,0,0,0
1680679629648112058,0,0,0,0
1680679629650049426,0,0,0,0
1680679629652013044,0,0,0,0
1680679629653931815,0,0,0,0
1680679629655853988,0,0,0,0
1680679629657672603,0,0,0,0
1680679629659587390,0,0,0,0
1680679629661464720,0,0,0,0
1680679629663354876,0,0,0,0
1680679629665181118,0,0,0,0
1680679629666989655,0,0,0,0
1680679629668882707,0,0,0,0
1680679629670797275,0,0,0,0
1680679629672760826,0,0,0,0
1680679629674613764,0,0,0,0
1680679629676481470,0,0,0,0
1680679629678318806,0,0,0,0
1680679629680162537,0,0,0,0
1680679629682188653,0,0,0,0
1680679629684148499,0,0,0,0
1680679629686066249,0,0,0,0
1680679629688026236,0,0,0,0
1680679629690051045,0,0,0,0
1680679629691972725,0,0,0,0
1680679629693933952,0,0,0,0
1680679629695896554,0,0,0,0
1680679629697871825,0,0,0,0
1680679629699733609,0,0,0,0
1680679629701651789,0,0,0,0
1680679629703617662,0,0,0,0
1680679629705422502,0,0,0,0
1680679629707364773,0,0,0,0
1680679629709172582,0,0,0,0
1680679629711032229,0,0,0,0
1680679629712870280,0,0,0,0
1680679629714808981,0,0,0,0
1680679629716760588,0,0,0,0
1680679629718674746,0,0,0,0
1680679629720644699,0,0,0,0
1680679629722579724,0,0,0,0
1680679629724511772,0,0,0,0
1680679629726429136,0,0,0,0
1680679629728412083,0,0,0,0
1680679629730308304,0,0,0,0
1680679629732258211,0,0,0,0
1680679629734108806,0,0,0,0
1680679629736038252,0,0,0,0
1680679629737994350,0,0,0,0
1680679629739898072,0,0,0,0
1680679629742407506,0,0,0,0
1680679629744444112,0,0,0,0
1680679629746571873,0,0,0,0
1680679629748677750,0,0,0,0
1680679629750804819,0,0,0,0
1680679629752647360,0,0,0,0
1680679629754634632,0,0,0,0
1680679629756441426,0,0,0,0
1680679629758318602,0,0,0,0
1680679629760296998,0,0,0,0
1680679629762336077,0,0,0,0
1680679629764506619,0,0,0,0
1680679629766302229,0,0,0,0
1680679629768211655,0,0,0,0
1680679629770096813,0,0,0,0
1680679629771962487,0,0,0,0
1680679629773818196,0,0,0,0
1680679629775751496,0,0,0,0
1680679629777563158,0,0,0,0
1680679629779368444,0,0,0,0
1680679629781410587,0,0,0,0
1680679629783230580,0,0,0,0
1680679629785067011,0,0,0,0
1680679629786912119,0,0,0,0
1680679629788739838,0,0,0,0
1680679629790626006,0,0,0,0
1680679629792438207,0,0,0,0
1680679629794446203,0,0,0,0
1680679629796442593,0,0,0,0
1680679629798461031,0,0,0,0
1680679629800349932,0,0,0,0
1680679629802329196,0,0,0,0
1680679629804313957,0,0,0,0
1680679629806188511,0,0,0,0
1680679629808031888,0,0,0,0
1680679629809902705,0,0,0,0
1680679629811816943,0,0,0,0
1680679629813546866,0,0,0,0
1680679629815421332,0,0,0,0
1680679629817258567,0,0,0,0
1680679629819055948,0,0,0,0
1680679629820941867,0,0,0,0
1680679629822959265,0,0,0,0
1680679629824855487,0,0,0,0
1680679629826728226,0,0,0,0
1680679629828616884,0,0,0,0
1680679629830541259,0,0,0,0
1680679629832501684,0,0,0,0
1680679629834490052,0,0,0,0
1680679629836422633,0,0,0,0
1680679629838397909,0,0,0,0
1680679629840265810,0,0,0,0
1680679629842271857,0,0,0,0
1680679629844112637,0,0,0,0
1680679629846035882,0,0,0,0
1680679629847926988,0,0,0,0
1680679629849912367,0,0,0,0
1680679629851809013,0,0,0,0
1680679629853702227,0,0,0,0
1680679629855657601,0,0,0,0
1680679629857450243,0,0,0,0
1680679629859288469,0,0,0,0
1680679629860980301,0,0,0,0
1680679629862898866,0,0,0,0
1680679629864831399,0,0,0,0
1680679629866697162,0,0,0,0
1680679629868428841,0,0,0,0
1680679629870164570,0,0,0,0
1680679629872087557,0,0,0,0
1680679629874017187,0,0,0,0
1680679629875987956,0,0,0,0
1680679629877920739,0,0,0,0
1680679629879774068,0,0,0,0
1680679629881726693,0,0,0,0
1680679629883745556,0,0,0,0
1680679629885598837,0,0,0,0
1680679629887556828,0,0,0,0
1680679629889370518,0,0,0,0
1680679629891175864,0,0,0,0
1680679629893053274,0,0,0,0
1680679629895256569,0,0,0,0
1680679629897096560,0,0,0,0
1680679629899036574,0,0,0,0
1680679629900852020,0,0,0,0
1680679629902898939,0,0,0,0
1680679629904807901,0,0,0,0
1680679629906768416,0,0,0,0
1680679629908639884,0,0,0,0
1680679629910645165,0,0,0,0
1680679629912491895,0,0,0,0
1680679629914398029,0,0,0,0
1680679629916262310,0,0,0,0
1680679629918090963,0,0,0,0
1680679629920011096,0,0,0,0
1680679629921922798,0,0,0,0
1680679629923964249,0,0,0,0
1680679629925889595,0,0,0,0
1680679629927842821,0,0,0,0
1680679629929727594,0,0,0,0
1680679629931674313,0,0,0,0
1680679629933413968,0,0,0,0
1680679629935210402,0,0,0,0
1680679629937003685,0,0,0,0
1680679629938953559,0,0,0,0
1680679629940811045,0,0,0,0
1680679629942770632,0,0,0,0
1680679629944754370,0,0,0,0
1680679629946648025,0,0,0,0
1680679629948605215,0,0,0,0
1680679629950544433,0,0,0,0
1680679629952537896,0,0,0,0
1680679629954466663,0,0,0,0
1680679629956333691,0,0,0,0
1680679629958275255,0,0,0,0
1680679629960134296,0,0,0,0
1680679629962087962,0,0,0,0
1680679629964043303,0,0,0,0
1680679629966004561,0,0,0,0
1680679629967914231,0,0,0,0
1680679629969994834,0,0,0,0
1680679629971922744,0,0,0,0
1680679629973837451,0,0,0,0
1680679629975639281,0,0,0,0
1680679629977594888,0,0,0,0
1680679629979551538,0,0,0,0
1680679629981348832,0,0,0,0
1680679629983230372,0,0,0,0
1680679629985097068,0,0,0,0
1680679629986999909,0,0,0,0
1680679629988795524,0,0,0,0
1680679629990707415,0,0,0,0
1680679629992620622,0,0,0,0
1680679629994597818,0,0,0,0
1680679629996615246,0,0,0,0
1680679629998596733,0,0,0,0
1680679630000460235,0,0,0,0
1680679630002454374,0,0,0,0
1680679630004327508,0,0,0,0
1680679630006293927,0,0,0,0
1680679630008138013,0,0,0,0
1680679630010000927,0,0,0,0
1680679630011922276,0,0,0,0
1680679630013745839,0,0,0,0
1680679630015512292,0,0,0,0
1680679630017246229,0,0,0,0
1680679630018984555,0,0,0,0
1680679630020726293,0,0,0,0
1680679630022475524,0,0,0,0
1680679630024285969,0,0,0,0
1680679630026080790,0,0,0,0
1680679630028236738,0,0,0,0
1680679630030131907,0,0,0,0
1680679630031973102,0,0,0,0
1680679630033933659,0,0,0,0
1680679630036053722,0,0,0,0
1680679630037796276,0,0,0,0
1680679630039713935,0,0,0,0
1680679630041554586,0,0,0,0
1680679630043520107,0,0,0,0
1680679630045329217,0,0,0,0
1680679630047165775,0,0,0,0
1680679630049115008,0,0,0,0
1680679630051011658,0,0,0,0
1680679630052966154,0,0,0,0
1680679630054824122,0,0,0,0
1680679630056582593,0,0,0,0
1680679630058350138,0,0,0,0
1680679630060107179,0,0,0,0
1680679630061996636,0,0,0,0
1680679630063718482,0,0,0,0
1680679630065421290,0,0,0,0
1680679630067118528,0,0,0,0
1680679630068811062,0,0,0,0
1680679630070525408,0,0,0,0
1680679630072289349,0,0,0,0
1680679630074014751,0,0,0,0
1680679630075754800,0,0,0,0
1680679630077481896,0,0,0,0
1680679630079201005,0,0,0,0
1680679630080965290,0,0,0,0
1680679630082771367,0,0,0,0
1680679630084540899,0,0,0,0
1680679630086306861,0,0,0,0
1680679630088050119,0,0,0,0
1680679630089793124,0,0,0,0
1680679630091537951,0,0,0,0
1680679630093253904,0,0,0,0
1680679630094966670,0,0,0,0
1680679630096726726,0,0,0,0
1680679630098463878,0,0,0,0
1680679630100160944,0,0,0,0
1680679630101900359,0,0,0,0
1680679630103766620,0,0,0,0
1680679630105675035,0,0,0,0
1680679630107553598,0,0,0,0
1680679630109428662,0,0,0,0
1680679630111291969,0,0,0,0
1680679630113150274,0,0,0,0
1680679630114988105,0,0,0,0
1680679630117876490,0,0,0,0
1680679630119728693,0,0,0,0
1680679630121564519,0,0,0,0
1680679630123524389,0,0,0,0
1680679630125452307,0,0,0,0
1680679630127348369,0,0,0,0
1680679630129250134,0,0,0,0
1680679630131145789,0,0,0,0
1680679630135059835,0,0,0,0
1680679630136990613,0,0,0,0
1680679630138881152,0,0,0,0
1680679630140722329,0,0,0,0
1680679630142704384,0,0,0,0
1680679630144610532,0,0,0,0
1680679630146495727,0,0,0,0
1680679630148368012,0,0,0,0
1680679630150355834,0,0,0,0
1680679630152279399,0,0,0,0
1680679630154151180,0,0,0,0
1680679630156070414,0,0,0,0
1680679630157970335,0,0,0,0
1680679630159881924,0,0,0,0
1680679630161787636,0,0,0,0
1680679630163734754,0,0,0,0
1680679630166313724,0,0,0,0
1680679630168112518,0,0,0,0
1680679630207615331,0,0,0,0
1680679630280738818,0,0,0,0
1680679630317929744,0,0,0,0
1680679630319873878,0,0,0,0
1680679630321836865,0,0,0,0
1680679630323798660,0,0,0,0
1680679630325756325,0,0,0,0
1680679630327744321,0,0,0,0
1680679630329642159,0,0,0,0
1680679630331427389,0,0,0,0
1680679630333281831,0,0,0,0
1680679630335178865,0,0,0,0
1680679630336996223,0,0,0,0
1680679630338822754,0,0,0,0
1680679630340747432,0,0,0,0
1680679630342600110,0,0,0,0
1680679630344526753,0,0,0,0
1680679630346366727,0,0,0,0
1680679630348207709,0,0,0,0
1680679630350116923,0,0,0,0
1680679630352092906,0,0,0,0
1680679630354041585,0,0,0,0
1680679630355974562,0,0,0,0
1680679630357896179,0,0,0,0
1680679630359846420,0,0,0,0
1680679630361778422,0,0,0,0
1680679630363671936,0,0,0,0
1680679630365614918,0,0,0,0
1680679630367533066,0,0,0,0
1680679630369252671,0,0,0,0
1680679630371083557,0,0,0,0
1680679630372970375,0,0,0,0
1680679630374843163,0,0,0,0
1680679630376733471,0,0,0,0
1680679630378582150,0,0,0,0
1680679630380496894,0,0,0,0
1680679630382391330,0,0,0,0
1680679630384380717,0,0,0,0
1680679630386290833,0,0,0,0
1680679630388227926,0,0,0,0
1680679630390069588,0,0,0,0
1680679630391909992,0,0,0,0
1680679630393874964,0,0,0,0
1680679630395717505,0,0,0,0
1680679630397637833,0,0,0,0
1680679630399675027,0,0,0,0
1680679630401539446,0,0,0,0
1680679630403372036,0,0,0,0
1680679630405265397,0,0,0,0
1680679630407065005,0,0,0,0
1680679630408809871,0,0,0,0
1680679630410769025,0,0,0,0
1680679630412672620,0,0,0,0
1680679630414534126,0,0,0,0
1680679630416379200,0,0,0,0
1680679630418309330,0,0,0,0
1680679630420239125,0,0,0,0
1680679630422140831,0,0,0,0
1680679630424125609,0,0,0,0
1680679630426033041,0,0,0,0
1680679630427870310,0,0,0,0
1680679630429814964,0,0,0,0
1680679630431703414,0,0,0,0
1680679630433634531,0,0,0,0
1680679630435692891,0,0,0,0
1680679630437590092,0,0,0,0
1680679630439598419,0,0,0,0
1680679630441378705,0,0,0,0
1680679630443460930,0,0,0,0
1680679630445367452,0,0,0,0
1680679630447224654,0,0,0,0
1680679630449074322,0,0,0,0
1680679630451028563,0,0,0,0
1680679630452880742,0,0,0,0
1680679630454789511,0,0,0,0
1680679630456656866,0,0,0,0
1680679630458556314,0,0,0,0
1680679630460474306,0,0,0,0
1680679630462277372,0,0,0,0
1680679630464247907,0,0,0,0
1680679630466196357,0,0,0,0
1680679630468123219,0,0,0,0
1680679630470117218,0,0,0,0
1680679630472033925,0,0,0,0
1680679630473990411,0,0,0,0
1680679630475906482,0,0,0,0
1680679630477891008,0,0,0,0
1680679630479774107,0,0,0,0
1680679630481669849,0,0,0,0
1680679630483587767,0,0,0,0
1680679630485399073,0,0,0,0
1680679630487258830,0,0,0,0
1680679630489083758,0,0,0,0
1680679630490997688,0,0,0,0
1680679630492808928,0,0,0,0
1680679630494800562,0,0,0,0
1680679630496687689,0,0,0,0
1680679630498695321,0,0,0,0
1680679630500661872,0,0,0,0
1680679630502627279,0,0,0,0
1680679630504584029,0,0,0,0
1680679630506549923,0,0,0,0
1680679630508452542,0,0,0,0
1680679630510427572,0,0,0,0
1680679630512281607,0,0,0,0
1680679630514254594,0,0,0,0
1680679630516125015,0,0,0,0
1680679630518002937,0,0,0,0
1680679630519938312,0,0,0,0
1680679630521873434,0,0,0,0
1680679630523832641,0,0,0,0
1680679630525868127,0,0,0,0
1680679630527826024,0,0,0,0
1680679630529821029,0,0,0,0
1680679630531662623,0,0,0,0
1680679630533618426,0,0,0,0
1680679630535824084,0,0,0,0
1680679630537711119,0,0,0,0
1680679630539586504,0,0,0,0
1680679630541579525,0,0,0,0
1680679630543480799,0,0,0,0
1680679630545392313,0,0,0,0
1680679630547293383,0,0,0,0
1680679630549139776,0,0,0,0
1680679630550976102,0,0,0,0
1680679630552789970,0,0,0,0
1680679630554737152,0,0,0,0
1680679630556616839,0,0,0,0
1680679630558584849,0,0,0,0
1680679630560458781,0,0,0,0
1680679630562349138,0,0,0,0
1680679630564365700,0,0,0,0
1680679630566281158,0,0,0,0
1680679630568223573,0,0,0,0
1680679630570239059,0,0,0,0
1680679630572142780,0,0,0,0
1680679630574090573,0,0,0,0
1680679630575962018,0,0,0,0
1680679630577927356,0,0,0,0
1680679630579761115,0,0,0,0
1680679630581710373,0,0,0,0
1680679630583614892,0,0,0,0
1680679630585533824,0,0,0,0
1680679630587497993,0,0,0,0
1680679630589322767,0,0,0,0
1680679630591223593,0,0,0,0
1680679630593073682,0,0,0,0
1680679630594975546,0,0,0,0
1680679630596825148,0,0,0,0
1680679630598690338,0,0,0,0
1680679630600758825,0,0,0,0
1680679630602620392,0,0,0,0
1680679630604628767,0,0,0,0
1680679630606539676,0,0,0,0
1680679630608494331,0,0,0,0
1680679630610389814,0,0,0,0
1680679630612270553,0,0,0,0
1680679630614203994,0,0,0,0
1680679630616068071,0,0,0,0
1680679630617832684,0,0,0,0
1680679630619718470,0,0,0,0
1680679630621645863,0,0,0,0
1680679630623617582,0,0,0,0
1680679630625550152,0,0,0,0
1680679630627530274,0,0,0,0
1680679630629407897,0,0,0,0
1680679630631307515,0,0,0,0
1680679630633122424,0,0,0,0
1680679630634980069,0,0,0,0
1680679630636810721,0,0,0,0
1680679630638706832,0,0,0,0
1680679630640572442,0,0,0,0
1680679630642511691,0,0,0,0
1680679630644387242,0,0,0,0
1680679630646392147,0,0,0,0
1680679630648341164,0,0,0,0
1680679630650203393,0,0,0,0
1680679630652025643,0,0,0,0
1680679630653946354,0,0,0,0
1680679630655961564,0,0,0,0
1680679630657832075,0,0,0,0
1680679630659772813,0,0,0,0
1680679630661738198,0,0,0,0
1680679630663684155,0,0,0,0
1680679630665683463,0,0,0,0
1680679630667590697,0,0,0,0
1680679630669554791,0,0,0,0
1680679630671469421,0,0,0,0
1680679630673351717,0,0,0,0
1680679630675177728,0,0,0,0
1680679630677026319,0,0,0,0
1680679630678897093,0,0,0,0
1680679630680813627,0,0,0,0
1680679630682676174,0,0,0,0
1680679630684689812,0,0,0,0
1680679630686590367,0,0,0,0
1680679630688549394,0,0,0,0
1680679630690460412,0,0,0,0
1680679630692344082,0,0,0,0
1680679630694244832,0,0,0,0
1680679630696169465,0,0,0,0
1680679630698056689,0,0,0,0
1680679630700022803,0,0,0,0
1680679630701945130,0,0,0,0
1680679630703855710,0,0,0,0
1680679630705710115,0,0,0,0
1680679630707684181,0,0,0,0
1680679630709601563,0,0,0,0
1680679630711593698,0,0,0,0
1680679630713426784,0,0,0,0
1680679630715204586,0,0,0,0
1680679630717040564,0,0,0,0
1680679630718955106,0,0,0,0
1680679630720825000,0,0,0,0
1680679630722643760,0,0,0,0
1680679630724564093,0,0,0,0
1680679630726430275,0,0,0,0
1680679630728371326,0,0,0,0
1680679630730203736,0,0,0,0
1680679630732123314,0,0,0,0
1680679630733978716,0,0,0,0
1680679630735966667,0,0,0,0
1680679630737958987,0,0,0,0
1680679630739812840,0,0,0,0
1680679630742132447,0,0,0,0
1680679630743996454,0,0,0,0
1680679630746097144,0,0,0,0
1680679630747972695,0,0,0,0
1680679630749904862,0,0,0,0
1680679630751767983,0,0,0,0
1680679630753649370,0,0,0,0
1680679630755620997,0,0,0,0
1680679630757428363,0,0,0,0
1680679630759199555,0,0,0,0
1680679630761107915,0,0,0,0
1680679630763030257,0,0,0,0
1680679630764894493,0,0,0,0
1680679630766866428,0,0,0,0
1680679630768802656,0,0,0,0
1680679630770777307,0,0,0,0
1680679630772660297,0,0,0,0
1680679630774645228,0,0,0,0
1680679630776518710,0,0,0,0
1680679630778520361,0,0,0,0
1680679630780351258,0,0,0,0
1680679630782321545,0,0,0,0
1680679630784317246,0,0,0,0
1680679630786198762,0,0,0,0
1680679630788092172,0,0,0,0
1680679630789984215,0,0,0,0
1680679630791790334,0,0,0,0
1680679630793596958,0,0,0,0
1680679630795562721,0,0,0,0
1680679630797373216,0,0,0,0
1680679630799250682,0,0,0,0
1680679630801154956,0,0,0,0
1680679630803041682,0,0,0,0
1680679630804877201,0,0,0,0
1680679630806872263,0,0,0,0
1680679630808761033,0,0,0,0
1680679630810739128,0,0,0,0
1680679630812642540,0,0,0,0
1680679630814735299,0,0,0,0
1680679630816631200,0,0,0,0
1680679630818579902,0,0,0,0
1680679630820434053,0,0,0,0
1680679630822431794,0,0,0,0
1680679630824402250,0,0,0,0
1680679630826269612,0,0,0,0
1680679630828191442,0,0,0,0
1680679630830058768,0,0,0,0
1680679630831893771,0,0,0,0
1680679630833816985,0,0,0,0
1680679630835668771,0,0,0,0
1680679630837738765,0,0,0,0
1680679630839721216,0,0,0,0
1680679630841659978,0,0,0,0
1680679630843620185,0,0,0,0
1680679630845524676,0,0,0,0
1680679630847466781,0,0,0,0
1680679630849306368,0,0,0,0
1680679630851095810,0,0,0,0
1680679630852886360,0,0,0,0
1680679630854688758,0,0,0,0
1680679630856564032,0,0,0,0
1680679630858310890,0,0,0,0
1680679630860053463,0,0,0,0
1680679630861931034,0,0,0,0
1680679630863860743,0,0,0,0
1680679630865750958,0,0,0,0
1680679630867672323,0,0,0,0
1680679630869565100,0,0,0,0
1680679630871395942,0,0,0,0
1680679630873269382,0,0,0,0
1680679630875047970,0,0,0,0
1680679630876890428,0,0,0,0
1680679630878833407,0,0,0,0
1680679630880798169,0,0,0,0
1680679630882680795,0,0,0,0
1680679630884734492,0,0,0,0
1680679630886753832,0,0,0,0
1680679630888762580,0,0,0,0
1680679630890603960,0,0,0,0
1680679630892524166,0,0,0,0
1680679630894429234,0,0,0,0
1680679630896388117,0,0,0,0
1680679630898257995,0,0,0,0
1680679630900165062,0,0,0,0
1680679630902146868,0,0,0,0
1680679630903990406,0,0,0,0
1680679630905901041,0,0,0,0
1680679630907855697,0,0,0,0
1680679630909832616,0,0,0,0
1680679630911696760,0,0,0,0
1680679630913522590,0,0,0,0
1680679630915441040,0,0,0,0
1680679630917283230,0,0,0,0
1680679630919050841,0,0,0,0
1680679630920956990,0,0,0,0
1680679630922875337,0,0,0,0
1680679630924809855,0,0,0,0
1680679630926717717,0,0,0,0
1680679630928707953,0,0,0,0
1680679630930617259,0,0,0,0
1680679630932462625,0,0,0,0
1680679630934255415,0,0,0,0
1680679630936121178,0,0,0,0
1680679630938087839,0,0,0,0
1680679630940008258,0,0,0,0
1680679630942052609,0,0,0,0
1680679630943964035,0,0,0,0
1680679630945947534,0,0,0,0
1680679630947850242,0,0,0,0
1680679630949821355,0,0,0,0
1680679630951726209,0,0,0,0
1680679630953543361,0,0,0,0
1680679630955256353,0,0,0,0
1680679630957082028,0,0,0,0
1680679630958779648,0,0,0,0
1680679630960650392,0,0,0,0
1680679630962687270,0,0,0,0
1680679630964655028,0,0,0,0
1680679630966661811,0,0,0,0
1680679630968770481,0,0,0,0
1680679630970719600,0,0,0,0
1680679630972692443,0,0,0,0
1680679630974580181,0,0,0,0
1680679630976526416,0,0,0,0
1680679630978379022,0,0,0,0
1680679630980303583,0,0,0,0
1680679630982209526,0,0,0,0
1680679630984156721,0,0,0,0
1680679630986050263,0,0,0,0
1680679630987968830,0,0,0,0
1680679630989903411,0,0,0,0
1680679630991923487,0,0,0,0
1680679630993837583,0,0,0,0
1680679630995710839,0,0,0,0
1680679630997672486,0,0,0,0
1680679630999635949,0,0,0,0
1680679631001442926,0,0,0,0
1680679631003349243,0,0,0,0
1680679631005179648,0,0,0,0
1680679631006948665,0,0,0,0
1680679631008813415,0,0,0,0
1680679631010733694,0,0,0,0
1680679631012632476,0,0,0,0
1680679631014634114,0,0,0,0
1680679631016539080,0,0,0,0
1680679631018499832,0,0,0,0
1680679631020432551,0,0,0,0
1680679631022394070,0,0,0,0
1680679631024285670,0,0,0,0
1680679631026283921,0,0,0,0
1680679631028298970,0,0,0,0
1680679631030181594,0,0,0,0
1680679631032126052,0,0,0,0
1680679631033989735,0,0,0,0
1680679631035960393,0,0,0,0
1680679631038053400,0,0,0,0
1680679631039994647,0,0,0,0
1680679631041906865,0,0,0,0
1680679631043910651,0,0,0,0
1680679631045931307,0,0,0,0
1680679631047878084,0,0,0,0
1680679631049833683,0,0,0,0
1680679631051689335,0,0,0,0
1680679631053500854,0,0,0,0
1680679631055255534,0,0,0,0
1680679631057094273,0,0,0,0
1680679631059073767,0,0,0,0
1680679631060933839,0,0,0,0
1680679631062882225,0,0,0,0
1680679631064800050,0,0,0,0
1680679631066737408,0,0,0,0
1680679631068684730,0,0,0,0
1680679631070556829,0,0,0,0
1680679631072502639,0,0,0,0
1680679631074402682,0,0,0,0
1680679631076260362,0,0,0,0
1680679631078140384,0,0,0,0
1680679631080033168,0,0,0,0
1680679631082005227,0,0,0,0
1680679631084018325,0,0,0,0
1680679631085966620,0,0,0,0
1680679631087946118,0,0,0,0
1680679631089820135,0,0,0,0
1680679631091672374,0,0,0,0
1680679631093554757,0,0,0,0
1680679631095417103,0,0,0,0
1680679631097234289,0,0,0,0
1680679631099144699,0,0,0,0
1680679631100977892,0,0,0,0
1680679631103052994,0,0,0,0
1680679631104933739,0,0,0,0
1680679631106900839,0,0,0,0
1680679631108743158,0,0,0,0
1680679631110571417,0,0,0,0
1680679631112385748,0,0,0,0
1680679631114242629,0,0,0,0
1680679631116045804,0,0,0,0
1680679631117926244,0,0,0,0
1680679631119735340,0,0,0,0
1680679631121661299,0,0,0,0
1680679631123702733,0,0,0,0
1680679631125732664,0,0,0,0
1680679631127815099,0,0,0,0
1680679631129786977,0,0,0,0
1680679631131631200,0,0,0,0
1680679631133503399,0,0,0,0
1680679631135189555,0,0,0,0
1680679631136914881,0,0,0,0
1680679631138916332,0,0,0,0
1680679631140815183,0,0,0,0
1680679631142699240,0,0,0,0
1680679631144798650,0,0,0,0
1680679631146647113,0,0,0,0
1680679631148662196,0,0,0,0
1680679631150584099,0,0,0,0
1680679631152466209,0,0,0,0
1680679631154290975,0,0,0,0
1680679631156216614,0,0,0,0
1680679631158078602,0,0,0,0
1680679631159913186,0,0,0,0
1680679631161825382,0,0,0,0
1680679631163840187,0,0,0,0
1680679631165804786,0,0,0,0
1680679631167829352,0,0,0,0
1680679631169813614,0,0,0,0
1680679631171804841,0,0,0,0
1680679631173638003,0,0,0,0
1680679631175599628,0,0,0,0
1680679631177399144,0,0,0,0
1680679631179236591,0,0,0,0
1680679631180968592,0,0,0,0
1680679631182924654,0,0,0,0
1680679631184837249,0,0,0,0
1680679631186789287,0,0,0,0
1680679631188710134,0,0,0,0
1680679631190685076,0,0,0,0
1680679631192517530,0,0,0,0
1680679631194443016,0,0,0,0
1680679631196252987,0,0,0,0
1680679631198256130,0,0,0,0
1680679631200147976,0,0,0,0
1680679631202015126,0,0,0,0
1680679631204337830,0,0,0,0
1680679631206242964,0,0,0,0
1680679631208228843,0,0,0,0
1680679631210062548,0,0,0,0
1680679631211970859,0,0,0,0
1680679631213948275,0,0,0,0
1680679631215775543,0,0,0,0
1680679631217623226,0,0,0,0
1680679631219531224,0,0,0,0
1680679631221342562,0,0,0,0
1680679631223084408,0,0,0,0
1680679631224949674,0,0,0,0
1680679631226740076,0,0,0,0
1680679631228639946,0,0,0,0
1680679631230564836,0,0,0,0
1680679631232549850,0,0,0,0
1680679631234488054,0,0,0,0
1680679631236335148,0,0,0,0
1680679631238257151,0,0,0,0
1680679631240245921,0,0,0,0
1680679631242097500,0,0,0,0
1680679631244016438,0,0,0,0
1680679631246039864,0,0,0,0
1680679631247969487,0,0,0,0
1680679631250004042,0,0,0,0
1680679631251912620,0,0,0,0
1680679631253907679,0,0,0,0
1680679631255813957,0,0,0,0
1680679631257669032,0,0,0,0
1680679631259688948,0,0,0,0
1680679631261532068,0,0,0,0
1680679631263463962,0,0,0,0
1680679631265290779,0,0,0,0
1680679631267172985,0,0,0,0
1680679631269028457,0,0,0,0
1680679631270903715,0,0,0,0
1680679631272805637,0,0,0,0
1680679631274685043,0,0,0,0
1680679631276662991,0,0,0,0
1680679631278559609,0,0,0,0
1680679631280511427,0,0,0,0
1680679631282409836,0,0,0,0
1680679631284304790,0,0,0,0
1680679631286145221,0,0,0,0
1680679631288101868,0,0,0,0
1680679631290024610,0,0,0,0
1680679631291989853,0,0,0,0
1680679631293893221,0,0,0,0
1680679631295838314,0,0,0,0
1680679631297821233,0,0,0,0
1680679631299708863,0,0,0,0
1680679631301603926,0,0,0,0
1680679631303515840,0,0,0,0
1680679631305593071,0,0,0,0
1680679631307509758,0,0,0,0
1680679631309462479,0,0,0,0
1680679631311303090,0,0,0,0
1680679631313122824,0,0,0,0
1680679631314955790,0,0,0,0
1680679631316733676,0,0,0,0
1680679631318623522,0,0,0,0
1680679631320497488,0,0,0,0
1680679631322377734,0,0,0,0
1680679631324243275,0,0,0,0
1680679631326288760,0,0,0,0
1680679631328147782,0,0,0,0
1680679631330097513,0,0,0,0
1680679631332036546,0,0,0,0
1680679631333854956,0,0,0,0
1680679631335782699,0,0,0,0
1680679631337639494,0,0,0,0
1680679631339934185,0,0,0,0
1680679631341829020,0,0,0,0
1680679631343618953,0,0,0,0
1680679631345525128,0,0,0,0
1680679631347300598,0,0,0,0
1680679631349238556,0,0,0,0
1680679631351058077,0,0,0,0
1680679631353081284,0,0,0,0
1680679631354975287,0,0,0,0
1680679631356811677,0,0,0,0
1680679631358869342,0,0,0,0
1680679631360753550,0,0,0,0
1680679631362655409,0,0,0,0
1680679631364524364,0,0,0,0
1680679631366648794,0,0,0,0
1680679631368586541,0,0,0,0
1680679631370492547,0,0,0,0
1680679631372614738,0,0,0,0
1680679631374554581,0,0,0,0
1680679631376597577,0,0,0,0
1680679631378554000,0,0,0,0
1680679631380482506,0,0,0,0
1680679631382542652,0,0,0,0
1680679631384388035,0,0,0,0
1680679631386292663,0,0,0,0
1680679631388193421,0,0,0,0
1680679631390074453,0,0,0,0
1680679631391955270,0,0,0,0
1680679631393812345,0,0,0,0
1680679631395742512,0,0,0,0
1680679631397614621,0,0,0,0
1680679631399561127,0,0,0,0
1680679631401380554,0,0,0,0
1680679631403166537,0,0,0,0
1680679631405035473,0,0,0,0
1680679631406917038,0,0,0,0
1680679631408737375,0,0,0,0
1680679631410600454,0,0,0,0
1680679631412507100,0,0,0,0
1680679631414375119,0,0,0,0
1680679631416301160,0,0,0,0
1680679631418163748,0,0,0,0
1680679631419983956,0,0,0,0
1680679631421748023,0,0,0,0
1680679631423648846,0,0,0,0
1680679631425434534,0,0,0,0
1680679631427217949,0,0,0,0
1680679631429056356,0,0,0,0
1680679631430903123,0,0,0,0
1680679631432787392,0,0,0,0
1680679631434655686,0,0,0,0
1680679631436772748,0,0,0,0
1680679631438707791,0,0,0,0
1680679631440810693,0,0,0,0
1680679631442665219,0,0,0,0
1680679631444559188,0,0,0,0
1680679631446498035,0,0,0,0
1680679631448396506,0,0,0,0
1680679631450345604,0,0,0,0
1680679631452262941,0,0,0,0
1680679631454188385,0,0,0,0
1680679631456106526,0,0,0,0
1680679631458039662,0,0,0,0
1680679631460013556,0,0,0,0
1680679631461927945,0,0,0,0
1680679631463845459,0,0,0,0
1680679631465786785,0,0,0,0
1680679631468561470,0,0,0,0
1680679631470606991,0,0,0,0
1680679631472543729,0,0,0,0
1680679631474494371,0,0,0,0
1680679631476441256,0,0,0,0
1680679631478391327,0,0,0,0
1680679631480393311,0,0,0,0
1680679631482561528,0,0,0,0
1680679631484617678,0,0,0,0
1680679631486724622,0,0,0,0
1680679631488789097,0,0,0,0
1680679631490752865,0,0,0,0
1680679631492785837,0,0,0,0
1680679631494713331,0,0,0,0
1680679631496606898,0,0,0,0
1680679631498530976,0,0,0,0
1680679631500457270,0,0,0,0
1680679631502354177,0,0,0,0
1680679631504241625,0,0,0,0
1680679631507003183,0,0,0,0
1680679631508906968,0,0,0,0
1680679631510887446,0,0,0,0
1680679631578829872,0,0,0,0
1680679631649344131,0,0,0,0
1680679631651312593,0,0,0,0
1680679631653175868,0,0,0,0
1680679631655107198,0,0,0,0
1680679631657040448,0,0,0,0
1680679631659013163,0,0,0,0
1680679631660789818,0,0,0,0
1680679631662542559,0,0,0,0
1680679631664291851,0,0,0,0
1680679631666054631,0,0,0,0
1680679631667868281,0,0,0,0
1680679631669801915,0,0,0,0
1680679631671830392,0,0,0,0
1680679631673686238,0,0,0,0
1680679631675624745,0,0,0,0
1680679631677420560,0,0,0,0
1680679631679314650,0,0,0,0
1680679631681262217,0,0,0,0
1680679631683078271,0,0,0,0
1680679631684866590,0,0,0,0
1680679631686720055,0,0,0,0
1680679631688611301,0,0,0,0
1680679631690532016,0,0,0,0
1680679631692476786,0,0,0,0
1680679631694348552,0,0,0,0
1680679631696258553,0,0,0,0
1680679631698109333,0,0,0,0
1680679631700047188,0,0,0,0
1680679631701931961,0,0,0,0
1680679631703816008,0,0,0,0
1680679631705747094,0,0,0,0
1680679631707739259,0,0,0,0
1680679631709616576,0,0,0,0
1680679631711534144,0,0,0,0
1680679631713430463,0,0,0,0
1680679631715270794,0,0,0,0
1680679631717108917,0,0,0,0
1680679631719062859,0,0,0,0
1680679631720869705,0,0,0,0
1680679631722830631,0,0,0,0
1680679631724689557,0,0,0,0
1680679631726734349,0,0,0,0
1680679631728654411,0,0,0,0
1680679631730551957,0,0,0,0
1680679631732403735,0,0,0,0
1680679631734275320,0,0,0,0
1680679631736231716,0,0,0,0
1680679631738116793,0,0,0,0
1680679631739956899,0,0,0,0
1680679631742095535,0,0,0,0
1680679631743918879,0,0,0,0
1680679631745733287,0,0,0,0
1680679631747689899,0,0,0,0
1680679631749626716,0,0,0,0
1680679631751532643,0,0,0,0
1680679631753337554,0,0,0,0
1680679631755113609,0,0,0,0
1680679631756934421,0,0,0,0
1680679631758786399,0,0,0,0
1680679631760712142,0,0,0,0
1680679631762658116,0,0,0,0
1680679631764609654,0,0,0,0
1680679631766577489,0,0,0,0
1680679631768496271,0,0,0,0
1680679631770407460,0,0,0,0
1680679631772292101,0,0,0,0
1680679631774102090,0,0,0,0
1680679631776049146,0,0,0,0
1680679631778033179,0,0,0,0
1680679631779967479,0,0,0,0
1680679631781980944,0,0,0,0
1680679631783948297,0,0,0,0
1680679631785807909,0,0,0,0
1680679631787787327,0,0,0,0
1680679631789717672,0,0,0,0
1680679631791672000,0,0,0,0
1680679631793427211,0,0,0,0
1680679631795329032,0,0,0,0
1680679631797136663,0,0,0,0
1680679631798948757,0,0,0,0
1680679631800790899,0,0,0,0
1680679631802798726,0,0,0,0
1680679631804738844,0,0,0,0
1680679631806752967,0,0,0,0
1680679631808662437,0,0,0,0
1680679631810697467,0,0,0,0
1680679631812601388,0,0,0,0
1680679631814499040,0,0,0,0
1680679631816455268,0,0,0,0
1680679631818290265,0,0,0,0
1680679631820245128,0,0,0,0
1680679631822151345,0,0,0,0
1680679631824108128,0,0,0,0
1680679631826004454,0,0,0,0
1680679631827947026,0,0,0,0
1680679631829868807,0,0,0,0
1680679631831807594,0,0,0,0
1680679631833579703,0,0,0,0
1680679631835341270,0,0,0,0
1680679631837104022,0,0,0,0
1680679631839031346,0,0,0,0
1680679631840904369,0,0,0,0
1680679631842988591,0,0,0,0
1680679631844913586,0,0,0,0
1680679631846957901,0,0,0,0
1680679631848879015,0,0,0,0
1680679631850855988,0,0,0,0
1680679631852793588,0,0,0,0
1680679631854622848,0,0,0,0
1680679631856538196,0,0,0,0
1680679631858401302,0,0,0,0
1680679631860314629,0,0,0,0
1680679631862147600,0,0,0,0
1680679631864076341,0,0,0,0
1680679631866109253,0,0,0,0
1680679631868111323,0,0,0,0
1680679631870102637,0,0,0,0
1680679631872164226,0,0,0,0
1680679631874077591,0,0,0,0
1680679631875968601,0,0,0,0
1680679631877934043,0,0,0,0
1680679631879799462,0,0,0,0
1680679631881747445,0,0,0,0
1680679631883656702,0,0,0,0
1680679631885625461,0,0,0,0
1680679631887645804,0,0,0,0
1680679631889619124,0,0,0,0
1680679631891579348,0,0,0,0
1680679631893323587,0,0,0,0
1680679631895163373,0,0,0,0
1680679631897065396,0,0,0,0
1680679631898957286,0,0,0,0
1680679631900818614,0,0,0,0
1680679631902730039,0,0,0,0
1680679631904633436,0,0,0,0
1680679631906512341,0,0,0,0
1680679631908435146,0,0,0,0
1680679631910436394,0,0,0,0
1680679631912369291,0,0,0,0
1680679631914266641,0,0,0,0
1680679631916170831,0,0,0,0
1680679631918088533,0,0,0,0
1680679631919992112,0,0,0,0
1680679631921986072,0,0,0,0
1680679631923894329,0,0,0,0
1680679631925894776,0,0,0,0
1680679631927862770,0,0,0,0
1680679631929803389,0,0,0,0
1680679631931673882,0,0,0,0
1680679631933630089,0,0,0,0
1680679631935438117,0,0,0,0
1680679631937245865,0,0,0,0
1680679631939192809,0,0,0,0
1680679631941058702,0,0,0,0
1680679631942988752,0,0,0,0
1680679631944916121,0,0,0,0
1680679631946877245,0,0,0,0
1680679631948810827,0,0,0,0
1680679631950651238,0,0,0,0
1680679631952624454,0,0,0,0
1680679631954488171,0,0,0,0
1680679631956336657,0,0,0,0
1680679631958257611,0,0,0,0
1680679631960208650,0,0,0,0
1680679631962135686,0,0,0,0
1680679631964114451,0,0,0,0
1680679631966074549,0,0,0,0
1680679631968006016,0,0,0,0
1680679631969939430,0,0,0,0
1680679631971872236,0,0,0,0
1680679631973824867,0,0,0,0
1680679631975654973,0,0,0,0
1680679631977573977,0,0,0,0
1680679631979419042,0,0,0,0
1680679631981240709,0,0,0,0
1680679631983111414,0,0,0,0
1680679631984918725,0,0,0,0
1680679631986784808,0,0,0,0
1680679631988688761,0,0,0,0
1680679631990712531,0,0,0,0
1680679631992614969,0,0,0,0
1680679631994584806,0,0,0,0
1680679631996564891,0,0,0,0
1680679631998494897,0,0,0,0
1680679632000405819,0,0,0,0
1680679632002350034,0,0,0,0
1680679632004335264,0,0,0,0
1680679632006291659,0,0,0,0
1680679632008165249,0,0,0,0
1680679632010083067,0,0,0,0
1680679632012113002,0,0,0,0
1680679632014082393,0,0,0,0
1680679632015995659,0,0,0,0
1680679632017997202,0,0,0,0
1680679632019904276,0,0,0,0
1680679632021902103,0,0,0,0
1680679632023759971,0,0,0,0
1680679632025622488,0,0,0,0
1680679632027505262,0,0,0,0
1680679632029295567,0,0,0,0
1680679632031196694,0,0,0,0
1680679632033072809,0,0,0,0
1680679632035055723,0,0,0,0
1680679632036919717,0,0,0,0
1680679632038829055,0,0,0,0
1680679632040624881,0,0,0,0
1680679632042523233,0,0,0,0
1680679632044570731,0,0,0,0
1680679632046487828,0,0,0,0
1680679632048390675,0,0,0,0
1680679632050267066,0,0,0,0
1680679632052218476,0,0,0,0
1680679632054115246,0,0,0,0
1680679632056071351,0,0,0,0
1680679632057981655,0,0,0,0
1680679632059793913,0,0,0,0
1680679632061715535,0,0,0,0
1680679632063612696,0,0,0,0
1680679632065542056,0,0,0,0
1680679632067539503,0,0,0,0
1680679632069373328,0,0,0,0
1680679632071284883,0,0,0,0
1680679632073333442,0,0,0,0
1680679632075226970,0,0,0,0
1680679632077026866,0,0,0,0
1680679632078955395,0,0,0,0
1680679632080806187,0,0,0,0
1680679632082769682,0,0,0,0
1680679632084660364,0,0,0,0
1680679632086787725,0,0,0,0
1680679632088630937,0,0,0,0
1680679632090578652,0,0,0,0
1680679632092448720,0,0,0,0
1680679632094425804,0,0,0,0
1680679632096291478,0,0,0,0
1680679632098260019,0,0,0,0
1680679632100150196,0,0,0,0
1680679632102119032,0,0,0,0
1680679632103996725,0,0,0,0
1680679632105915924,0,0,0,0
1680679632107866976,0,0,0,0
1680679632109712675,0,0,0,0
1680679632111759376,0,0,0,0
1680679632113568640,0,0,0,0
1680679632115400226,0,0,0,0
1680679632117288969,0,0,0,0
1680679632119122470,0,0,0,0
1680679632120971492,0,0,0,0
1680679632122879460,0,0,0,0
1680679632124668508,0,0,0,0
1680679632126604144,0,0,0,0
1680679632128464454,0,0,0,0
1680679632130396224,0,0,0,0
1680679632132299350,0,0,0,0
1680679632134222564,0,0,0,0
1680679632136073539,0,0,0,0
1680679632138024551,0,0,0,0
1680679632139894288,0,0,0,0
1680679632141826342,0,0,0,0
1680679632143611176,0,0,0,0
1680679632145637943,0,0,0,0
1680679632147645994,0,0,0,0
1680679632149418135,0,0,0,0
1680679632151337737,0,0,0,0
1680679632153231242,0,0,0,0
1680679632155059898,0,0,0,0
1680679632156984840,0,0,0,0
1680679632158837593,0,0,0,0
1680679632160802449,0,0,0,0
1680679632162642380,0,0,0,0
1680679632164610246,0,0,0,0
1680679632166494886,0,0,0,0
1680679632168349342,0,0,0,0
1680679632170182789,0,0,0,0
1680679632172125305,0,0,0,0
1680679632174117165,0,0,0,0
1680679632176070740,0,0,0,0
1680679632177989135,0,0,0,0
1680679632179964261,0,0,0,0
1680679632181871019,0,0,0,0
1680679632183810236,0,0,0,0
1680679632185787328,0,0,0,0
1680679632187714391,0,0,0,0
1680679632189636261,0,0,0,0
1680679632191465900,0,0,0,0
1680679632193400731,0,0,0,0
1680679632195188240,0,0,0,0
1680679632196985482,0,0,0,0
1680679632198940145,0,0,0,0
1680679632200856453,0,0,0,0
1680679632202784629,0,0,0,0
1680679632204686375,0,0,0,0
1680679632206669460,0,0,0,0
1680679632208550924,0,0,0,0
1680679632210542499,0,0,0,0
1680679632212815386,0,0,0,0
1680679632214751108,0,0,0,0
1680679632216565263,0,0,0,0
1680679632218513326,0,0,0,0
1680679632220331905,0,0,0,0
1680679632222230253,0,0,0,0
1680679632224103488,0,0,0,0
1680679632226045012,0,0,0,0
1680679632227931665,0,0,0,0
1680679632229901989,0,0,0,0
1680679632231788594,0,0,0,0
1680679632233824412,0,0,0,0
1680679632235662434,0,0,0,0
1680679632237539883,0,0,0,0
1680679632239487211,0,0,0,0
1680679632241271317,0,0,0,0
1680679632243114272,0,0,0,0
1680679632244930764,0,0,0,0
1680679632246874916,0,0,0,0
1680679632248750826,0,0,0,0
1680679632250743521,0,0,0,0
1680679632252624027,0,0,0,0
1680679632254566510,0,0,0,0
1680679632256425404,0,0,0,0
1680679632258344270,0,0,0,0
1680679632260275244,0,0,0,0
1680679632262280765,0,0,0,0
1680679632264219811,0,0,0,0
1680679632266223924,0,0,0,0
1680679632268200717,0,0,0,0
1680679632270155421,0,0,0,0
1680679632271992563,0,0,0,0
1680679632274152715,0,0,0,0
1680679632276116113,0,0,0,0
1680679632278027610,0,0,0,0
1680679632279853236,0,0,0,0
1680679632281660347,0,0,0,0
1680679632283619138,0,0,0,0
1680679632285403754,0,0,0,0
1680679632287190598,0,0,0,0
1680679632289071224,0,0,0,0
1680679632290998253,0,0,0,0
1680679632292815272,0,0,0,0
1680679632294788766,0,0,0,0
1680679632296752126,0,0,0,0
1680679632298650548,0,0,0,0
1680679632300556603,0,0,0,0
1680679632302526101,0,0,0,0
1680679632304399887,0,0,0,0
1680679632306343197,0,0,0,0
1680679632308346244,0,0,0,0
1680679632310385723,0,0,0,0
1680679632312268291,0,0,0,0
1680679632314225018,0,0,0,0
1680679632316151590,0,0,0,0
1680679632318042417,0,0,0,0
1680679632319898667,0,0,0,0
1680679632321771309,0,0,0,0
1680679632323767620,0,0,0,0
1680679632325671056,0,0,0,0
1680679632327747885,0,0,0,0
1680679632329665629,0,0,0,0
1680679632331633878,0,0,0,0
1680679632333538400,0,0,0,0
1680679632335515194,0,0,0,0
1680679632337281801,0,0,0,0
1680679632339175293,0,0,0,0
1680679632340985589,0,0,0,0
1680679632342853126,0,0,0,0
1680679632344813034,0,0,0,0
1680679632346922225,0,0,0,0
1680679632348835660,0,0,0,0
1680679632350730170,0,0,0,0
1680679632352706358,0,0,0,0
1680679632354628294,0,0,0,0
1680679632356562661,0,0,0,0
1680679632358436678,0,0,0,0
1680679632360242129,0,0,0,0
1680679632362157663,0,0,0,0
1680679632363961354,0,0,0,0
1680679632365938316,0,0,0,0
1680679632367896837,0,0,0,0
1680679632369906116,0,0,0,0
1680679632371816730,0,0,0,0
1680679632373748770,0,0,0,0
1680679632375746089,0,0,0,0
1680679632377595311,0,0,0,0
1680679632379551506,0,0,0,0
1680679632381343748,0,0,0,0
1680679632383174494,0,0,0,0
1680679632384971981,0,0,0,0
1680679632386881321,0,0,0,0
1680679632388792836,0,0,0,0
1680679632390732963,0,0,0,0
1680679632392636949,0,0,0,0
1680679632394662873,0,0,0,0
1680679632396515962,0,0,0,0
1680679632398451858,0,0,0,0
1680679632400274810,0,0,0,0
1680679632402205541,0,0,0,0
1680679632404057255,0,0,0,0
1680679632405997244,0,0,0,0
1680679632407970557,0,0,0,0
1680679632409937009,0,0,0,0
1680679632411820397,0,0,0,0
1680679632413765069,0,0,0,0
1680679632415754954,0,0,0,0
1680679632417737217,0,0,0,0
1680679632419583823,0,0,0,0
1680679632421374562,0,0,0,0
1680679632423208043,0,0,0,0
1680679632424987321,0,0,0,0
1680679632426973264,0,0,0,0
1680679632428916634,0,0,0,0
1680679632430817516,0,0,0,0
1680679632432744550,0,0,0,0
1680679632434792705,0,0,0,0
1680679632436666127,0,0,0,0
1680679632438614714,0,0,0,0
1680679632440467188,0,0,0,0
1680679632442429443,0,0,0,0
1680679632444334943,0,0,0,0
1680679632446219244,0,0,0,0
1680679632448256566,0,0,0,0
1680679632450261687,0,0,0,0
1680679632452122463,0,0,0,0
1680679632454026697,0,0,0,0
1680679632455971120,0,0,0,0
1680679632457893843,0,0,0,0
1680679632459829365,0,0,0,0
1680679632461655575,0,0,0,0
1680679632463491795,0,0,0,0
1680679632465361203,0,0,0,0
1680679632467193253,0,0,0,0
1680679632468987497,0,0,0,0
1680679632470859810,0,0,0,0
1680679632472811088,0,0,0,0
1680679632474778387,0,0,0,0
1680679632476736981,0,0,0,0
1680679632478645427,0,0,0,0
1680679632480622794,0,0,0,0
1680679632482503400,0,0,0,0
1680679632484362071,0,0,0,0
1680679632486243736,0,0,0,0
1680679632488213904,0,0,0,0
1680679632490142034,0,0,0,0
1680679632492043340,0,0,0,0
1680679632494008127,0,0,0,0
1680679632495949543,0,0,0,0
1680679632497880396,0,0,0,0
1680679632499865462,0,0,0,0
1680679632501696608,0,0,0,0
1680679632503591330,0,0,0,0
1680679632505394414,0,0,0,0
1680679632507235191,0,0,0,0
1680679632509034039,0,0,0,0
1680679632510992860,0,0,0,0
1680679632512849932,0,0,0,0
1680679632514851816,0,0,0,0
1680679632516862351,0,0,0,0
1680679632518819730,0,0,0,0
1680679632520702491,0,0,0,0
1680679632522659755,0,0,0,0
1680679632524458300,0,0,0,0
1680679632526444542,0,0,0,0
1680679632528333443,0,0,0,0
1680679632530089598,0,0,0,0
1680679632532019561,0,0,0,0
1680679632533945040,0,0,0,0
1680679632535921406,0,0,0,0
1680679632537817815,0,0,0,0
1680679632539782579,0,0,0,0
1680679632541674913,0,0,0,0
1680679632543630640,0,0,0,0
1680679632545433769,0,0,0,0
1680679632547280306,0,0,0,0
1680679632549218514,0,0,0,0
1680679632551084180,0,0,0,0
1680679632552870579,0,0,0,0
1680679632554885995,0,0,0,0
1680679632556732671,0,0,0,0
1680679632558584242,0,0,0,0
1680679632560562388,0,0,0,0
1680679632562506002,0,0,0,0
1680679632564433059,0,0,0,0
1680679632566239211,0,0,0,0
1680679632568173478,0,0,0,0
1680679632570206901,0,0,0,0
1680679632572142371,0,0,0,0
1680679632574004545,0,0,0,0
1680679632576013842,0,0,0,0
1680679632577954722,0,0,0,0
1680679632579852668,0,0,0,0
1680679632581817471,0,0,0,0
1680679632583766111,0,0,0,0
1680679632585611041,0,0,0,0
1680679632587497618,0,0,0,0
1680679632589408175,0,0,0,0
1680679632591204538,0,0,0,0
1680679632593009648,0,0,0,0
1680679632595015045,0,0,0,0
1680679632596881701,0,0,0,0
1680679632598848683,0,0,0,0
1680679632600761146,0,0,0,0
1680679632602714264,0,0,0,0
1680679632604624206,0,0,0,0
1680679632606615557,0,0,0,0
1680679632608469308,0,0,0,0
1680679632610409982,0,0,0,0
1680679632612283757,0,0,0,0
1680679632614238929,0,0,0,0
1680679632616161766,0,0,0,0
1680679632617989419,0,0,0,0
1680679632619848761,0,0,0,0
1680679632621765864,0,0,0,0
1680679632623660942,0,0,0,0
1680679632625626053,0,0,0,0
1680679632627554212,0,0,0,0
1680679632629545170,0,0,0,0
1680679632631355344,0,0,0,0
1680679632633224498,0,0,0,0
1680679632635107919,0,0,0,0
1680679632637012014,0,0,0,0
1680679632638866081,0,0,0,0
1680679632640784693,0,0,0,0
1680679632642642229,0,0,0,0
1680679632644576812,0,0,0,0
1680679632646501434,0,0,0,0
1680679632648410583,0,0,0,0
1680679632650424667,0,0,0,0
1680679632652365089,0,0,0,0
1680679632654297062,0,0,0,0
1680679632656151154,0,0,0,0
1680679632658087855,0,0,0,0
1680679632659937815,0,0,0,0
1680679632661905713,0,0,0,0
1680679632663830183,0,0,0,0
1680679632665782148,0,0,0,0
1680679632667705305,0,0,0,0
1680679632669579893,0,0,0,0
1680679632671389259,0,0,0,0
1680679632673158935,0,0,0,0
1680679632674958618,0,0,0,0
1680679632676785293,0,0,0,0
1680679632678581113,0,0,0,0
1680679632680403531,0,0,0,0
1680679632682424306,0,0,0,0
1680679632684730096,0,0,0,0
1680679632686548497,0,0,0,0
1680679632688381242,0,0,0,0
1680679632690290424,0,0,0,0
1680679632692376957,0,0,0,0
1680679632694317549,0,0,0,0
1680679632696243120,0,0,0,0
1680679632698314848,0,0,0,0
1680679632700291105,0,0,0,0
1680679632702242800,0,0,0,0
1680679632704066921,0,0,0,0
1680679632706128162,0,0,0,0
1680679632708058696,0,0,0,0
1680679632709945653,0,0,0,0
1680679632711868120,0,0,0,0
1680679632713709938,0,0,0,0
1680679632715771229,0,0,0,0
1680679632717785223,0,0,0,0
1680679632719650338,0,0,0,0
1680679632721581433,0,0,0,0
1680679632723432660,0,0,0,0
1680679632725339114,0,0,0,0
1680679632727068590,0,0,0,0
1680679632728799785,0,0,0,0
1680679632730725227,0,0,0,0
1680679632732614563,0,0,0,0
1680679632734447694,0,0,0,0
1680679632736161597,0,0,0,0
1680679632738039607,0,0,0,0
1680679632739988273,0,0,0,0
1680679632741897144,0,0,0,0
1680679632743728410,0,0,0,0
1680679632745616531,0,0,0,0
1680679632747410460,0,0,0,0
1680679632749324248,0,0,0,0
1680679632751174707,0,0,0,0
1680679632752864706,0,0,0,0
1680679632754806146,0,0,0,0
1680679632756680449,0,0,0,0
1680679632758485343,0,0,0,0
1680679632760282505,0,0,0,0
1680679632762194740,0,0,0,0
1680679632764102572,0,0,0,0
1680679632765913136,0,0,0,0
1680679632767870802,0,0,0,0
1680679632769956977,0,0,0,0
1680679632771912134,0,0,0,0
1680679632773816871,0,0,0,0
1680679632775793470,0,0,0,0
1680679632777722327,0,0,0,0
1680679632779612376,0,0,0,0
1680679632781506180,0,0,0,0
1680679632783394728,0,0,0,0
1680679632785264360,0,0,0,0
1680679632787276104,0,0,0,0
1680679632789429954,0,0,0,0
1680679632791471138,0,0,0,0
1680679632793445065,0,0,0,0
1680679632795678159,0,0,0,0
1680679632797931970,0,0,0,0
1680679632800037248,0,0,0,0
1680679632802118890,0,0,0,0
1680679632804218874,0,0,0,0
1680679632806354850,0,0,0,0
1680679632808363275,0,0,0,0
1680679632810343245,0,0,0,0
1680679632812243946,0,0,0,0
1680679632814178827,0,0,0,0
1680679632816085647,0,0,0,0
1680679632818328201,0,0,0,0
1680679632820220127,0,0,0,0
1680679632822108988,0,0,0,0
1680679632823963211,0,0,0,0
1680679632825852765,0,0,0,0
1680679632827678594,0,0,0,0
1680679632829613398,0,0,0,0
1680679632831544476,0,0,0,0
1680679632833457574,0,0,0,0
1680679632835409739,0,0,0,0
1680679632837338364,0,0,0,0
1680679632839301381,0,0,0,0
1680679632841971934,0,0,0,0
1680679632843861472,0,0,0,0
1680679632846005386,0,0,0,0
1680679632918946361,0,0,0,0
1680679632987881893,0,0,0,0
1680679632989884614,0,0,0,0
1680679632991854060,0,0,0,0
1680679632993819160,0,0,0,0
1680679632995757948,0,0,0,0
1680679632997685767,0,0,0,0
1680679632999387723,0,0,0,0
1680679633001054329,0,0,0,0
1680679633002800021,0,0,0,0
1680679633004576738,0,0,0,0
1680679633006418155,0,0,0,0
1680679633008292114,0,0,0,0
1680679633010182713,0,0,0,0
1680679633012121688,0,0,0,0
1680679633014029493,0,0,0,0
1680679633015886300,0,0,0,0
1680679633017848038,0,0,0,0
1680679633020108226,0,0,0,0
1680679633021952060,0,0,0,0
1680679633023863662,0,0,0,0
1680679633025681119,0,0,0,0
1680679633027490467,0,0,0,0
1680679633029217600,0,0,0,0
1680679633030976696,0,0,0,0
1680679633032807120,0,0,0,0
1680679633034694256,0,0,0,0
1680679633036538469,0,0,0,0
1680679633038469041,0,0,0,0
1680679633040429793,0,0,0,0
1680679633042353454,0,0,0,0
1680679633044260882,0,0,0,0
1680679633046215901,0,0,0,0
1680679633048086527,0,0,0,0
1680679633050031305,0,0,0,0
1680679633051954141,0,0,0,0
1680679633053953703,0,0,0,0
1680679633055821854,0,0,0,0
1680679633057671435,0,0,0,0
1680679633059736570,0,0,0,0
1680679633061692581,0,0,0,0
1680679633063660187,0,0,0,0
1680679633065505577,0,0,0,0
1680679633067349156,0,0,0,0
1680679633069159124,0,0,0,0
1680679633071084992,0,0,0,0
1680679633072963486,0,0,0,0
1680679633074886063,0,0,0,0
1680679633076767556,0,0,0,0
1680679633078727461,0,0,0,0
1680679633080629396,0,0,0,0
1680679633082509814,0,0,0,0
1680679633084496929,0,0,0,0
1680679633086421994,0,0,0,0
1680679633088323967,0,0,0,0
1680679633090259923,0,0,0,0
1680679633092309195,0,0,0,0
1680679633094270985,0,0,0,0
1680679633096155901,0,0,0,0
1680679633098052438,0,0,0,0
1680679633100038980,0,0,0,0
1680679633101940486,0,0,0,0
1680679633103797799,0,0,0,0
1680679633105711971,0,0,0,0
1680679633107719042,0,0,0,0
1680679633109584616,0,0,0,0
1680679633111536650,0,0,0,0
1680679633113439713,0,0,0,0
1680679633115280907,0,0,0,0
1680679633117121753,0,0,0,0
1680679633119040279,0,0,0,0
1680679633120880605,0,0,0,0
1680679633122779714,0,0,0,0
1680679633124608510,0,0,0,0
1680679633126488928,0,0,0,0
1680679633128314780,0,0,0,0
1680679633130284021,0,0,0,0
1680679633132217288,0,0,0,0
1680679633134186413,0,0,0,0
1680679633136057800,0,0,0,0
1680679633138099979,0,0,0,0
1680679633140050473,0,0,0,0
1680679633142080452,0,0,0,0
1680679633143980567,0,0,0,0
1680679633145961077,0,0,0,0
1680679633147862763,0,0,0,0
1680679633149746350,0,0,0,0
1680679633151666696,0,0,0,0
1680679633153885987,0,0,0,0
1680679633155827126,0,0,0,0
1680679633157830752,0,0,0,0
1680679633159873291,0,0,0,0
1680679633161720685,0,0,0,0
1680679633163670828,0,0,0,0
1680679633165532203,0,0,0,0
1680679633167485749,0,0,0,0
1680679633169354672,0,0,0,0
1680679633171223363,0,0,0,0
1680679633173071757,0,0,0,0
1680679633175006884,0,0,0,0
1680679633176921937,0,0,0,0
1680679633178788847,0,0,0,0
1680679633180810617,0,0,0,0
1680679633182718562,0,0,0,0
1680679633184605957,0,0,0,0
1680679633186496442,0,0,0,0
1680679633188423370,0,0,0,0
1680679633190256054,0,0,0,0
1680679633192234631,0,0,0,0
1680679633194137929,0,0,0,0
1680679633196092932,0,0,0,0
1680679633198106973,0,0,0,0
1680679633200008197,0,0,0,0
1680679633201960266,0,0,0,0
1680679633203813885,0,0,0,0
1680679633205685692,0,0,0,0
1680679633207641343,0,0,0,0
1680679633209440685,0,0,0,0
1680679633211271623,0,0,0,0
1680679633213099051,0,0,0,0
1680679633214967982,0,0,0,0
1680679633216811517,0,0,0,0
1680679633218795356,0,0,0,0
1680679633220703356,0,0,0,0
1680679633222598624,0,0,0,0
1680679633224377606,0,0,0,0
1680679633226230292,0,0,0,0
1680679633228141282,0,0,0,0
1680679633230020329,0,0,0,0
1680679633231873999,0,0,0,0
1680679633233835861,0,0,0,0
1680679633235719348,0,0,0,0
1680679633237629308,0,0,0,0
1680679633239391111,0,0,0,0
1680679633241150846,0,0,0,0
1680679633242996697,0,0,0,0
1680679633244806010,0,0,0,0
1680679633246588876,0,0,0,0
1680679633248357554,0,0,0,0
1680679633250187068,0,0,0,0
1680679633252191871,0,0,0,0
1680679633254220278,0,0,0,0
1680679633256242354,0,0,0,0
1680679633258204623,0,0,0,0
1680679633260163898,0,0,0,0
1680679633262104224,0,0,0,0
1680679633264066667,0,0,0,0
1680679633266015841,0,0,0,0
1680679633267886695,0,0,0,0
1680679633269718986,0,0,0,0
1680679633271570251,0,0,0,0
1680679633273603884,0,0,0,0
1680679633275545245,0,0,0,0
1680679633277380024,0,0,0,0
1680679633279299133,0,0,0,0
1680679633281244523,0,0,0,0
1680679633283087865,0,0,0,0
1680679633284962364,0,0,0,0
1680679633286882867,0,0,0,0
1680679633288807462,0,0,0,0
1680679633290732027,0,0,0,0
1680679633292761794,0,0,0,0
1680679633294696440,0,0,0,0
1680679633296666961,0,0,0,0
1680679633298538737,0,0,0,0
1680679633300474781,0,0,0,0
1680679633302317907,0,0,0,0
1680679633304205908,0,0,0,0
1680679633306159591,0,0,0,0
1680679633308101594,0,0,0,0
1680679633310102320,0,0,0,0
1680679633312060773,0,0,0,0
1680679633314065293,0,0,0,0
1680679633316000064,0,0,0,0
1680679633318019062,0,0,0,0
1680679633319895117,0,0,0,0
1680679633321860338,0,0,0,0
1680679633323780530,0,0,0,0
1680679633325749152,0,0,0,0
1680679633327628510,0,0,0,0
1680679633329546076,0,0,0,0
1680679633331525555,0,0,0,0
1680679633333375024,0,0,0,0
1680679633335191273,0,0,0,0
1680679633336994809,0,0,0,0
1680679633338996470,0,0,0,0
1680679633340895183,0,0,0,0
1680679633342707420,0,0,0,0
1680679633344668843,0,0,0,0
1680679633346551377,0,0,0,0
1680679633348412647,0,0,0,0
1680679633350337929,0,0,0,0
1680679633352376504,0,0,0,0
1680679633354276291,0,0,0,0
1680679633356367542,0,0,0,0
1680679633358302207,0,0,0,0
1680679633360264883,0,0,0,0
1680679633362131894,0,0,0,0
1680679633364091108,0,0,0,0
1680679633366075678,0,0,0,0
1680679633367947219,0,0,0,0
1680679633369758366,0,0,0,0
1680679633371592794,0,0,0,0
1680679633373532095,0,0,0,0
1680679633375467545,0,0,0,0
1680679633377373570,0,0,0,0
1680679633379400346,0,0,0,0
1680679633381364661,0,0,0,0
1680679633383138359,0,0,0,0
1680679633384897548,0,0,0,0
1680679633386626668,0,0,0,0
1680679633388520147,0,0,0,0
1680679633390402863,0,0,0,0
1680679633392396809,0,0,0,0
1680679633394287019,0,0,0,0
1680679633396249602,0,0,0,0
1680679633398109704,0,0,0,0
1680679633400065935,0,0,0,0
1680679633402066286,0,0,0,0
1680679633403930256,0,0,0,0
1680679633405896514,0,0,0,0
1680679633407793729,0,0,0,0
1680679633409662425,0,0,0,0
1680679633411579902,0,0,0,0
1680679633413517705,0,0,0,0
1680679633415514550,0,0,0,0
1680679633417321365,0,0,0,0
1680679633419282348,0,0,0,0
1680679633421180118,0,0,0,0
1680679633423075975,0,0,0,0
1680679633424879708,0,0,0,0
1680679633426618300,0,0,0,0
1680679633428451258,0,0,0,0
1680679633430420020,0,0,0,0
1680679633432364344,0,0,0,0
1680679633434288893,0,0,0,0
1680679633436247104,0,0,0,0
1680679633438185662,0,0,0,0
1680679633440149486,0,0,0,0
1680679633442084823,0,0,0,0
1680679633444217870,0,0,0,0
1680679633446091272,0,0,0,0
1680679633447957919,0,0,0,0
1680679633449927331,0,0,0,0
1680679633451791417,0,0,0,0
1680679633453672153,0,0,0,0
1680679633455604764,0,0,0,0
1680679633457507023,0,0,0,0
1680679633459513373,0,0,0,0
1680679633461348735,0,0,0,0
1680679633463164216,0,0,0,0
1680679633465006569,0,0,0,0
1680679633466898382,0,0,0,0
1680679633468738954,0,0,0,0
1680679633470652314,0,0,0,0
1680679633472638393,0,0,0,0
1680679633474594756,0,0,0,0
1680679633476583262,0,0,0,0
1680679633478447836,0,0,0,0
1680679633480455866,0,0,0,0
1680679633482439138,0,0,0,0
1680679633484270839,0,0,0,0
1680679633486162720,0,0,0,0
1680679633488091444,0,0,0,0
1680679633490002498,0,0,0,0
1680679633492029717,0,0,0,0
1680679633493938332,0,0,0,0
1680679633495894170,0,0,0,0
1680679633497737756,0,0,0,0
1680679633499689085,0,0,0,0
1680679633501691362,0,0,0,0
1680679633503580468,0,0,0,0
1680679633505380085,0,0,0,0
1680679633507187684,0,0,0,0
1680679633509007442,0,0,0,0
1680679633510978357,0,0,0,0
1680679633512811207,0,0,0,0
1680679633514780637,0,0,0,0
1680679633516687096,0,0,0,0
1680679633518637794,0,0,0,0
1680679633520499481,0,0,0,0
1680679633522536648,0,0,0,0
1680679633524418849,0,0,0,0
1680679633526327872,0,0,0,0
1680679633528305972,0,0,0,0
1680679633530167512,0,0,0,0
1680679633532041463,0,0,0,0
1680679633534098039,0,0,0,0
1680679633535962831,0,0,0,0
1680679633537837698,0,0,0,0
1680679633539844289,0,0,0,0
1680679633541746131,0,0,0,0
1680679633543589721,0,0,0,0
1680679633545441447,0,0,0,0
1680679633547383474,0,0,0,0
1680679633549319916,0,0,0,0
1680679633551146598,0,0,0,0
1680679633552951095,0,0,0,0
1680679633554678022,0,0,0,0
1680679633556820060,0,0,0,0
1680679633558754883,0,0,0,0
1680679633560600134,0,0,0,0
1680679633562568145,0,0,0,0
1680679633564475633,0,0,0,0
1680679633566463267,0,0,0,0
1680679633568346306,0,0,0,0
1680679633570268510,0,0,0,0
1680679633572139758,0,0,0,0
1680679633574100933,0,0,0,0
1680679633576012973,0,0,0,0
1680679633578031104,0,0,0,0
1680679633579959338,0,0,0,0
1680679633582063233,0,0,0,0
1680679633583905707,0,0,0,0
1680679633585818593,0,0,0,0
1680679633587707592,0,0,0,0
1680679633589675306,0,0,0,0
1680679633591641841,0,0,0,0
1680679633593445939,0,0,0,0
1680679633595375145,0,0,0,0
1680679633597204636,0,0,0,0
1680679633598984493,0,0,0,0
1680679633600814336,0,0,0,0
1680679633602666243,0,0,0,0
1680679633604429540,0,0,0,0
1680679633606271661,0,0,0,0
1680679633608175337,0,0,0,0
1680679633610118453,0,0,0,0
1680679633612025361,0,0,0,0
1680679633614003860,0,0,0,0
1680679633615884030,0,0,0,0
1680679633617821513,0,0,0,0
1680679633619771207,0,0,0,0
1680679633621749697,0,0,0,0
1680679633623739084,0,0,0,0
1680679633625649611,0,0,0,0
1680679633627605045,0,0,0,0
1680679633629521968,0,0,0,0
1680679633631485094,0,0,0,0
1680679633633316855,0,0,0,0
1680679633635203074,0,0,0,0
1680679633637012484,0,0,0,0
1680679633638897359,0,0,0,0
1680679633640751812,0,0,0,0
1680679633642731715,0,0,0,0
1680679633644615258,0,0,0,0
1680679633646581299,0,0,0,0
1680679633648432780,0,0,0,0
1680679633650320653,0,0,0,0
1680679633652271271,0,0,0,0
1680679633654227792,0,0,0,0
1680679633656122532,0,0,0,0
1680679633658276979,0,0,0,0
1680679633660221386,0,0,0,0
1680679633662213368,0,0,0,0
1680679633664124039,0,0,0,0
1680679633666105606,0,0,0,0
1680679633667980818,0,0,0,0
1680679633669835958,0,0,0,0
1680679633671761260,0,0,0,0
1680679633673611530,0,0,0,0
1680679633675539155,0,0,0,0
1680679633677301611,0,0,0,0
1680679633679253997,0,0,0,0
1680679633681277095,0,0,0,0
1680679633683098150,0,0,0,0
1680679633685018817,0,0,0,0
1680679633686834690,0,0,0,0
1680679633688743408,0,0,0,0
1680679633690652850,0,0,0,0
1680679633692458807,0,0,0,0
1680679633694429431,0,0,0,0
1680679633696264945,0,0,0,0
1680679633698246576,0,0,0,0
1680679633700127262,0,0,0,0
1680679633702114301,0,0,0,0
1680679633704065003,0,0,0,0
1680679633705948282,0,0,0,0
1680679633707947898,0,0,0,0
1680679633709852390,0,0,0,0
1680679633711730623,0,0,0,0
1680679633713574200,0,0,0,0
1680679633715390461,0,0,0,0
1680679633717223242,0,0,0,0
1680679633719061175,0,0,0,0
1680679633720925140,0,0,0,0
1680679633722973321,0,0,0,0
1680679633724812227,0,0,0,0
1680679633726772059,0,0,0,0
1680679633728734953,0,0,0,0
1680679633730675421,0,0,0,0
1680679633732522806,0,0,0,0
1680679633734434059,0,0,0,0
1680679633736301233,0,0,0,0
1680679633738131171,0,0,0,0
1680679633740012732,0,0,0,0
1680679633742026046,0,0,0,0
1680679633743935312,0,0,0,0
1680679633745780736,0,0,0,0
1680679633747747861,0,0,0,0
1680679633749634175,0,0,0,0
1680679633751617002,0,0,0,0
1680679633753413977,0,0,0,0
1680679633755182086,0,0,0,0
1680679633757083928,0,0,0,0
1680679633759276311,0,0,0,0
1680679633761156458,0,0,0,0
1680679633763092613,0,0,0,0
1680679633764928194,0,0,0,0
1680679633766881957,0,0,0,0
1680679633768776163,0,0,0,0
1680679633770697438,0,0,0,0
1680679633772576168,0,0,0,0
1680679633774585482,0,0,0,0
1680679633776450824,0,0,0,0
1680679633778316179,0,0,0,0
1680679633780218966,0,0,0,0
1680679633782214984,0,0,0,0
1680679633784156712,0,0,0,0
1680679633786135469,0,0,0,0
1680679633788086492,0,0,0,0
1680679633790107736,0,0,0,0
1680679633791965668,0,0,0,0
1680679633793956670,0,0,0,0
1680679633795815389,0,0,0,0
1680679633797696284,0,0,0,0
1680679633799678090,0,0,0,0
1680679633801623970,0,0,0,0
1680679633803556849,0,0,0,0
1680679633805394690,0,0,0,0
1680679633807128115,0,0,0,0
1680679633808997380,0,0,0,0
1680679633810943535,0,0,0,0
1680679633812868558,0,0,0,0
1680679633814808905,0,0,0,0
1680679633816743603,0,0,0,0
1680679633818615179,0,0,0,0
1680679633820563320,0,0,0,0
1680679633822431920,0,0,0,0
1680679633824225192,0,0,0,0
1680679633826096317,0,0,0,0
1680679633828067636,0,0,0,0
1680679633829962655,0,0,0,0
1680679633831942362,0,0,0,0
1680679633833821250,0,0,0,0
1680679633835798770,0,0,0,0
1680679633837698592,0,0,0,0
1680679633839672129,0,0,0,0
1680679633841570901,0,0,0,0
1680679633843513202,0,0,0,0
1680679633845243198,0,0,0,0
1680679633846997913,0,0,0,0
1680679633848823814,0,0,0,0
1680679633850811652,0,0,0,0
1680679633852687220,0,0,0,0
1680679633854723089,0,0,0,0
1680679633856651104,0,0,0,0
1680679633858574461,0,0,0,0
1680679633860599148,0,0,0,0
1680679633862602691,0,0,0,0
1680679633864563394,0,0,0,0
1680679633866447906,0,0,0,0
1680679633868312112,0,0,0,0
1680679633870134685,0,0,0,0
1680679633872064491,0,0,0,0
1680679633873938438,0,0,0,0
1680679633875943840,0,0,0,0
1680679633877855041,0,0,0,0
1680679633879576722,0,0,0,0
1680679633881542032,0,0,0,0
1680679633883467705,0,0,0,0
1680679633885351099,0,0,0,0
1680679633887207089,0,0,0,0
1680679633889022012,0,0,0,0
1680679633891013766,0,0,0,0
1680679633892916860,0,0,0,0
1680679633894745006,0,0,0,0
1680679633896576171,0,0,0,0
1680679633898387519,0,0,0,0
1680679633900412329,0,0,0,0
1680679633902365044,0,0,0,0
1680679633904282602,0,0,0,0
1680679633906210152,0,0,0,0
1680679633908133826,0,0,0,0
1680679633910043437,0,0,0,0
1680679633911987236,0,0,0,0
1680679633913930755,0,0,0,0
1680679633915860856,0,0,0,0
1680679633917691775,0,0,0,0
1680679633919630785,0,0,0,0
1680679633921458137,0,0,0,0
1680679633923259110,0,0,0,0
1680679633925133008,0,0,0,0
1680679633927033825,0,0,0,0
1680679633928808119,0,0,0,0
1680679633930768007,0,0,0,0
1680679633932660408,0,0,0,0
1680679633934591265,0,0,0,0
1680679633936557821,0,0,0,0
1680679633938480372,0,0,0,0
1680679633940475979,0,0,0,0
1680679633942472346,0,0,0,0
1680679633944407947,0,0,0,0
1680679633946373798,0,0,0,0
1680679633948230569,0,0,0,0
1680679633950095086,0,0,0,0
1680679633952034123,0,0,0,0
1680679633953922248,0,0,0,0
1680679633955864890,0,0,0,0
1680679633957793712,0,0,0,0
1680679633959720143,0,0,0,0
1680679633961655695,0,0,0,0
1680679633963538300,0,0,0,0
1680679633965385001,0,0,0,0
1680679633967116029,0,0,0,0
1680679633968857398,0,0,0,0
1680679633970637525,0,0,0,0
1680679633972582265,0,0,0,0
1680679633974510228,0,0,0,0
1680679633976544783,0,0,0,0
1680679633978465457,0,0,0,0
1680679633980365236,0,0,0,0
1680679633982314290,0,0,0,0
1680679633984147853,0,0,0,0
1680679633985876706,0,0,0,0
1680679633987534924,0,0,0,0
1680679633989200381,0,0,0,0
1680679633990974986,0,0,0,0
1680679633992819952,0,0,0,0
1680679633994737259,0,0,0,0
1680679633996594165,0,0,0,0
1680679633998416896,0,0,0,0
1680679634000323206,0,0,0,0
1680679634002252423,0,0,0,0
1680679634004146444,0,0,0,0
1680679634006037042,0,0,0,0
1680679634007877509,0,0,0,0
1680679634009713333,0,0,0,0
1680679634011494767,0,0,0,0
1680679634013279531,0,0,0,0
1680679634015092634,0,0,0,0
1680679634016906505,0,0,0,0
1680679634018716294,0,0,0,0
1680679634020621896,0,0,0,0
1680679634022680053,0,0,0,0
1680679634024499734,0,0,0,0
1680679634026491569,0,0,0,0
1680679634028488886,0,0,0,0
1680679634030376666,0,0,0,0
1680679634032193125,0,0,0,0
1680679634034131642,0,0,0,0
1680679634036156389,0,0,0,0
1680679634038065788,0,0,0,0
1680679634039965074,0,0,0,0
1680679634042179307,0,0,0,0
1680679634044173240,0,0,0,0
1680679634046154042,0,0,0,0
1680679634048023352,0,0,0,0
1680679634049931111,0,0,0,0
1680679634051753051,0,0,0,0
1680679634053486412,0,0,0,0
1680679634055200093,0,0,0,0
1680679634056894548,0,0,0,0
1680679634058690182,0,0,0,0
1680679634060502856,0,0,0,0
1680679634062402189,0,0,0,0
1680679634064201887,0,0,0,0
1680679634066100803,0,0,0,0
1680679634067961781,0,0,0,0
1680679634069877649,0,0,0,0
1680679634071731612,0,0,0,0
1680679634073583528,0,0,0,0
1680679634075375000,0,0,0,0
1680679634077169440,0,0,0,0
1680679634078953008,0,0,0,0
1680679634080778990,0,0,0,0
1680679634082726081,0,0,0,0
1680679634084780601,0,0,0,0
1680679634086600964,0,0,0,0
1680679634088424029,0,0,0,0
1680679634090352606,0,0,0,0
1680679634092219885,0,0,0,0
1680679634094034507,0,0,0,0
1680679634095841172,0,0,0,0
1680679634097671587,0,0,0,0
1680679634099511814,0,0,0,0
1680679634101244913,0,0,0,0
1680679634103090490,0,0,0,0
1680679634104982758,0,0,0,0
1680679634107163131,0,0,0,0
1680679634109164562,0,0,0,0
1680679634111056439,0,0,0,0
1680679634112972778,0,0,0,0
1680679634114843324,0,0,0,0
1680679634116725257,0,0,0,0
1680679634118630135,0,0,0,0
1680679634121025078,0,0,0,0
1680679634122928354,0,0,0,0
1680679634124971349,0,0,0,0
1680679634126926831,0,0,0,0
1680679634128869907,0,0,0,0
1680679634130775073,0,0,0,0
1680679634132729677,0,0,0,0
1680679634134642924,0,0,0,0
1680679634136534520,0,0,0,0
1680679634138592606,0,0,0,0
1680679634140449168,0,0,0,0
1680679634142382149,0,0,0,0
1680679634144301853,0,0,0,0
1680679634146248082,0,0,0,0
1680679634148180031,0,0,0,0
1680679634150123994,0,0,0,0
1680679634152066724,0,0,0,0
1680679634153998413,0,0,0,0
1680679634155942267,0,0,0,0
1680679634157827898,0,0,0,0
1680679634159708300,0,0,0,0
1680679634161810832,0,0,0,0
1680679634163725731,0,0,0,0
1680679634165662464,0,0,0,0
1680679634167625516,0,0,0,0
1680679634169572802,0,0,0,0
1680679634172373416,0,0,0,0
1680679634174391108,0,0,0,0
1680679634176853218,0,0,0,0
1680679634249613874,0,0,0,0
1680679634335669795,0,0,0,0
1680679634337641288,0,0,0,0
1680679634339587244,0,0,0,0
1680679634341543608,0,0,0,0
1680679634343484541,0,0,0,0
1680679634345442587,0,0,0,0
1680679634347385357,0,0,0,0
1680679634349156281,0,0,0,0
1680679634350828974,0,0,0,0
1680679634352537130,0,0,0,0
1680679634354282809,0,0,0,0
1680679634356262908,0,0,0,0
1680679634358042481,0,0,0,0
1680679634359957902,0,0,0,0
1680679634361939258,0,0,0,0
1680679634363896695,0,0,0,0
1680679634365866720,0,0,0,0
1680679634367799343,0,0,0,0
1680679634369578736,0,0,0,0
1680679634371373602,0,0,0,0
1680679634373110986,0,0,0,0
1680679634374845137,0,0,0,0
1680679634376678251,0,0,0,0
1680679634378474442,0,0,0,0
1680679634380247031,0,0,0,0
1680679634382150116,0,0,0,0
1680679634384094822,0,0,0,0
1680679634386041562,0,0,0,0
1680679634388169889,0,0,0,0
1680679634390108536,0,0,0,0
1680679634392044903,0,0,0,0
1680679634394026518,0,0,0,0
1680679634395916222,0,0,0,0
1680679634397854514,0,0,0,0
1680679634399732080,0,0,0,0
1680679634401680874,0,0,0,0
1680679634403644233,0,0,0,0
1680679634405581683,0,0,0,0
1680679634407575742,0,0,0,0
1680679634409385405,0,0,0,0
1680679634411283453,0,0,0,0
1680679634413126909,0,0,0,0
1680679634415013706,0,0,0,0
1680679634416815169,0,0,0,0
1680679634418651617,0,0,0,0
1680679634420470221,0,0,0,0
1680679634422487198,0,0,0,0
1680679634424308834,0,0,0,0
1680679634426204752,0,0,0,0
1680679634428059327,0,0,0,0
1680679634430025621,0,0,0,0
1680679634431897907,0,0,0,0
1680679634433890538,0,0,0,0
1680679634435894735,0,0,0,0
1680679634437879827,0,0,0,0
1680679634439826106,0,0,0,0
1680679634441792469,0,0,0,0
1680679634443722759,0,0,0,0
1680679634445751817,0,0,0,0
1680679634447644614,0,0,0,0
1680679634449612899,0,0,0,0
1680679634451471101,0,0,0,0
1680679634453325123,0,0,0,0
1680679634455170113,0,0,0,0
1680679634457133061,0,0,0,0
1680679634458939197,0,0,0,0
1680679634460853980,0,0,0,0
1680679634462878252,0,0,0,0
1680679634464809593,0,0,0,0
1680679634466730247,0,0,0,0
1680679634468605893,0,0,0,0
1680679634470597284,0,0,0,0
1680679634472474855,0,0,0,0
1680679634474376596,0,0,0,0
1680679634476311287,0,0,0,0
1680679634478244342,0,0,0,0
1680679634480151310,0,0,0,0
1680679634482040698,0,0,0,0
1680679634483938889,0,0,0,0
1680679634485942689,0,0,0,0
1680679634487999296,0,0,0,0
1680679634489896244,0,0,0,0
1680679634491791387,0,0,0,0
1680679634493664841,0,0,0,0
1680679634495489263,0,0,0,0
1680679634497414233,0,0,0,0
1680679634499284372,0,0,0,0
1680679634501129146,0,0,0,0
1680679634503050997,0,0,0,0
1680679634504820794,0,0,0,0
1680679634506790639,0,0,0,0
1680679634508694632,0,0,0,0
1680679634510663793,0,0,0,0
1680679634512523658,0,0,0,0
1680679634514410304,0,0,0,0
1680679634516272772,0,0,0,0
1680679634518219458,0,0,0,0
1680679634520076755,0,0,0,0
1680679634522035329,0,0,0,0
1680679634524011318,0,0,0,0
1680679634525895140,0,0,0,0
1680679634527830636,0,0,0,0
1680679634529678501,0,0,0,0
1680679634531624100,0,0,0,0
1680679634533398978,0,0,0,0
1680679634535196555,0,0,0,0
1680679634537023292,0,0,0,0
1680679634538849544,0,0,0,0
1680679634540772358,0,0,0,0
1680679634542771013,0,0,0,0
1680679634544738932,0,0,0,0
1680679634546722970,0,0,0,0
1680679634548700633,0,0,0,0
1680679634550713375,0,0,0,0
1680679634552564005,0,0,0,0
1680679634554495964,0,0,0,0
1680679634556342156,0,0,0,0
1680679634558319028,0,0,0,0
1680679634560191262,0,0,0,0
1680679634562244470,0,0,0,0
1680679634564210048,0,0,0,0
1680679634566214727,0,0,0,0
1680679634568271790,0,0,0,0
1680679634570152175,0,0,0,0
1680679634572061870,0,0,0,0
1680679634573952993,0,0,0,0
1680679634575902811,0,0,0,0
1680679634577926966,0,0,0,0
1680679634579872557,0,0,0,0
1680679634581736843,0,0,0,0
1680679634583748706,0,0,0,0
1680679634585716180,0,0,0,0
1680679634587667308,0,0,0,0
1680679634589698489,0,0,0,0
1680679634591592063,0,0,0,0
1680679634593556414,0,0,0,0
1680679634595446672,0,0,0,0
1680679634597323106,0,0,0,0
1680679634599032500,0,0,0,0
1680679634600819966,0,0,0,0
1680679634602706580,0,0,0,0
1680679634604688623,0,0,0,0
1680679634606611097,0,0,0,0
1680679634608578224,0,0,0,0
1680679634610512796,0,0,0,0
1680679634612474561,0,0,0,0
1680679634614379715,0,0,0,0
1680679634616185688,0,0,0,0
1680679634618004483,0,0,0,0
1680679634619830573,0,0,0,0
1680679634621676299,0,0,0,0
1680679634623543206,0,0,0,0
1680679634625467512,0,0,0,0
1680679634627285014,0,0,0,0
1680679634629113699,0,0,0,0
1680679634630963190,0,0,0,0
1680679634632816553,0,0,0,0
1680679634634683991,0,0,0,0
1680679634636652449,0,0,0,0
1680679634638615772,0,0,0,0
1680679634640560371,0,0,0,0
1680679634642488881,0,0,0,0
1680679634644409469,0,0,0,0
1680679634646323934,0,0,0,0
1680679634648263960,0,0,0,0
1680679634650116403,0,0,0,0
1680679634652041973,0,0,0,0
1680679634654023421,0,0,0,0
1680679634655873781,0,0,0,0
1680679634657828332,0,0,0,0
1680679634659715634,0,0,0,0
1680679634661631788,0,0,0,0
1680679634663559447,0,0,0,0
1680679634665406047,0,0,0,0
1680679634667321700,0,0,0,0
1680679634669191965,0,0,0,0
1680679634671113213,0,0,0,0
1680679634672956294,0,0,0,0
1680679634674929425,0,0,0,0
1680679634676817479,0,0,0,0
1680679634678712873,0,0,0,0
1680679634680626268,0,0,0,0
1680679634682602699,0,0,0,0
1680679634684474372,0,0,0,0
1680679634686312477,0,0,0,0
1680679634688292117,0,0,0,0
1680679634690275730,0,0,0,0
1680679634692205478,0,0,0,0
1680679634694119749,0,0,0,0
1680679634696091389,0,0,0,0
1680679634698013268,0,0,0,0
1680679634699943541,0,0,0,0
1680679634701746462,0,0,0,0
1680679634703711356,0,0,0,0
1680679634705623195,0,0,0,0
1680679634707584598,0,0,0,0
1680679634709565824,0,0,0,0
1680679634711491102,0,0,0,0
1680679634713371128,0,0,0,0
1680679634715209607,0,0,0,0
1680679634717008261,0,0,0,0
1680679634718928618,0,0,0,0
1680679634720826822,0,0,0,0
1680679634722693930,0,0,0,0
1680679634724455476,0,0,0,0
1680679634726427276,0,0,0,0
1680679634728163383,0,0,0,0
1680679634729989693,0,0,0,0
1680679634731961563,0,0,0,0
1680679634733867605,0,0,0,0
1680679634735852432,0,0,0,0
1680679634737754020,0,0,0,0
1680679634739691941,0,0,0,0
1680679634741572602,0,0,0,0
1680679634743578427,0,0,0,0
1680679634745416835,0,0,0,0
1680679634747248606,0,0,0,0
1680679634749147336,0,0,0,0
1680679634751027864,0,0,0,0
1680679634752909349,0,0,0,0
1680679634754788499,0,0,0,0
1680679634756634363,0,0,0,0
1680679634758575824,0,0,0,0
1680679634760418201,0,0,0,0
1680679634762454463,0,0,0,0
1680679634764343683,0,0,0,0
1680679634766356274,0,0,0,0
1680679634768186556,0,0,0,0
1680679634770111962,0,0,0,0
1680679634771955152,0,0,0,0
1680679634773847950,0,0,0,0
1680679634775720293,0,0,0,0
1680679634777603381,0,0,0,0
1680679634779544187,0,0,0,0
1680679634781332945,0,0,0,0
1680679634783138373,0,0,0,0
1680679634785040332,0,0,0,0
1680679634786887650,0,0,0,0
1680679634788812716,0,0,0,0
1680679634790984463,0,0,0,0
1680679634792849973,0,0,0,0
1680679634794824085,0,0,0,0
1680679634796663218,0,0,0,0
1680679634798651425,0,0,0,0
1680679634800498129,0,0,0,0
1680679634802354375,0,0,0,0
1680679634804240667,0,0,0,0
1680679634806207526,0,0,0,0
1680679634808113229,0,0,0,0
1680679634810068055,0,0,0,0
1680679634811957662,0,0,0,0
1680679634813817763,0,0,0,0
1680679634815749618,0,0,0,0
1680679634817726207,0,0,0,0
1680679634819462482,0,0,0,0
1680679634821301372,0,0,0,0
1680679634823198653,0,0,0,0
1680679634825094666,0,0,0,0
1680679634826918135,0,0,0,0
1680679634828737587,0,0,0,0
1680679634830686448,0,0,0,0
1680679634832623391,0,0,0,0
1680679634834484852,0,0,0,0
1680679634836418183,0,0,0,0
1680679634838339275,0,0,0,0
1680679634840223103,0,0,0,0
1680679634842046915,0,0,0,0
1680679634844062780,0,0,0,0
1680679634845989515,0,0,0,0
1680679634847949815,0,0,0,0
1680679634849819683,0,0,0,0
1680679634851767380,0,0,0,0
1680679634853761596,0,0,0,0
1680679634855679743,0,0,0,0
1680679634857531607,0,0,0,0
1680679634859390015,0,0,0,0
1680679634861201965,0,0,0,0
1680679634863195840,0,0,0,0
1680679634865017239,0,0,0,0
1680679634866896956,0,0,0,0
1680679634868797590,0,0,0,0
1680679634870686081,0,0,0,0
1680679634872479440,0,0,0,0
1680679634874345165,0,0,0,0
1680679634876303396,0,0,0,0
1680679634878215996,0,0,0,0
1680679634880203949,0,0,0,0
1680679634882069921,0,0,0,0
1680679634884069606,0,0,0,0
1680679634886034600,0,0,0,0
1680679634887871430,0,0,0,0
1680679634889757960,0,0,0,0
1680679634891808879,0,0,0,0
1680679634893736469,0,0,0,0
1680679634895630772,0,0,0,0
1680679634897621258,0,0,0,0
1680679634899650717,0,0,0,0
1680679634901439995,0,0,0,0
1680679634903206457,0,0,0,0
1680679634905085972,0,0,0,0
1680679634906969604,0,0,0,0
1680679634908702804,0,0,0,0
1680679634910666184,0,0,0,0
1680679634912557923,0,0,0,0
1680679634914536223,0,0,0,0
1680679634916409314,0,0,0,0
1680679634918452816,0,0,0,0
1680679634920422454,0,0,0,0
1680679634922249201,0,0,0,0
1680679634924212956,0,0,0,0
1680679634926097788,0,0,0,0
1680679634928056152,0,0,0,0
1680679634929931950,0,0,0,0
1680679634931812998,0,0,0,0
1680679634933716139,0,0,0,0
1680679634935655705,0,0,0,0
1680679634937661474,0,0,0,0
1680679634939591687,0,0,0,0
1680679634941521017,0,0,0,0
1680679634943427093,0,0,0,0
1680679634945224329,0,0,0,0
1680679634947052697,0,0,0,0
1680679634948810493,0,0,0,0
1680679634950619004,0,0,0,0
1680679634952548236,0,0,0,0
1680679634954467877,0,0,0,0
1680679634956407358,0,0,0,0
1680679634958287964,0,0,0,0
1680679634960146411,0,0,0,0
1680679634962051687,0,0,0,0
1680679634963967009,0,0,0,0
1680679634965828018,0,0,0,0
1680679634967780180,0,0,0,0
1680679634969550418,0,0,0,0
1680679634971372488,0,0,0,0
1680679634973199919,0,0,0,0
1680679634975125629,0,0,0,0
1680679634976967083,0,0,0,0
1680679634978982837,0,0,0,0
1680679634980809777,0,0,0,0
1680679634982786894,0,0,0,0
1680679634984663401,0,0,0,0
1680679634986640627,0,0,0,0
1680679634988507549,0,0,0,0
1680679634990397049,0,0,0,0
1680679634992339278,0,0,0,0
1680679634994398397,0,0,0,0
1680679634996285349,0,0,0,0
1680679634998268236,0,0,0,0
1680679635000125849,0,0,0,0
1680679635002086127,0,0,0,0
1680679635003987593,0,0,0,0
1680679635005983276,0,0,0,0
1680679635007841293,0,0,0,0
1680679635009711794,0,0,0,0
1680679635011668893,0,0,0,0
1680679635013596053,0,0,0,0
1680679635015548487,0,0,0,0
1680679635017376425,0,0,0,0
1680679635019236592,0,0,0,0
1680679635021067613,0,0,0,0
1680679635023008145,0,0,0,0
1680679635024867056,0,0,0,0
1680679635026833137,0,0,0,0
1680679635028712875,0,0,0,0
1680679635030692285,0,0,0,0
1680679635032587572,0,0,0,0
1680679635034451306,0,0,0,0
1680679635036409469,0,0,0,0
1680679635038282239,0,0,0,0
1680679635040306330,0,0,0,0
1680679635042195428,0,0,0,0
1680679635044155627,0,0,0,0
1680679635046132315,0,0,0,0
1680679635048022432,0,0,0,0
1680679635049983635,0,0,0,0
1680679635051865281,0,0,0,0
1680679635053746446,0,0,0,0
1680679635055639419,0,0,0,0
1680679635057449820,0,0,0,0
1680679635059256119,0,0,0,0
1680679635061149987,0,0,0,0
1680679635063034296,0,0,0,0
1680679635064867679,0,0,0,0
1680679635066842606,0,0,0,0
1680679635068746572,0,0,0,0
1680679635070668827,0,0,0,0
1680679635072575885,0,0,0,0
1680679635074543804,0,0,0,0
1680679635076441098,0,0,0,0
1680679635078379413,0,0,0,0
1680679635080406236,0,0,0,0
1680679635082282566,0,0,0,0
1680679635084239204,0,0,0,0
1680679635086185519,0,0,0,0
1680679635088131655,0,0,0,0
1680679635090021260,0,0,0,0
1680679635091913778,0,0,0,0
1680679635093911167,0,0,0,0
1680679635095845085,0,0,0,0
1680679635097691897,0,0,0,0
1680679635099701566,0,0,0,0
1680679635101637722,0,0,0,0
1680679635103617452,0,0,0,0
1680679635105407714,0,0,0,0
1680679635107300831,0,0,0,0
1680679635109119715,0,0,0,0
1680679635110995668,0,0,0,0
1680679635112815497,0,0,0,0
1680679635114730036,0,0,0,0
1680679635116607080,0,0,0,0
1680679635118479926,0,0,0,0
1680679635120460149,0,0,0,0
1680679635122365551,0,0,0,0
1680679635124317921,0,0,0,0
1680679635126211888,0,0,0,0
1680679635128099070,0,0,0,0
1680679635129957907,0,0,0,0
1680679635131908093,0,0,0,0
1680679635133884294,0,0,0,0
1680679635135757140,0,0,0,0
1680679635137729615,0,0,0,0
1680679635139664185,0,0,0,0
1680679635141583107,0,0,0,0
1680679635143535181,0,0,0,0
1680679635145343044,0,0,0,0
1680679635147255434,0,0,0,0
1680679635149030376,0,0,0,0
1680679635150900086,0,0,0,0
1680679635152787714,0,0,0,0
1680679635154662489,0,0,0,0
1680679635156600745,0,0,0,0
1680679635158499027,0,0,0,0
1680679635160542546,0,0,0,0
1680679635162325592,0,0,0,0
1680679635164311347,0,0,0,0
1680679635166211553,0,0,0,0
1680679635168170414,0,0,0,0
1680679635170071122,0,0,0,0
1680679635172042357,0,0,0,0
1680679635173959139,0,0,0,0
1680679635175929868,0,0,0,0
1680679635177939292,0,0,0,0
1680679635179823822,0,0,0,0
1680679635181833382,0,0,0,0
1680679635183703252,0,0,0,0
1680679635185602138,0,0,0,0
1680679635187564884,0,0,0,0
1680679635189404454,0,0,0,0
1680679635191251159,0,0,0,0
1680679635193088319,0,0,0,0
1680679635195042289,0,0,0,0
1680679635196919344,0,0,0,0
1680679635198794790,0,0,0,0
1680679635200772877,0,0,0,0
1680679635202672075,0,0,0,0
1680679635204658077,0,0,0,0
1680679635206665844,0,0,0,0
1680679635208554585,0,0,0,0
1680679635210385204,0,0,0,0
1680679635212275970,0,0,0,0
1680679635214252657,0,0,0,0
1680679635216179200,0,0,0,0
1680679635218102042,0,0,0,0
1680679635220063073,0,0,0,0
1680679635221953319,0,0,0,0
1680679635223786054,0,0,0,0
1680679635225676220,0,0,0,0
1680679635227658760,0,0,0,0
1680679635229521406,0,0,0,0
1680679635231488039,0,0,0,0
1680679635233358385,0,0,0,0
1680679635235311023,0,0,0,0
1680679635237237659,0,0,0,0
1680679635239040616,0,0,0,0
1680679635240991724,0,0,0,0
1680679635242897821,0,0,0,0
1680679635244825123,0,0,0,0
1680679635246753354,0,0,0,0
1680679635248654611,0,0,0,0
1680679635250514618,0,0,0,0
1680679635252469053,0,0,0,0
1680679635254488779,0,0,0,0
1680679635256286501,0,0,0,0
1680679635258201876,0,0,0,0
1680679635260125106,0,0,0,0
1680679635262036949,0,0,0,0
1680679635264003008,0,0,0,0
1680679635265934098,0,0,0,0
1680679635267836084,0,0,0,0
1680679635269683387,0,0,0,0
1680679635271577484,0,0,0,0
1680679635273340564,0,0,0,0
1680679635275217125,0,0,0,0
1680679635277023906,0,0,0,0
1680679635278973981,0,0,0,0
1680679635280982816,0,0,0,0
1680679635282846234,0,0,0,0
1680679635284766772,0,0,0,0
1680679635286698931,0,0,0,0
1680679635288513762,0,0,0,0
1680679635290423083,0,0,0,0
1680679635292407910,0,0,0,0
1680679635294379532,0,0,0,0
1680679635296286250,0,0,0,0
1680679635298279513,0,0,0,0
1680679635300172819,0,0,0,0
1680679635302135422,0,0,0,0
1680679635304072780,0,0,0,0
1680679635305996039,0,0,0,0
1680679635307977606,0,0,0,0
1680679635309933056,0,0,0,0
1680679635311899971,0,0,0,0
1680679635313758607,0,0,0,0
1680679635315716199,0,0,0,0
1680679635317720032,0,0,0,0
1680679635319610637,0,0,0,0
1680679635321605231,0,0,0,0
1680679635323467141,0,0,0,0
1680679635325368458,0,0,0,0
1680679635327233390,0,0,0,0
1680679635329024230,0,0,0,0
1680679635330982391,0,0,0,0
1680679635332806524,0,0,0,0
1680679635334783277,0,0,0,0
1680679635336686883,0,0,0,0
1680679635338675648,0,0,0,0
1680679635340805747,0,0,0,0
1680679635342746312,0,0,0,0
1680679635344707740,0,0,0,0
1680679635346682303,0,0,0,0
1680679635348542361,0,0,0,0
1680679635350543744,0,0,0,0
1680679635352457626,0,0,0,0
1680679635354395023,0,0,0,0
1680679635356281126,0,0,0,0
1680679635358065696,0,0,0,0
1680679635359802302,0,0,0,0
1680679635361549819,0,0,0,0
1680679635363248454,0,0,0,0
1680679635365104627,0,0,0,0
1680679635366832105,0,0,0,0
1680679635368729758,0,0,0,0
1680679635370585333,0,0,0,0
1680679635372274914,0,0,0,0
1680679635373998093,0,0,0,0
1680679635375817861,0,0,0,0
1680679635377534211,0,0,0,0
1680679635379316467,0,0,0,0
1680679635381177735,0,0,0,0
1680679635383038717,0,0,0,0
1680679635384898882,0,0,0,0
1680679635386928421,0,0,0,0
1680679635389005027,0,0,0,0
1680679635390739741,0,0,0,0
1680679635392671556,0,0,0,0
1680679635394510426,0,0,0,0
1680679635396595537,0,0,0,0
1680679635398465315,0,0,0,0
1680679635400174225,0,0,0,0
1680679635401908461,0,0,0,0
1680679635403621908,0,0,0,0
1680679635405378498,0,0,0,0
1680679635407094653,0,0,0,0
1680679635408800360,0,0,0,0
1680679635410502599,0,0,0,0
1680679635412216638,0,0,0,0
1680679635413938351,0,0,0,0
1680679635415710976,0,0,0,0
1680679635417459688,0,0,0,0
1680679635419199325,0,0,0,0
1680679635421084112,0,0,0,0
1680679635422826646,0,0,0,0
1680679635424610261,0,0,0,0
1680679635426360849,0,0,0,0
1680679635428118340,0,0,0,0
1680679635429843346,0,0,0,0
1680679635431571351,0,0,0,0
1680679635433282433,0,0,0,0
1680679635434992685,0,0,0,0
1680679635436726809,0,0,0,0
1680679635438470372,0,0,0,0
1680679635440197896,0,0,0,0
1680679635441999518,0,0,0,0
1680679635443847607,0,0,0,0
1680679635445754268,0,0,0,0
1680679635447621334,0,0,0,0
1680679635449474553,0,0,0,0
1680679635451335470,0,0,0,0
1680679635453204203,0,0,0,0
1680679635455076301,0,0,0,0
1680679635457200117,0,0,0,0
1680679635459081126,0,0,0,0
1680679635460941639,0,0,0,0
1680679635462786075,0,0,0,0
1680679635464693982,0,0,0,0
1680679635466551031,0,0,0,0
1680679635468521752,0,0,0,0
1680679635470412582,0,0,0,0
1680679635472600817,0,0,0,0
1680679635474508806,0,0,0,0
1680679635476442250,0,0,0,0
1680679635478353165,0,0,0,0
1680679635480231189,0,0,0,0
1680679635482361996,0,0,0,0
1680679635484256510,0,0,0,0
1680679635486127349,0,0,0,0
1680679635488152655,0,0,0,0
1680679635490006841,0,0,0,0
1680679635491869373,0,0,0,0
1680679635493751527,0,0,0,0
1680679635495631883,0,0,0,0
1680679635497564824,0,0,0,0
1680679635499473035,0,0,0,0
1680679635501334253,0,0,0,0
1680679635504794716,0,0,0,0
1680679635506664831,0,0,0,0
1680679635508660114,0,0,0,0
1680679635579380875,0,0,0,0
1680679635649741868,0,0,0,0
1680679635651705578,0,0,0,0
1680679635653644669,0,0,0,0
1680679635655576163,0,0,0,0
1680679635657525402,0,0,0,0
1680679635659506637,0,0,0,0
1680679635661388523,0,0,0,0
1680679635663116852,0,0,0,0
1680679635664794478,0,0,0,0
1680679635666580657,0,0,0,0
1680679635668419119,0,0,0,0
1680679635670302801,0,0,0,0
1680679635672111667,0,0,0,0
1680679635674046621,0,0,0,0
1680679635676006655,0,0,0,0
1680679635677924158,0,0,0,0
1680679635679766812,0,0,0,0
1680679635681678678,0,0,0,0
1680679635683651764,0,0,0,0
1680679635685541227,0,0,0,0
1680679635687394662,0,0,0,0
1680679635689203468,0,0,0,0
1680679635691011370,0,0,0,0
1680679635692808355,0,0,0,0
1680679635694722886,0,0,0,0
1680679635696593616,0,0,0,0
1680679635698554254,0,0,0,0
1680679635700493917,0,0,0,0
1680679635702378163,0,0,0,0
1680679635704201466,0,0,0,0
1680679635706094016,0,0,0,0
1680679635708010113,0,0,0,0
1680679635709961712,0,0,0,0
1680679635711834010,0,0,0,0
1680679635713669313,0,0,0,0
1680679635715610592,0,0,0,0
1680679635717527390,0,0,0,0
1680679635719664177,0,0,0,0
1680679635721610638,0,0,0,0
1680679635723661704,0,0,0,0
1680679635725420392,0,0,0,0
1680679635727217416,0,0,0,0
1680679635729018552,0,0,0,0
1680679635730931279,0,0,0,0
1680679635732750644,0,0,0,0
1680679635734776571,0,0,0,0
1680679635736688948,0,0,0,0
1680679635738734500,0,0,0,0
1680679635740632523,0,0,0,0
1680679635742589590,0,0,0,0
1680679635744507740,0,0,0,0
1680679635746496574,0,0,0,0
1680679635748374397,0,0,0,0
1680679635750314299,0,0,0,0
1680679635752194849,0,0,0,0
1680679635754138386,0,0,0,0
1680679635756047666,0,0,0,0
1680679635758005433,0,0,0,0
1680679635759866115,0,0,0,0
1680679635761861921,0,0,0,0
1680679635763776940,0,0,0,0
1680679635765787185,0,0,0,0
1680679635767783793,0,0,0,0
1680679635769635011,0,0,0,0
1680679635771599317,0,0,0,0
1680679635773440125,0,0,0,0
1680679635775247264,0,0,0,0
1680679635777081937,0,0,0,0
1680679635779076707,0,0,0,0
1680679635780928169,0,0,0,0
1680679635782907056,0,0,0,0
1680679635784915426,0,0,0,0
1680679635786773823,0,0,0,0
1680679635788738735,0,0,0,0
1680679635790611966,0,0,0,0
1680679635792460596,0,0,0,0
1680679635794320558,0,0,0,0
1680679635796156596,0,0,0,0
1680679635798095542,0,0,0,0
1680679635800208993,0,0,0,0
1680679635802186856,0,0,0,0
1680679635804167627,0,0,0,0
1680679635806186978,0,0,0,0
1680679635808139655,0,0,0,0
1680679635810057926,0,0,0,0
1680679635811881148,0,0,0,0
1680679635813665146,0,0,0,0
1680679635815456150,0,0,0,0
1680679635817352855,0,0,0,0
1680679635819219337,0,0,0,0
1680679635821003403,0,0,0,0
1680679635822945809,0,0,0,0
1680679635824808815,0,0,0,0
1680679635826802282,0,0,0,0
1680679635828750228,0,0,0,0
1680679635830803680,0,0,0,0
1680679635832787376,0,0,0,0
1680679635834735124,0,0,0,0
1680679635836651919,0,0,0,0
1680679635838640910,0,0,0,0
1680679635840528783,0,0,0,0
1680679635842422418,0,0,0,0
1680679635844423585,0,0,0,0
1680679635846313267,0,0,0,0
1680679635848313827,0,0,0,0
1680679635850200140,0,0,0,0
1680679635852071267,0,0,0,0
1680679635853953848,0,0,0,0
1680679635855835750,0,0,0,0
1680679635857719969,0,0,0,0
1680679635859783351,0,0,0,0
1680679635861662998,0,0,0,0
1680679635863541096,0,0,0,0
1680679635865346976,0,0,0,0
1680679635867292730,0,0,0,0
1680679635869165533,0,0,0,0
1680679635870946555,0,0,0,0
1680679635872810135,0,0,0,0
1680679635874695181,0,0,0,0
1680679635876594682,0,0,0,0
1680679635878472419,0,0,0,0
1680679635880383505,0,0,0,0
1680679635882286947,0,0,0,0
1680679635884250005,0,0,0,0
1680679635886215960,0,0,0,0
1680679635888154698,0,0,0,0
1680679635890066668,0,0,0,0
1680679635891999412,0,0,0,0
1680679635893847219,0,0,0,0
1680679635895700492,0,0,0,0
1680679635897657797,0,0,0,0
1680679635899737977,0,0,0,0
1680679635901586071,0,0,0,0
1680679635903537318,0,0,0,0
1680679635905406616,0,0,0,0
1680679635907281202,0,0,0,0
1680679635909138057,0,0,0,0
1680679635911043350,0,0,0,0
1680679635912896704,0,0,0,0
1680679635914826163,0,0,0,0
1680679635916689781,0,0,0,0
1680679635918620212,0,0,0,0
1680679635920492095,0,0,0,0
1680679635922427127,0,0,0,0
1680679635924264267,0,0,0,0
1680679635926278574,0,0,0,0
1680679635928251544,0,0,0,0
1680679635930214462,0,0,0,0
1680679635932211819,0,0,0,0
1680679635934126826,0,0,0,0
1680679635936112658,0,0,0,0
1680679635938005217,0,0,0,0
1680679635939861714,0,0,0,0
1680679635941814017,0,0,0,0
1680679635943672343,0,0,0,0
1680679635945636850,0,0,0,0
1680679635947524060,0,0,0,0
1680679635949555506,0,0,0,0
1680679635951532839,0,0,0,0
1680679635953305227,0,0,0,0
1680679635955131601,0,0,0,0
1680679635956871840,0,0,0,0
1680679635958664486,0,0,0,0
1680679635960530201,0,0,0,0
1680679635962468450,0,0,0,0
1680679635964286814,0,0,0,0
1680679635966244526,0,0,0,0
1680679635968154507,0,0,0,0
1680679635970102880,0,0,0,0
1680679635972081630,0,0,0,0
1680679635974039517,0,0,0,0
1680679635976015211,0,0,0,0
1680679635977960490,0,0,0,0
1680679635979950112,0,0,0,0
1680679635981797054,0,0,0,0
1680679635983634756,0,0,0,0
1680679635985832925,0,0,0,0
1680679635987749962,0,0,0,0
1680679635989639656,0,0,0,0
1680679635991560477,0,0,0,0
1680679635993412237,0,0,0,0
1680679635995358824,0,0,0,0
1680679635997214982,0,0,0,0
1680679635999018076,0,0,0,0
1680679636000934158,0,0,0,0
1680679636002804462,0,0,0,0
1680679636004661463,0,0,0,0
1680679636006708137,0,0,0,0
1680679636008751288,0,0,0,0
1680679636010608923,0,0,0,0
1680679636012555341,0,0,0,0
1680679636014476043,0,0,0,0
1680679636016357449,0,0,0,0
1680679636018254568,0,0,0,0
1680679636020257491,0,0,0,0
1680679636022206305,0,0,0,0
1680679636024119184,0,0,0,0
1680679636026075079,0,0,0,0
1680679636027911056,0,0,0,0
1680679636029864174,0,0,0,0
1680679636031717085,0,0,0,0
1680679636033629771,0,0,0,0
1680679636035537301,0,0,0,0
1680679636037353989,0,0,0,0
1680679636039285814,0,0,0,0
1680679636041136320,0,0,0,0
1680679636042936383,0,0,0,0
1680679636044810753,0,0,0,0
1680679636046794641,0,0,0,0
1680679636048762668,0,0,0,0
1680679636050626168,0,0,0,0
1680679636052564639,0,0,0,0
1680679636054462492,0,0,0,0
1680679636056303571,0,0,0,0
1680679636058263809,0,0,0,0
1680679636060149411,0,0,0,0
1680679636062119446,0,0,0,0
1680679636064015504,0,0,0,0
1680679636065978328,0,0,0,0
1680679636067825445,0,0,0,0
1680679636069731123,0,0,0,0
1680679636071592862,0,0,0,0
1680679636073411499,0,0,0,0
1680679636075185276,0,0,0,0
1680679636077052091,0,0,0,0
1680679636078976246,0,0,0,0
1680679636080850312,0,0,0,0
1680679636082772503,0,0,0,0
1680679636084705541,0,0,0,0
1680679636086819238,0,0,0,0
1680679636088737127,0,0,0,0
1680679636090623685,0,0,0,0
1680679636092495852,0,0,0,0
1680679636094455546,0,0,0,0
1680679636096322460,0,0,0,0
1680679636098234380,0,0,0,0
1680679636100157437,0,0,0,0
1680679636102251821,0,0,0,0
1680679636104083170,0,0,0,0
1680679636106148228,0,0,0,0
1680679636108081063,0,0,0,0
1680679636109999939,0,0,0,0
1680679636111872164,0,0,0,0
1680679636113741764,0,0,0,0
1680679636115712240,0,0,0,0
1680679636117607231,0,0,0,0
1680679636119559009,0,0,0,0
1680679636121434570,0,0,0,0
1680679636123367944,0,0,0,0
1680679636125207030,0,0,0,0
1680679636127184363,0,0,0,0
1680679636129072950,0,0,0,0
1680679636130924867,0,0,0,0
1680679636132652742,0,0,0,0
1680679636134465843,0,0,0,0
1680679636136332414,0,0,0,0
1680679636138305792,0,0,0,0
1680679636140175187,0,0,0,0
1680679636142094059,0,0,0,0
1680679636143927132,0,0,0,0
1680679636145848521,0,0,0,0
1680679636147749791,0,0,0,0
1680679636149688970,0,0,0,0
1680679636151631308,0,0,0,0
1680679636153521724,0,0,0,0
1680679636155482297,0,0,0,0
1680679636157319659,0,0,0,0
1680679636159137693,0,0,0,0
1680679636160965041,0,0,0,0
1680679636162926162,0,0,0,0
1680679636164808444,0,0,0,0
1680679636166825611,0,0,0,0
1680679636168806022,0,0,0,0
1680679636170697542,0,0,0,0
1680679636172651439,0,0,0,0
1680679636174563296,0,0,0,0
1680679636176462248,0,0,0,0
1680679636178274149,0,0,0,0
1680679636180202371,0,0,0,0
1680679636182093620,0,0,0,0
1680679636183970852,0,0,0,0
1680679636185869992,0,0,0,0
1680679636188071732,0,0,0,0
1680679636190110653,0,0,0,0
1680679636192012505,0,0,0,0
1680679636193967313,0,0,0,0
1680679636195906340,0,0,0,0
1680679636197913850,0,0,0,0
1680679636199769845,0,0,0,0
1680679636201854574,0,0,0,0
1680679636203655658,0,0,0,0
1680679636205618180,0,0,0,0
1680679636207716839,0,0,0,0
1680679636209687272,0,0,0,0
1680679636211592805,0,0,0,0
1680679636213430890,0,0,0,0
1680679636215346003,0,0,0,0
1680679636217179627,0,0,0,0
1680679636219039101,0,0,0,0
1680679636220859440,0,0,0,0
1680679636222666108,0,0,0,0
1680679636224464511,0,0,0,0
1680679636226331367,0,0,0,0
1680679636228346608,0,0,0,0
1680679636230267727,0,0,0,0
1680679636232209372,0,0,0,0
1680679636234114033,0,0,0,0
1680679636236099097,0,0,0,0
1680679636238033558,0,0,0,0
1680679636239906999,0,0,0,0
1680679636241910561,0,0,0,0
1680679636243778887,0,0,0,0
1680679636245662402,0,0,0,0
1680679636247617900,0,0,0,0
1680679636249658866,0,0,0,0
1680679636251610129,0,0,0,0
1680679636253430664,0,0,0,0
1680679636255286876,0,0,0,0
1680679636257091335,0,0,0,0
1680679636259048626,0,0,0,0
1680679636260858464,0,0,0,0
1680679636262811687,0,0,0,0
1680679636264711247,0,0,0,0
1680679636266621243,0,0,0,0
1680679636268585018,0,0,0,0
1680679636270485825,0,0,0,0
1680679636272429462,0,0,0,0
1680679636274277637,0,0,0,0
1680679636276196745,0,0,0,0
1680679636278073481,0,0,0,0
1680679636280017572,0,0,0,0
1680679636281952423,0,0,0,0
1680679636283898889,0,0,0,0
1680679636285763525,0,0,0,0
1680679636287936159,0,0,0,0
1680679636289938542,0,0,0,0
1680679636291748775,0,0,0,0
1680679636293703118,0,0,0,0
1680679636295609416,0,0,0,0
1680679636297452296,0,0,0,0
1680679636299291532,0,0,0,0
1680679636301211403,0,0,0,0
1680679636303093369,0,0,0,0
1680679636304910551,0,0,0,0
1680679636306893330,0,0,0,0
1680679636308798208,0,0,0,0
1680679636310703295,0,0,0,0
1680679636312700725,0,0,0,0
1680679636314626988,0,0,0,0
1680679636316573994,0,0,0,0
1680679636318434520,0,0,0,0
1680679636320367711,0,0,0,0
1680679636322273952,0,0,0,0
1680679636324218500,0,0,0,0
1680679636326119952,0,0,0,0
1680679636328125128,0,0,0,0
1680679636330136759,0,0,0,0
1680679636331998190,0,0,0,0
1680679636333909764,0,0,0,0
1680679636335792822,0,0,0,0
1680679636337702565,0,0,0,0
1680679636339622766,0,0,0,0
1680679636341562648,0,0,0,0
1680679636343470499,0,0,0,0
1680679636345349084,0,0,0,0
1680679636347230748,0,0,0,0
1680679636349069383,0,0,0,0
1680679636351016175,0,0,0,0
1680679636352818978,0,0,0,0
1680679636354630832,0,0,0,0
1680679636356541278,0,0,0,0
1680679636358404777,0,0,0,0
1680679636360350468,0,0,0,0
1680679636362293654,0,0,0,0
1680679636364223684,0,0,0,0
1680679636366274423,0,0,0,0
1680679636368223905,0,0,0,0
1680679636370109188,0,0,0,0
1680679636372037941,0,0,0,0
1680679636373912909,0,0,0,0
1680679636375806887,0,0,0,0
1680679636377627755,0,0,0,0
1680679636379583544,0,0,0,0
1680679636381655387,0,0,0,0
1680679636383671629,0,0,0,0
1680679636385585948,0,0,0,0
1680679636387567206,0,0,0,0
1680679636389652178,0,0,0,0
1680679636391551064,0,0,0,0
1680679636393270601,0,0,0,0
1680679636395056680,0,0,0,0
1680679636396853877,0,0,0,0
1680679636398759496,0,0,0,0
1680679636400752308,0,0,0,0
1680679636402697787,0,0,0,0
1680679636404672323,0,0,0,0
1680679636406584625,0,0,0,0
1680679636408536952,0,0,0,0
1680679636410503911,0,0,0,0
1680679636412366288,0,0,0,0
1680679636414237440,0,0,0,0
1680679636416198530,0,0,0,0
1680679636418075753,0,0,0,0
1680679636419931366,0,0,0,0
1680679636421903109,0,0,0,0
1680679636423831276,0,0,0,0
1680679636425796697,0,0,0,0
1680679636427859399,0,0,0,0
1680679636429910107,0,0,0,0
1680679636431831897,0,0,0,0
1680679636433774240,0,0,0,0
1680679636435628071,0,0,0,0
1680679636437586601,0,0,0,0
1680679636439429148,0,0,0,0
1680679636441234770,0,0,0,0
1680679636443119100,0,0,0,0
1680679636445086808,0,0,0,0
1680679636446993056,0,0,0,0
1680679636448905822,0,0,0,0
1680679636450771256,0,0,0,0
1680679636452676587,0,0,0,0
1680679636454576069,0,0,0,0
1680679636456477452,0,0,0,0
1680679636458454243,0,0,0,0
1680679636460336009,0,0,0,0
1680679636462339179,0,0,0,0
1680679636464340171,0,0,0,0
1680679636466269117,0,0,0,0
1680679636468216043,0,0,0,0
1680679636470173378,0,0,0,0
1680679636472099123,0,0,0,0
1680679636474022025,0,0,0,0
1680679636475938429,0,0,0,0
1680679636477745567,0,0,0,0
1680679636479715691,0,0,0,0
1680679636481592828,0,0,0,0
1680679636483550392,0,0,0,0
1680679636485291060,0,0,0,0
1680679636487161170,0,0,0,0
1680679636489032509,0,0,0,0
1680679636491069329,0,0,0,0
1680679636492960126,0,0,0,0
1680679636494929291,0,0,0,0
1680679636496799734,0,0,0,0
1680679636498741535,0,0,0,0
1680679636500559919,0,0,0,0
1680679636502581552,0,0,0,0
1680679636504344424,0,0,0,0
1680679636506256210,0,0,0,0
1680679636508276168,0,0,0,0
1680679636510281844,0,0,0,0
1680679636512195152,0,0,0,0
1680679636514079932,0,0,0,0
1680679636516028480,0,0,0,0
1680679636517888585,0,0,0,0
1680679636519817025,0,0,0,0
1680679636521673541,0,0,0,0
1680679636523591459,0,0,0,0
1680679636525591862,0,0,0,0
1680679636527593781,0,0,0,0
1680679636529598939,0,0,0,0
1680679636531435834,0,0,0,0
1680679636533364484,0,0,0,0
1680679636535164198,0,0,0,0
1680679636536984624,0,0,0,0
1680679636538901027,0,0,0,0
1680679636540797561,0,0,0,0
1680679636542801035,0,0,0,0
1680679636544613868,0,0,0,0
1680679636546550645,0,0,0,0
1680679636548389440,0,0,0,0
1680679636550400485,0,0,0,0
1680679636552369404,0,0,0,0
1680679636554267992,0,0,0,0
1680679636556230537,0,0,0,0
1680679636558087174,0,0,0,0
1680679636560023061,0,0,0,0
1680679636561933285,0,0,0,0
1680679636563917850,0,0,0,0
1680679636565781745,0,0,0,0
1680679636567683075,0,0,0,0
1680679636569641781,0,0,0,0
1680679636571516804,0,0,0,0
1680679636573428576,0,0,0,0
1680679636575273860,0,0,0,0
1680679636577106788,0,0,0,0
1680679636579081173,0,0,0,0
1680679636580939299,0,0,0,0
1680679636582860817,0,0,0,0
1680679636584796927,0,0,0,0
1680679636586661274,0,0,0,0
1680679636588563400,0,0,0,0
1680679636590742732,0,0,0,0
1680679636592672460,0,0,0,0
1680679636594664640,0,0,0,0
1680679636596547131,0,0,0,0
1680679636598547487,0,0,0,0
1680679636600472066,0,0,0,0
1680679636602477891,0,0,0,0
1680679636604457293,0,0,0,0
1680679636606325633,0,0,0,0
1680679636608232466,0,0,0,0
1680679636610217900,0,0,0,0
1680679636612098972,0,0,0,0
1680679636614049913,0,0,0,0
1680679636616037523,0,0,0,0
1680679636617911854,0,0,0,0
1680679636619726780,0,0,0,0
1680679636621760531,0,0,0,0
1680679636623739262,0,0,0,0
1680679636625733296,0,0,0,0
1680679636627727551,0,0,0,0
1680679636629695137,0,0,0,0
1680679636631610683,0,0,0,0
1680679636633544986,0,0,0,0
1680679636635381720,0,0,0,0
1680679636637297758,0,0,0,0
1680679636639165893,0,0,0,0
1680679636641018351,0,0,0,0
1680679636642909409,0,0,0,0
1680679636644788367,0,0,0,0
1680679636646684854,0,0,0,0
1680679636648683065,0,0,0,0
1680679636650494818,0,0,0,0
1680679636652402268,0,0,0,0
1680679636654259779,0,0,0,0
1680679636656184557,0,0,0,0
1680679636658138352,0,0,0,0
1680679636660042439,0,0,0,0
1680679636662091339,0,0,0,0
1680679636663978836,0,0,0,0
1680679636665879882,0,0,0,0
1680679636667845981,0,0,0,0
1680679636669631337,0,0,0,0
1680679636671384936,0,0,0,0
1680679636673068905,0,0,0,0
1680679636674749138,0,0,0,0
1680679636676448124,0,0,0,0
1680679636678141660,0,0,0,0
1680679636679875700,0,0,0,0
1680679636681833084,0,0,0,0
1680679636683759753,0,0,0,0
1680679636685738220,0,0,0,0
1680679636687518905,0,0,0,0
1680679636689245056,0,0,0,0
1680679636691210843,0,0,0,0
1680679636692962567,0,0,0,0
1680679636694682831,0,0,0,0
1680679636696431625,0,0,0,0
1680679636698412250,0,0,0,0
1680679636700314128,0,0,0,0
1680679636702332459,0,0,0,0
1680679636704194456,0,0,0,0
1680679636706217864,0,0,0,0
1680679636708152043,0,0,0,0
1680679636710077013,0,0,0,0
1680679636711944018,0,0,0,0
1680679636713628631,0,0,0,0
1680679636715311462,0,0,0,0
1680679636716993442,0,0,0,0
1680679636718673397,0,0,0,0
1680679636720375217,0,0,0,0
1680679636722260324,0,0,0,0
1680679636723992419,0,0,0,0
1680679636725718113,0,0,0,0
1680679636727453095,0,0,0,0
1680679636729250795,0,0,0,0
1680679636731011110,0,0,0,0
1680679636732806409,0,0,0,0
1680679636734529029,0,0,0,0
1680679636736261470,0,0,0,0
1680679636738090946,0,0,0,0
1680679636739820599,0,0,0,0
1680679636741540859,0,0,0,0
1680679636743670799,0,0,0,0
1680679636745382871,0,0,0,0
1680679636747089441,0,0,0,0
1680679636748848023,0,0,0,0
1680679636750612438,0,0,0,0
1680679636752398148,0,0,0,0
1680679636754142092,0,0,0,0
1680679636755871168,0,0,0,0
1680679636757612133,0,0,0,0
1680679636759376571,0,0,0,0
1680679636761426695,0,0,0,0
1680679636763424376,0,0,0,0
1680679636765350930,0,0,0,0
1680679636767235642,0,0,0,0
1680679636769171955,0,0,0,0
1680679636771111798,0,0,0,0
1680679636773006250,0,0,0,0
1680679636775471295,0,0,0,0
1680679636777437354,0,0,0,0
1680679636779340648,0,0,0,0
1680679636781293643,0,0,0,0
1680679636783249385,0,0,0,0
1680679636785162271,0,0,0,0
1680679636787082915,0,0,0,0
1680679636789001467,0,0,0,0
1680679636790956241,0,0,0,0
1680679636793095205,0,0,0,0
1680679636795005440,0,0,0,0
1680679636796908842,0,0,0,0
1680679636798831233,0,0,0,0
1680679636800726245,0,0,0,0
1680679636802703709,0,0,0,0
1680679636804623409,0,0,0,0
1680679636806549762,0,0,0,0
1680679636809349365,0,0,0,0
1680679636811283885,0,0,0,0
1680679636813232697,0,0,0,0
1680679636815149197,0,0,0,0
1680679636817056979,0,0,0,0
1680679636819006191,0,0,0,0
1680679636820945713,0,0,0,0
1680679636822937379,0,0,0,0
1680679636825763786,0,0,0,0
1680679636827882659,0,0,0,0
1680679636830141952,0,0,0,0
1680679636903070546,0,0,0,0
1680679636971330120,0,0,0,0
1680679636973335826,0,0,0,0
1680679636975287701,0,0,0,0
1680679636977235035,0,0,0,0
1680679636979161630,0,0,0,0
1680679636981104559,0,0,0,0
1680679636982830335,0,0,0,0
1680679636984545949,0,0,0,0
1680679636986447944,0,0,0,0
1680679636988296268,0,0,0,0
1680679636990121999,0,0,0,0
1680679636992122906,0,0,0,0
1680679636994359679,0,0,0,0
1680679636996270567,0,0,0,0
1680679636998123641,0,0,0,0
1680679637000061196,0,0,0,0
1680679637001959037,0,0,0,0
1680679637004060506,0,0,0,0
1680679637005865237,0,0,0,0
1680679637007799517,0,0,0,0
1680679637009694359,0,0,0,0
1680679637011567902,0,0,0,0
1680679637013544124,0,0,0,0
1680679637015552842,0,0,0,0
1680679637017444337,0,0,0,0
1680679637019292296,0,0,0,0
1680679637021122365,0,0,0,0
1680679637022916235,0,0,0,0
1680679637024700619,0,0,0,0
1680679637026505808,0,0,0,0
1680679637028420034,0,0,0,0
1680679637030344177,0,0,0,0
1680679637032312493,0,0,0,0
1680679637034279681,0,0,0,0
1680679637036130424,0,0,0,0
1680679637038068734,0,0,0,0
1680679637040041637,0,0,0,0
1680679637041928120,0,0,0,0
1680679637043806945,0,0,0,0
1680679637045649823,0,0,0,0
1680679637047481623,0,0,0,0
1680679637049282803,0,0,0,0
1680679637051099897,0,0,0,0
1680679637052893363,0,0,0,0
1680679637054913830,0,0,0,0
1680679637056826300,0,0,0,0
1680679637058726602,0,0,0,0
1680679637060712929,0,0,0,0
1680679637062553660,0,0,0,0
1680679637064363697,0,0,0,0
1680679637066316256,0,0,0,0
1680679637068228587,0,0,0,0
1680679637070225952,0,0,0,0
1680679637072148364,0,0,0,0
1680679637074045354,0,0,0,0
1680679637076039911,0,0,0,0
1680679637077848046,0,0,0,0
1680679637079780261,0,0,0,0
1680679637081643589,0,0,0,0
1680679637083672356,0,0,0,0
1680679637085522180,0,0,0,0
1680679637087489042,0,0,0,0
1680679637089311957,0,0,0,0
1680679637091211556,0,0,0,0
1680679637093054605,0,0,0,0
1680679637095265333,0,0,0,0
1680679637097184254,0,0,0,0
1680679637099005203,0,0,0,0
1680679637100811343,0,0,0,0
1680679637102698773,0,0,0,0
1680679637104520912,0,0,0,0
1680679637106319872,0,0,0,0
1680679637108194136,0,0,0,0
1680679637110169392,0,0,0,0
1680679637112155961,0,0,0,0
1680679637114022925,0,0,0,0
1680679637115971818,0,0,0,0
1680679637117963605,0,0,0,0
1680679637119895777,0,0,0,0
1680679637121703245,0,0,0,0
1680679637123667815,0,0,0,0
1680679637125421601,0,0,0,0
1680679637127221791,0,0,0,0
1680679637129121229,0,0,0,0
1680679637131045276,0,0,0,0
1680679637132907138,0,0,0,0
1680679637134824932,0,0,0,0
1680679637136747586,0,0,0,0
1680679637138734118,0,0,0,0
1680679637140598211,0,0,0,0
1680679637142553682,0,0,0,0
1680679637144521169,0,0,0,0
1680679637146493313,0,0,0,0
1680679637148357110,0,0,0,0
1680679637150228816,0,0,0,0
1680679637152191363,0,0,0,0
1680679637154068009,0,0,0,0
1680679637156030016,0,0,0,0
1680679637157988257,0,0,0,0
1680679637159872336,0,0,0,0
1680679637161761551,0,0,0,0
1680679637163657245,0,0,0,0
1680679637165547939,0,0,0,0
1680679637167476914,0,0,0,0
1680679637169304707,0,0,0,0
1680679637171239242,0,0,0,0
1680679637173067260,0,0,0,0
1680679637175033115,0,0,0,0
1680679637176885218,0,0,0,0
1680679637178743220,0,0,0,0
1680679637180708857,0,0,0,0
1680679637182599484,0,0,0,0
1680679637184466452,0,0,0,0
1680679637186348828,0,0,0,0
1680679637188208074,0,0,0,0
1680679637190209109,0,0,0,0
1680679637192139384,0,0,0,0
1680679637194104454,0,0,0,0
1680679637196151405,0,0,0,0
1680679637198062696,0,0,0,0
1680679637199970846,0,0,0,0
1680679637201885123,0,0,0,0
1680679637203864999,0,0,0,0
1680679637205686737,0,0,0,0
1680679637207617271,0,0,0,0
1680679637209431124,0,0,0,0
1680679637211245247,0,0,0,0
1680679637213044613,0,0,0,0
1680679637214984908,0,0,0,0
1680679637216807458,0,0,0,0
1680679637218735116,0,0,0,0
1680679637220593771,0,0,0,0
1680679637222541774,0,0,0,0
1680679637224429311,0,0,0,0
1680679637226430454,0,0,0,0
1680679637228334708,0,0,0,0
1680679637230339923,0,0,0,0
1680679637232248790,0,0,0,0
1680679637234104916,0,0,0,0
1680679637236151538,0,0,0,0
1680679637238020109,0,0,0,0
1680679637239983235,0,0,0,0
1680679637241878787,0,0,0,0
1680679637243694255,0,0,0,0
1680679637245579869,0,0,0,0
1680679637247534570,0,0,0,0
1680679637249402365,0,0,0,0
1680679637251249353,0,0,0,0
1680679637253073921,0,0,0,0
1680679637255005585,0,0,0,0
1680679637256879848,0,0,0,0
1680679637258856946,0,0,0,0
1680679637260768205,0,0,0,0
1680679637262730791,0,0,0,0
1680679637264733886,0,0,0,0
1680679637266720086,0,0,0,0
1680679637268641271,0,0,0,0
1680679637270543709,0,0,0,0
1680679637272533919,0,0,0,0
1680679637274368689,0,0,0,0
1680679637276153271,0,0,0,0
1680679637278046314,0,0,0,0
1680679637280041638,0,0,0,0
1680679637281983883,0,0,0,0
1680679637283946238,0,0,0,0
1680679637285929844,0,0,0,0
1680679637287901723,0,0,0,0
1680679637289819289,0,0,0,0
1680679637291788508,0,0,0,0
1680679637293721342,0,0,0,0
1680679637295664170,0,0,0,0
1680679637297957509,0,0,0,0
1680679637299801837,0,0,0,0
1680679637301701537,0,0,0,0
1680679637303723804,0,0,0,0
1680679637305582174,0,0,0,0
1680679637307515832,0,0,0,0
1680679637309351238,0,0,0,0
1680679637311246633,0,0,0,0
1680679637313080299,0,0,0,0
1680679637314984801,0,0,0,0
1680679637316872053,0,0,0,0
1680679637318714173,0,0,0,0
1680679637320677236,0,0,0,0
1680679637322608878,0,0,0,0
1680679637324611467,0,0,0,0
1680679637326548113,0,0,0,0
1680679637328539285,0,0,0,0
1680679637330478764,0,0,0,0
1680679637332440038,0,0,0,0
1680679637334434846,0,0,0,0
1680679637336286906,0,0,0,0
1680679637338253785,0,0,0,0
1680679637340268781,0,0,0,0
1680679637342098845,0,0,0,0
1680679637344098754,0,0,0,0
1680679637345954040,0,0,0,0
1680679637347937581,0,0,0,0
1680679637349808638,0,0,0,0
1680679637351756459,0,0,0,0
1680679637353668430,0,0,0,0
1680679637355576293,0,0,0,0
1680679637357354064,0,0,0,0
1680679637359104567,0,0,0,0
1680679637360965160,0,0,0,0
1680679637362789501,0,0,0,0
1680679637364797641,0,0,0,0
1680679637366792402,0,0,0,0
1680679637368768566,0,0,0,0
1680679637370714507,0,0,0,0
1680679637372699136,0,0,0,0
1680679637374571150,0,0,0,0
1680679637376428498,0,0,0,0
1680679637378446257,0,0,0,0
1680679637380390439,0,0,0,0
1680679637382255921,0,0,0,0
1680679637384141192,0,0,0,0
1680679637386045138,0,0,0,0
1680679637387904692,0,0,0,0
1680679637389878475,0,0,0,0
1680679637391734211,0,0,0,0
1680679637393645147,0,0,0,0
1680679637395617703,0,0,0,0
1680679637397953242,0,0,0,0
1680679637399904118,0,0,0,0
1680679637401879524,0,0,0,0
1680679637403885069,0,0,0,0
1680679637405769297,0,0,0,0
1680679637407709470,0,0,0,0
1680679637409605088,0,0,0,0
1680679637411559431,0,0,0,0
1680679637413367417,0,0,0,0
1680679637415181839,0,0,0,0
1680679637417059369,0,0,0,0
1680679637418930987,0,0,0,0
1680679637420816108,0,0,0,0
1680679637422690221,0,0,0,0
1680679637424597158,0,0,0,0
1680679637426539713,0,0,0,0
1680679637428444213,0,0,0,0
1680679637430634762,0,0,0,0
1680679637432628873,0,0,0,0
1680679637434544024,0,0,0,0
1680679637436502507,0,0,0,0
1680679637438408016,0,0,0,0
1680679637440345354,0,0,0,0
1680679637442211497,0,0,0,0
1680679637444227052,0,0,0,0
1680679637446093133,0,0,0,0
1680679637448036140,0,0,0,0
1680679637449966611,0,0,0,0
1680679637451918937,0,0,0,0
1680679637453917068,0,0,0,0
1680679637455799062,0,0,0,0
1680679637457767289,0,0,0,0
1680679637459689844,0,0,0,0
1680679637461648716,0,0,0,0
1680679637463501060,0,0,0,0
1680679637465399362,0,0,0,0
1680679637467224389,0,0,0,0
1680679637469004814,0,0,0,0
1680679637471004341,0,0,0,0
1680679637472806366,0,0,0,0
1680679637474757229,0,0,0,0
1680679637476627620,0,0,0,0
1680679637478710393,0,0,0,0
1680679637480682214,0,0,0,0
1680679637482594684,0,0,0,0
1680679637484609758,0,0,0,0
1680679637486491377,0,0,0,0
1680679637488465138,0,0,0,0
1680679637490458310,0,0,0,0
1680679637492491065,0,0,0,0
1680679637494459255,0,0,0,0
1680679637496342970,0,0,0,0
1680679637498335844,0,0,0,0
1680679637500222530,0,0,0,0
1680679637502085169,0,0,0,0
1680679637504187531,0,0,0,0
1680679637506119770,0,0,0,0
1680679637508075156,0,0,0,0
1680679637509958450,0,0,0,0
1680679637511844651,0,0,0,0
1680679637513755204,0,0,0,0
1680679637515703276,0,0,0,0
1680679637517578542,0,0,0,0
1680679637519545279,0,0,0,0
1680679637521277922,0,0,0,0
1680679637523197129,0,0,0,0
1680679637525061424,0,0,0,0
1680679637526935788,0,0,0,0
1680679637528865380,0,0,0,0
1680679637530791080,0,0,0,0
1680679637532772687,0,0,0,0
1680679637534700198,0,0,0,0
1680679637536656334,0,0,0,0
1680679637538546830,0,0,0,0
1680679637540411786,0,0,0,0
1680679637542384311,0,0,0,0
1680679637544323450,0,0,0,0
1680679637546274776,0,0,0,0
1680679637548254654,0,0,0,0
1680679637550189004,0,0,0,0
1680679637552173791,0,0,0,0
1680679637554071373,0,0,0,0
1680679637556031529,0,0,0,0
1680679637557922811,0,0,0,0
1680679637559862901,0,0,0,0
1680679637561750855,0,0,0,0
1680679637563690034,0,0,0,0
1680679637565566036,0,0,0,0
1680679637567493607,0,0,0,0
1680679637569260455,0,0,0,0
1680679637571084289,0,0,0,0
1680679637572943065,0,0,0,0
1680679637574840283,0,0,0,0
1680679637576671769,0,0,0,0
1680679637578634540,0,0,0,0
1680679637580541690,0,0,0,0
1680679637582455361,0,0,0,0
1680679637584475700,0,0,0,0
1680679637586456950,0,0,0,0
1680679637588334460,0,0,0,0
1680679637590279878,0,0,0,0
1680679637592206609,0,0,0,0
1680679637594110635,0,0,0,0
1680679637595979998,0,0,0,0
1680679637597953228,0,0,0,0
1680679637600220816,0,0,0,0
1680679637602117053,0,0,0,0
1680679637604178989,0,0,0,0
1680679637606157347,0,0,0,0
1680679637608054394,0,0,0,0
1680679637610210591,0,0,0,0
1680679637612188670,0,0,0,0
1680679637614023004,0,0,0,0
1680679637615931551,0,0,0,0
1680679637617751302,0,0,0,0
1680679637619725912,0,0,0,0
1680679637621587615,0,0,0,0
1680679637623533305,0,0,0,0
1680679637625409951,0,0,0,0
1680679637627277798,0,0,0,0
1680679637629023834,0,0,0,0
1680679637630960174,0,0,0,0
1680679637632810980,0,0,0,0
1680679637634764311,0,0,0,0
1680679637636769045,0,0,0,0
1680679637638659135,0,0,0,0
1680679637640689527,0,0,0,0
1680679637642667219,0,0,0,0
1680679637644592984,0,0,0,0
1680679637646588858,0,0,0,0
1680679637648542997,0,0,0,0
1680679637650605615,0,0,0,0
1680679637652560898,0,0,0,0
1680679637654508639,0,0,0,0
1680679637656418995,0,0,0,0
1680679637658336379,0,0,0,0
1680679637660394640,0,0,0,0
1680679637662297843,0,0,0,0
1680679637664219525,0,0,0,0
1680679637666196707,0,0,0,0
1680679637668079198,0,0,0,0
1680679637670021165,0,0,0,0
1680679637671883155,0,0,0,0
1680679637673831596,0,0,0,0
1680679637675766222,0,0,0,0
1680679637677529425,0,0,0,0
1680679637679535234,0,0,0,0
1680679637681286121,0,0,0,0
1680679637683212154,0,0,0,0
1680679637685100581,0,0,0,0
1680679637687017157,0,0,0,0
1680679637688908183,0,0,0,0
1680679637690793807,0,0,0,0
1680679637692755076,0,0,0,0
1680679637694714255,0,0,0,0
1680679637696574913,0,0,0,0
1680679637698530100,0,0,0,0
1680679637700699091,0,0,0,0
1680679637702584417,0,0,0,0
1680679637704513385,0,0,0,0
1680679637706487570,0,0,0,0
1680679637708366024,0,0,0,0
1680679637710299690,0,0,0,0
1680679637712253614,0,0,0,0
1680679637714126885,0,0,0,0
1680679637715974325,0,0,0,0
1680679637717950308,0,0,0,0
1680679637719807136,0,0,0,0
1680679637721674941,0,0,0,0
1680679637723500436,0,0,0,0
1680679637725401523,0,0,0,0
1680679637727346449,0,0,0,0
1680679637729176281,0,0,0,0
1680679637731227349,0,0,0,0
1680679637733089574,0,0,0,0
1680679637735003953,0,0,0,0
1680679637736809406,0,0,0,0
1680679637738692133,0,0,0,0
1680679637740751100,0,0,0,0
1680679637742586454,0,0,0,0
1680679637744563548,0,0,0,0
1680679637746530919,0,0,0,0
1680679637748401552,0,0,0,0
1680679637750399724,0,0,0,0
1680679637752393763,0,0,0,0
1680679637754300449,0,0,0,0
1680679637756260440,0,0,0,0
1680679637758141950,0,0,0,0
1680679637760109700,0,0,0,0
1680679637761997723,0,0,0,0
1680679637763922524,0,0,0,0
1680679637765810319,0,0,0,0
1680679637767781058,0,0,0,0
1680679637769671501,0,0,0,0
1680679637771672809,0,0,0,0
1680679637773624374,0,0,0,0
1680679637775588768,0,0,0,0
1680679637777458729,0,0,0,0
1680679637779240444,0,0,0,0
1680679637781141835,0,0,0,0
1680679637783023673,0,0,0,0
1680679637784911946,0,0,0,0
1680679637786732929,0,0,0,0
1680679637788710539,0,0,0,0
1680679637790652054,0,0,0,0
1680679637792743713,0,0,0,0
1680679637794652775,0,0,0,0
1680679637796624622,0,0,0,0
1680679637798524808,0,0,0,0
1680679637800568519,0,0,0,0
1680679637802593338,0,0,0,0
1680679637804464677,0,0,0,0
1680679637806421543,0,0,0,0
1680679637808286891,0,0,0,0
1680679637810156685,0,0,0,0
1680679637812120394,0,0,0,0
1680679637814023569,0,0,0,0
1680679637815989377,0,0,0,0
1680679637817897603,0,0,0,0
1680679637819811868,0,0,0,0
1680679637821759838,0,0,0,0
1680679637823731148,0,0,0,0
1680679637825651727,0,0,0,0
1680679637827601921,0,0,0,0
1680679637829414655,0,0,0,0
1680679637831332128,0,0,0,0
1680679637833142360,0,0,0,0
1680679637835097622,0,0,0,0
1680679637836916886,0,0,0,0
1680679637838769322,0,0,0,0
1680679637840787520,0,0,0,0
1680679637842672524,0,0,0,0
1680679637844629982,0,0,0,0
1680679637846534932,0,0,0,0
1680679637848494653,0,0,0,0
1680679637850407577,0,0,0,0
1680679637852470403,0,0,0,0
1680679637854309710,0,0,0,0
1680679637856190849,0,0,0,0
1680679637858177205,0,0,0,0
1680679637860054902,0,0,0,0
1680679637862028536,0,0,0,0
1680679637863909670,0,0,0,0
1680679637865803823,0,0,0,0
1680679637867728703,0,0,0,0
1680679637869590281,0,0,0,0
1680679637871572796,0,0,0,0
1680679637873533787,0,0,0,0
1680679637875491013,0,0,0,0
1680679637877331907,0,0,0,0
1680679637879250886,0,0,0,0
1680679637881118960,0,0,0,0
1680679637883093419,0,0,0,0
1680679637884903947,0,0,0,0
1680679637886708762,0,0,0,0
1680679637888683577,0,0,0,0
1680679637890580566,0,0,0,0
1680679637892439617,0,0,0,0
1680679637894446988,0,0,0,0
1680679637896346834,0,0,0,0
1680679637898333137,0,0,0,0
1680679637900249711,0,0,0,0
1680679637902286614,0,0,0,0
1680679637904171451,0,0,0,0
1680679637906166672,0,0,0,0
1680679637908001364,0,0,0,0
1680679637909777063,0,0,0,0
1680679637911752570,0,0,0,0
1680679637913692881,0,0,0,0
1680679637915619683,0,0,0,0
1680679637917420177,0,0,0,0
1680679637919292671,0,0,0,0
1680679637921053137,0,0,0,0
1680679637922966203,0,0,0,0
1680679637924821289,0,0,0,0
1680679637926804440,0,0,0,0
1680679637928677514,0,0,0,0
1680679637930620473,0,0,0,0
1680679637932562395,0,0,0,0
1680679637934505098,0,0,0,0
1680679637936407553,0,0,0,0
1680679637938375472,0,0,0,0
1680679637940246465,0,0,0,0
1680679637942163603,0,0,0,0
1680679637944089966,0,0,0,0
1680679637945996072,0,0,0,0
1680679637947987466,0,0,0,0
1680679637950028878,0,0,0,0
1680679637952094269,0,0,0,0
1680679637954444297,0,0,0,0
1680679637956408838,0,0,0,0
1680679637958363934,0,0,0,0
1680679637960246132,0,0,0,0
1680679637962232599,0,0,0,0
1680679637980307303,0,0,0,0
1680679637983613274,0,0,0,0
1680679637985610860,0,0,0,0
1680679637987710202,0,0,0,0
1680679637989716571,0,0,0,0
1680679637991701189,0,0,0,0
1680679637993388364,0,0,0,0
1680679637995063012,0,0,0,0
1680679637996794922,0,0,0,0
1680679637998601086,0,0,0,0
1680679638000388440,0,0,0,0
1680679638002621982,0,0,0,0
1680679638004735264,0,0,0,0
1680679638006747396,0,0,0,0
1680679638008479590,0,0,0,0
1680679638010275618,0,0,0,0
1680679638012270621,0,0,0,0
1680679638014150791,0,0,0,0
1680679638016030353,0,0,0,0
1680679638017928773,0,0,0,0
1680679638020009011,0,0,0,0
1680679638021960458,0,0,0,0
1680679638023863292,0,0,0,0
1680679638025696105,0,0,0,0
1680679638027848201,0,0,0,0
1680679638029742444,0,0,0,0
1680679638031649352,0,0,0,0
1680679638033758625,0,0,0,0
1680679638035635842,0,0,0,0
1680679638037371724,0,0,0,0
1680679638039048681,0,0,0,0
1680679638040724331,0,0,0,0
1680679638042462937,0,0,0,0
1680679638044222541,0,0,0,0
1680679638046022426,0,0,0,0
1680679638047920435,0,0,0,0
1680679638049731714,0,0,0,0
1680679638051628642,0,0,0,0
1680679638053518704,0,0,0,0
1680679638055340606,0,0,0,0
1680679638057282644,0,0,0,0
1680679638059057770,0,0,0,0
1680679638060842385,0,0,0,0
1680679638062692041,0,0,0,0
1680679638064584671,0,0,0,0
1680679638066514718,0,0,0,0
1680679638068391223,0,0,0,0
1680679638070228568,0,0,0,0
1680679638072153197,0,0,0,0
1680679638074044911,0,0,0,0
1680679638075968284,0,0,0,0
1680679638077843155,0,0,0,0
1680679638079623082,0,0,0,0
1680679638081356334,0,0,0,0
1680679638083098914,0,0,0,0
1680679638084840136,0,0,0,0
1680679638086626181,0,0,0,0
1680679638088442683,0,0,0,0
1680679638090344267,0,0,0,0
1680679638092466778,0,0,0,0
1680679638094513140,0,0,0,0
1680679638096407530,0,0,0,0
1680679638098318613,0,0,0,0
1680679638100260668,0,0,0,0
1680679638102206323,0,0,0,0
1680679638104274823,0,0,0,0
1680679638106430401,0,0,0,0
1680679638108408984,0,0,0,0
1680679638110339430,0,0,0,0
1680679638112280301,0,0,0,0
1680679638114231041,0,0,0,0
1680679638116130807,0,0,0,0
1680679638118041299,0,0,0,0
1680679638119941759,0,0,0,0
1680679638121838851,0,0,0,0
1680679638123785041,0,0,0,0
1680679638125714436,0,0,0,0
1680679638127649097,0,0,0,0
1680679638129569329,0,0,0,0
1680679638131514748,0,0,0,0
1680679638133508955,0,0,0,0
1680679638135433222,0,0,0,0
1680679638137354328,0,0,0,0
1680679638140165624,0,0,0,0
1680679638142170405,0,0,0,0
1680679638144119916,0,0,0,0
1680679638146058961,0,0,0,0
1680679638148030269,0,0,0,0
1680679638149967707,0,0,0,0
1680679638151938782,0,0,0,0
1680679638153896544,0,0,0,0
1680679638156618222,0,0,0,0
1680679638158598151,0,0,0,0
1680679638160681207,0,0,0,0
1680679638231041581,0,0,0,0
1680679638298274707,0,0,0,0
1680679638300246753,0,0,0,0
1680679638302210707,0,0,0,0
1680679638304169906,0,0,0,0
1680679638306145671,0,0,0,0
1680679638308152581,0,0,0,0
1680679638309967235,0,0,0,0
1680679638311728923,0,0,0,0
1680679638313543292,0,0,0,0
1680679638315392193,0,0,0,0
1680679638317262355,0,0,0,0
1680679638318941083,0,0,0,0
1680679638320738502,0,0,0,0
1680679638322614255,0,0,0,0
1680679638324584685,0,0,0,0
1680679638326425278,0,0,0,0
1680679638328284503,0,0,0,0
1680679638330270233,0,0,0,0
1680679638332197603,0,0,0,0
1680679638334170264,0,0,0,0
1680679638336117816,0,0,0,0
1680679638338048587,0,0,0,0
1680679638340017614,0,0,0,0
1680679638341784910,0,0,0,0
1680679638343710766,0,0,0,0
1680679638345607550,0,0,0,0
1680679638347527143,0,0,0,0
1680679638349372740,0,0,0,0
1680679638351201663,0,0,0,0
1680679638353128841,0,0,0,0
1680679638354999487,0,0,0,0
1680679638356800002,0,0,0,0
1680679638358647776,0,0,0,0
1680679638360525902,0,0,0,0
1680679638362487052,0,0,0,0
1680679638364382165,0,0,0,0
1680679638366308485,0,0,0,0
1680679638368141847,0,0,0,0
1680679638370060757,0,0,0,0
1680679638372035584,0,0,0,0
1680679638374014219,0,0,0,0
1680679638375899690,0,0,0,0
1680679638377762923,0,0,0,0
1680679638379743929,0,0,0,0
1680679638381639316,0,0,0,0
1680679638383583122,0,0,0,0
1680679638385396209,0,0,0,0
1680679638387223147,0,0,0,0
1680679638389131662,0,0,0,0
1680679638390927055,0,0,0,0
1680679638392872330,0,0,0,0
1680679638394768696,0,0,0,0
1680679638396688887,0,0,0,0
1680679638398629611,0,0,0,0
1680679638400506186,0,0,0,0
1680679638402503232,0,0,0,0
1680679638404578449,0,0,0,0
1680679638406466638,0,0,0,0
1680679638408297273,0,0,0,0
1680679638410161912,0,0,0,0
1680679638412044266,0,0,0,0
1680679638413958916,0,0,0,0
1680679638415944831,0,0,0,0
1680679638417964965,0,0,0,0
1680679638419881219,0,0,0,0
1680679638421877431,0,0,0,0
1680679638423766761,0,0,0,0
1680679638425724803,0,0,0,0
1680679638427755590,0,0,0,0
1680679638429632584,0,0,0,0
1680679638431573467,0,0,0,0
1680679638433423937,0,0,0,0
1680679638435220063,0,0,0,0
1680679638437104849,0,0,0,0
1680679638438970643,0,0,0,0
1680679638440812660,0,0,0,0
1680679638442667804,0,0,0,0
1680679638444667022,0,0,0,0
1680679638446555241,0,0,0,0
1680679638448654886,0,0,0,0
1680679638450494492,0,0,0,0
1680679638452445297,0,0,0,0
1680679638454248572,0,0,0,0
1680679638455994286,0,0,0,0
1680679638457787488,0,0,0,0
1680679638459660681,0,0,0,0
1680679638461592451,0,0,0,0
1680679638463479008,0,0,0,0
1680679638465350789,0,0,0,0
1680679638467197142,0,0,0,0
1680679638469044136,0,0,0,0
1680679638470983779,0,0,0,0
1680679638472813796,0,0,0,0
1680679638474768595,0,0,0,0
1680679638476667609,0,0,0,0
1680679638478655568,0,0,0,0
1680679638480551382,0,0,0,0
1680679638482511188,0,0,0,0
1680679638484412391,0,0,0,0
1680679638486344245,0,0,0,0
1680679638488102807,0,0,0,0
1680679638489960193,0,0,0,0
1680679638491824083,0,0,0,0
1680679638493765476,0,0,0,0
1680679638495655477,0,0,0,0
1680679638497609535,0,0,0,0
1680679638499515565,0,0,0,0
1680679638501440504,0,0,0,0
1680679638503379727,0,0,0,0
1680679638505254504,0,0,0,0
1680679638507155667,0,0,0,0
1680679638508993135,0,0,0,0
1680679638510908547,0,0,0,0
1680679638512820120,0,0,0,0
1680679638514742604,0,0,0,0
1680679638516624754,0,0,0,0
1680679638518585833,0,0,0,0
1680679638520474819,0,0,0,0
1680679638522359684,0,0,0,0
1680679638524182552,0,0,0,0
1680679638526144398,0,0,0,0
1680679638528048404,0,0,0,0
1680679638529948897,0,0,0,0
1680679638531870625,0,0,0,0
1680679638533769388,0,0,0,0
1680679638535745566,0,0,0,0
1680679638537592628,0,0,0,0
1680679638539630159,0,0,0,0
1680679638541625682,0,0,0,0
1680679638543542908,0,0,0,0
1680679638545537840,0,0,0,0
1680679638547398669,0,0,0,0
1680679638549299115,0,0,0,0
1680679638551152226,0,0,0,0
1680679638552985488,0,0,0,0
1680679638554920506,0,0,0,0
1680679638556792908,0,0,0,0
1680679638558656913,0,0,0,0
1680679638560597549,0,0,0,0
1680679638562486935,0,0,0,0
1680679638564446941,0,0,0,0
1680679638566337813,0,0,0,0
1680679638568194634,0,0,0,0
1680679638570145871,0,0,0,0
1680679638572042710,0,0,0,0
1680679638573977102,0,0,0,0
1680679638575887836,0,0,0,0
1680679638577851330,0,0,0,0
1680679638579710953,0,0,0,0
1680679638581641688,0,0,0,0
1680679638583568882,0,0,0,0
1680679638585416397,0,0,0,0
1680679638587233778,0,0,0,0
1680679638589124352,0,0,0,0
1680679638591091575,0,0,0,0
1680679638592966880,0,0,0,0
1680679638594898468,0,0,0,0
1680679638596816147,0,0,0,0
1680679638598673384,0,0,0,0
1680679638600607402,0,0,0,0
1680679638602435488,0,0,0,0
1680679638604420545,0,0,0,0
1680679638606338190,0,0,0,0
1680679638608308364,0,0,0,0
1680679638610233232,0,0,0,0
1680679638612135344,0,0,0,0
1680679638614120200,0,0,0,0
1680679638616038342,0,0,0,0
1680679638617939345,0,0,0,0
1680679638619732746,0,0,0,0
1680679638621476430,0,0,0,0
1680679638623264193,0,0,0,0
1680679638625026563,0,0,0,0
1680679638626936955,0,0,0,0
1680679638628847152,0,0,0,0
1680679638630739621,0,0,0,0
1680679638632639595,0,0,0,0
1680679638634494699,0,0,0,0
1680679638636374361,0,0,0,0
1680679638638364393,0,0,0,0
1680679638640354945,0,0,0,0
1680679638642267449,0,0,0,0
1680679638644222636,0,0,0,0
1680679638646150282,0,0,0,0
1680679638648097544,0,0,0,0
1680679638650075222,0,0,0,0
1680679638651872573,0,0,0,0
1680679638653875532,0,0,0,0
1680679638655734184,0,0,0,0
1680679638657671552,0,0,0,0
1680679638659583063,0,0,0,0
1680679638661561105,0,0,0,0
1680679638663429768,0,0,0,0
1680679638665347936,0,0,0,0
1680679638667187900,0,0,0,0
1680679638669107326,0,0,0,0
1680679638670886317,0,0,0,0
1680679638672709847,0,0,0,0
1680679638674665225,0,0,0,0
1680679638676532500,0,0,0,0
1680679638678414997,0,0,0,0
1680679638680392773,0,0,0,0
1680679638682321793,0,0,0,0
1680679638684309959,0,0,0,0
1680679638686258108,0,0,0,0
1680679638688181610,0,0,0,0
1680679638690186709,0,0,0,0
1680679638692058476,0,0,0,0
1680679638693938658,0,0,0,0
1680679638695914788,0,0,0,0
1680679638697792182,0,0,0,0
1680679638699693568,0,0,0,0
1680679638701456998,0,0,0,0
1680679638703352861,0,0,0,0
1680679638705185134,0,0,0,0
1680679638707090755,0,0,0,0
1680679638709083960,0,0,0,0
1680679638710929070,0,0,0,0
1680679638712815220,0,0,0,0
1680679638714635034,0,0,0,0
1680679638716568892,0,0,0,0
1680679638718462455,0,0,0,0
1680679638720430850,0,0,0,0
1680679638722352566,0,0,0,0
1680679638724303678,0,0,0,0
1680679638726220561,0,0,0,0
1680679638728195706,0,0,0,0
1680679638730081258,0,0,0,0
1680679638732041576,0,0,0,0
1680679638733889023,0,0,0,0
1680679638735876053,0,0,0,0
1680679638737713924,0,0,0,0
1680679638739649474,0,0,0,0
1680679638741439362,0,0,0,0
1680679638743374423,0,0,0,0
1680679638745206508,0,0,0,0
1680679638747117075,0,0,0,0
1680679638748983593,0,0,0,0
1680679638750941039,0,0,0,0
1680679638752815310,0,0,0,0
1680679638754611442,0,0,0,0
1680679638756432857,0,0,0,0
1680679638758401468,0,0,0,0
1680679638760283927,0,0,0,0
1680679638762234677,0,0,0,0
1680679638764168367,0,0,0,0
1680679638766164930,0,0,0,0
1680679638768138437,0,0,0,0
1680679638770067832,0,0,0,0
1680679638772051664,0,0,0,0
1680679638774148033,0,0,0,0
1680679638776138003,0,0,0,0
1680679638777950742,0,0,0,0
1680679638779884358,0,0,0,0
1680679638781775731,0,0,0,0
1680679638783638768,0,0,0,0
1680679638785563847,0,0,0,0
1680679638787533195,0,0,0,0
1680679638789423275,0,0,0,0
1680679638791268502,0,0,0,0
1680679638793162792,0,0,0,0
1680679638795055895,0,0,0,0
1680679638796809272,0,0,0,0
1680679638798686467,0,0,0,0
1680679638800612289,0,0,0,0
1680679638802520838,0,0,0,0
1680679638804327086,0,0,0,0
1680679638806363464,0,0,0,0
1680679638808279903,0,0,0,0
1680679638810235121,0,0,0,0
1680679638812152736,0,0,0,0
1680679638814222734,0,0,0,0
1680679638816144789,0,0,0,0
1680679638818084996,0,0,0,0
1680679638820046732,0,0,0,0
1680679638821961244,0,0,0,0
1680679638823910650,0,0,0,0
1680679638825817217,0,0,0,0
1680679638827795388,0,0,0,0
1680679638829748791,0,0,0,0
1680679638831692032,0,0,0,0
1680679638833625928,0,0,0,0
1680679638835605694,0,0,0,0
1680679638837519224,0,0,0,0
1680679638839468522,0,0,0,0
1680679638841246170,0,0,0,0
1680679638842991135,0,0,0,0
1680679638844825807,0,0,0,0
1680679638846695691,0,0,0,0
1680679638848612761,0,0,0,0
1680679638850445815,0,0,0,0
1680679638852392854,0,0,0,0
1680679638854259256,0,0,0,0
1680679638856223939,0,0,0,0
1680679638858084200,0,0,0,0
1680679638860043307,0,0,0,0
1680679638861948789,0,0,0,0
1680679638863821712,0,0,0,0
1680679638865807642,0,0,0,0
1680679638867700419,0,0,0,0
1680679638869644770,0,0,0,0
1680679638871520616,0,0,0,0
1680679638873406924,0,0,0,0
1680679638875221410,0,0,0,0
1680679638877014284,0,0,0,0
1680679638878945339,0,0,0,0
1680679638880815974,0,0,0,0
1680679638882762007,0,0,0,0
1680679638884751053,0,0,0,0
1680679638886704572,0,0,0,0
1680679638888643242,0,0,0,0
1680679638890523592,0,0,0,0
1680679638892430390,0,0,0,0
1680679638894292237,0,0,0,0
1680679638896227825,0,0,0,0
1680679638898084644,0,0,0,0
1680679638900014669,0,0,0,0
1680679638901918570,0,0,0,0
1680679638903837037,0,0,0,0
1680679638905813524,0,0,0,0
1680679638907992957,0,0,0,0
1680679638909997470,0,0,0,0
1680679638911953805,0,0,0,0
1680679638913824442,0,0,0,0
1680679638915776963,0,0,0,0
1680679638917609624,0,0,0,0
1680679638919547594,0,0,0,0
1680679638921326700,0,0,0,0
1680679638923259928,0,0,0,0
1680679638925053420,0,0,0,0
1680679638927003175,0,0,0,0
1680679638928807192,0,0,0,0
1680679638930699871,0,0,0,0
1680679638932524299,0,0,0,0
1680679638934409189,0,0,0,0
1680679638936293466,0,0,0,0
1680679638938181831,0,0,0,0
1680679638940083014,0,0,0,0
1680679638942078001,0,0,0,0
1680679638943979415,0,0,0,0
1680679638945921198,0,0,0,0
1680679638947748296,0,0,0,0
1680679638949712090,0,0,0,0
1680679638951682752,0,0,0,0
1680679638953568964,0,0,0,0
1680679638955585970,0,0,0,0
1680679638957425099,0,0,0,0
1680679638959229516,0,0,0,0
1680679638961063128,0,0,0,0
1680679638963037321,0,0,0,0
1680679638964958807,0,0,0,0
1680679638966883208,0,0,0,0
1680679638968832618,0,0,0,0
1680679638970681316,0,0,0,0
1680679638972541606,0,0,0,0
1680679638974423464,0,0,0,0
1680679638976447039,0,0,0,0
1680679638978357674,0,0,0,0
1680679638980338417,0,0,0,0
1680679638982198660,0,0,0,0
1680679638984078669,0,0,0,0
1680679638986019483,0,0,0,0
1680679638987862985,0,0,0,0
1680679638989808348,0,0,0,0
1680679638991660770,0,0,0,0
1680679638993632283,0,0,0,0
1680679638995520979,0,0,0,0
1680679638997245962,0,0,0,0
1680679638999163059,0,0,0,0
1680679639001027911,0,0,0,0
1680679639002881263,0,0,0,0
1680679639004798186,0,0,0,0
1680679639006824948,0,0,0,0
1680679639008664686,0,0,0,0
1680679639010667818,0,0,0,0
1680679639012514368,0,0,0,0
1680679639014406002,0,0,0,0
1680679639016262353,0,0,0,0
1680679639018231534,0,0,0,0
1680679639020089811,0,0,0,0
1680679639022035072,0,0,0,0
1680679639023939162,0,0,0,0
1680679639025902082,0,0,0,0
1680679639027770871,0,0,0,0
1680679639029680772,0,0,0,0
1680679639031561302,0,0,0,0
1680679639033364125,0,0,0,0
1680679639035216311,0,0,0,0
1680679639037035329,0,0,0,0
1680679639039003541,0,0,0,0
1680679639040849090,0,0,0,0
1680679639042815752,0,0,0,0
1680679639044736979,0,0,0,0
1680679639046717407,0,0,0,0
1680679639048577292,0,0,0,0
1680679639050552518,0,0,0,0
1680679639052408899,0,0,0,0
1680679639054267078,0,0,0,0
1680679639056198999,0,0,0,0
1680679639058084507,0,0,0,0
1680679639060039362,0,0,0,0
1680679639061969324,0,0,0,0
1680679639063939903,0,0,0,0
1680679639065907606,0,0,0,0
1680679639067821282,0,0,0,0
1680679639069875806,0,0,0,0
1680679639071753989,0,0,0,0
1680679639073655649,0,0,0,0
1680679639075505030,0,0,0,0
1680679639077354011,0,0,0,0
1680679639079170154,0,0,0,0
1680679639081037408,0,0,0,0
1680679639083006190,0,0,0,0
1680679639084810240,0,0,0,0
1680679639086821047,0,0,0,0
1680679639088745642,0,0,0,0
1680679639090725786,0,0,0,0
1680679639092522018,0,0,0,0
1680679639094475715,0,0,0,0
1680679639096281383,0,0,0,0
1680679639098205750,0,0,0,0
1680679639100036136,0,0,0,0
1680679639102022150,0,0,0,0
1680679639103941230,0,0,0,0
1680679639105971363,0,0,0,0
1680679639107841822,0,0,0,0
1680679639109859452,0,0,0,0
1680679639111872811,0,0,0,0
1680679639113689591,0,0,0,0
1680679639115615197,0,0,0,0
1680679639117430021,0,0,0,0
1680679639119298403,0,0,0,0
1680679639121038022,0,0,0,0
1680679639122910772,0,0,0,0
1680679639124800214,0,0,0,0
1680679639126754105,0,0,0,0
1680679639128747834,0,0,0,0
1680679639130606865,0,0,0,0
1680679639132548775,0,0,0,0
1680679639134407426,0,0,0,0
1680679639136487552,0,0,0,0
1680679639138438036,0,0,0,0
1680679639140238270,0,0,0,0
1680679639142187227,0,0,0,0
1680679639144109694,0,0,0,0
1680679639146074400,0,0,0,0
1680679639148001039,0,0,0,0
1680679639149996522,0,0,0,0
1680679639151884049,0,0,0,0
1680679639153780006,0,0,0,0
1680679639155711649,0,0,0,0
1680679639157562023,0,0,0,0
1680679639159496062,0,0,0,0
1680679639161389660,0,0,0,0
1680679639163227502,0,0,0,0
1680679639165041949,0,0,0,0
1680679639167040750,0,0,0,0
1680679639168960342,0,0,0,0
1680679639170904132,0,0,0,0
1680679639172812766,0,0,0,0
1680679639174718405,0,0,0,0
1680679639176678807,0,0,0,0
1680679639178510669,0,0,0,0
1680679639180351315,0,0,0,0
1680679639182286677,0,0,0,0
1680679639184158226,0,0,0,0
1680679639186159993,0,0,0,0
1680679639188098106,0,0,0,0
1680679639190143156,0,0,0,0
1680679639192114714,0,0,0,0
1680679639194124253,0,0,0,0
1680679639196083236,0,0,0,0
1680679639198026104,0,0,0,0
1680679639199863518,0,0,0,0
1680679639201771884,0,0,0,0
1680679639203689716,0,0,0,0
1680679639205575749,0,0,0,0
1680679639207584890,0,0,0,0
1680679639209472996,0,0,0,0
1680679639211328956,0,0,0,0
1680679639213084554,0,0,0,0
1680679639215129151,0,0,0,0
1680679639216959105,0,0,0,0
1680679639218902100,0,0,0,0
1680679639220791578,0,0,0,0
1680679639222644034,0,0,0,0
1680679639224609853,0,0,0,0
1680679639226527998,0,0,0,0
1680679639228392875,0,0,0,0
1680679639230297165,0,0,0,0
1680679639232208860,0,0,0,0
1680679639234300907,0,0,0,0
1680679639236276943,0,0,0,0
1680679639238178712,0,0,0,0
1680679639240139338,0,0,0,0
1680679639242035237,0,0,0,0
1680679639243977415,0,0,0,0
1680679639245839309,0,0,0,0
1680679639247769859,0,0,0,0
1680679639249793802,0,0,0,0
1680679639251755033,0,0,0,0
1680679639253623679,0,0,0,0
1680679639255569562,0,0,0,0
1680679639257395188,0,0,0,0
1680679639259186556,0,0,0,0
1680679639260912588,0,0,0,0
1680679639262685006,0,0,0,0
1680679639264644860,0,0,0,0
1680679639266577267,0,0,0,0
1680679639268459553,0,0,0,0
1680679639270492975,0,0,0,0
1680679639272388798,0,0,0,0
1680679639274311337,0,0,0,0
1680679639276158794,0,0,0,0
1680679639278108637,0,0,0,0
1680679639279978472,0,0,0,0
1680679639281873958,0,0,0,0
1680679639283803583,0,0,0,0
1680679639285627562,0,0,0,0
1680679639287534856,0,0,0,0
1680679639289438864,0,0,0,0
1680679639291337974,0,0,0,0
1680679639293163800,0,0,0,0
1680679639295042237,0,0,0,0
1680679639296921616,0,0,0,0
1680679639298782306,0,0,0,0
1680679639300756181,0,0,0,0
1680679639302610443,0,0,0,0
1680679639304551654,0,0,0,0
1680679639306558566,0,0,0,0
1680679639308527553,0,0,0,0
1680679639310545641,0,0,0,0
1680679639312428820,0,0,0,0
1680679639314407682,0,0,0,0
1680679639316382768,0,0,0,0
1680679639318170381,0,0,0,0
1680679639319955233,0,0,0,0
1680679639321760938,0,0,0,0
1680679639323542634,0,0,0,0
1680679639325379608,0,0,0,0
1680679639327155875,0,0,0,0
1680679639329042591,0,0,0,0
1680679639331055685,0,0,0,0
1680679639332818207,0,0,0,0
1680679639334868295,0,0,0,0
1680679639336839662,0,0,0,0
1680679639338685083,0,0,0,0
1680679639340657098,0,0,0,0
1680679639342539522,0,0,0,0
1680679639344565987,0,0,0,0
1680679639346362097,0,0,0,0
1680679639348250943,0,0,0,0
1680679639350477108,0,0,0,0
1680679639352584001,0,0,0,0
1680679639354557680,0,0,0,0
1680679639356416319,0,0,0,0
1680679639358341948,0,0,0,0
1680679639360186123,0,0,0,0
1680679639362099477,0,0,0,0
1680679639363947661,0,0,0,0
1680679639365806600,0,0,0,0
1680679639367756839,0,0,0,0
1680679639369619509,0,0,0,0
1680679639371414699,0,0,0,0
1680679639373202996,0,0,0,0
1680679639374936281,0,0,0,0
1680679639376751735,0,0,0,0
1680679639378592677,0,0,0,0
1680679639380398188,0,0,0,0
1680679639382242968,0,0,0,0
1680679639384093143,0,0,0,0
1680679639386044062,0,0,0,0
1680679639387985320,0,0,0,0
1680679639389931000,0,0,0,0
1680679639391769207,0,0,0,0
1680679639393689566,0,0,0,0
1680679639395543405,0,0,0,0
1680679639397365171,0,0,0,0
1680679639399106500,0,0,0,0
1680679639400965564,0,0,0,0
1680679639402804037,0,0,0,0
1680679639404640023,0,0,0,0
1680679639406495062,0,0,0,0
1680679639408410964,0,0,0,0
1680679639410353242,0,0,0,0
1680679639412254335,0,0,0,0
1680679639414318448,0,0,0,0
1680679639416315001,0,0,0,0
1680679639418219765,0,0,0,0
1680679639420106154,0,0,0,0
1680679639422108146,0,0,0,0
1680679639424051216,0,0,0,0
1680679639425967944,0,0,0,0
1680679639427954292,0,0,0,0
1680679639429833606,0,0,0,0
1680679639431722493,0,0,0,0
1680679639433657170,0,0,0,0
1680679639435590366,0,0,0,0
1680679639437524889,0,0,0,0
1680679639439452130,0,0,0,0
1680679639441377121,0,0,0,0
1680679639443322072,0,0,0,0
1680679639445617753,0,0,0,0
1680679639447659078,0,0,0,0
1680679639449668099,0,0,0,0
1680679639451570265,0,0,0,0
1680679639453502328,0,0,0,0
1680679639455477609,0,0,0,0
1680679639457367678,0,0,0,0
1680679639459286469,0,0,0,0
1680679639461196762,0,0,0,0
1680679639463081055,0,0,0,0
1680679639465007277,0,0,0,0
1680679639466904083,0,0,0,0
1680679639468785360,0,0,0,0
1680679639470713167,0,0,0,0
1680679639472625635,0,0,0,0
1680679639474535032,0,0,0,0
1680679639476481717,0,0,0,0
1680679639478436709,0,0,0,0
1680679639481199106,0,0,0,0
1680679639483155922,0,0,0,0
1680679639485262805,0,0,0,0
1680679639557052117,0,0,0,0
1680679639625616979,0,0,0,0
1680679639627678726,0,0,0,0
1680679639629614889,0,0,0,0
1680679639631630299,0,0,0,0
1680679639633579115,0,0,0,0
1680679639635595520,0,0,0,0
1680679639637390657,0,0,0,0
1680679639639136559,0,0,0,0
1680679639640883066,0,0,0,0
1680679639642750703,0,0,0,0
1680679639644554408,0,0,0,0
1680679639646464413,0,0,0,0
1680679639648463076,0,0,0,0
1680679639650357671,0,0,0,0
1680679639652295512,0,0,0,0
1680679639654167885,0,0,0,0
1680679639656168525,0,0,0,0
1680679639658118676,0,0,0,0
1680679639659979794,0,0,0,0
1680679639661830033,0,0,0,0
1680679639663768823,0,0,0,0
1680679639665630513,0,0,0,0
1680679639667655930,0,0,0,0
1680679639669563266,0,0,0,0
1680679639671470753,0,0,0,0
1680679639673419212,0,0,0,0
1680679639675292034,0,0,0,0
1680679639677170382,0,0,0,0
1680679639679008614,0,0,0,0
1680679639680821409,0,0,0,0
1680679639682571142,0,0,0,0
1680679639684451121,0,0,0,0
1680679639686323152,0,0,0,0
1680679639688197853,0,0,0,0
1680679639690204299,0,0,0,0
1680679639692119317,0,0,0,0
1680679639694091692,0,0,0,0
1680679639696086323,0,0,0,0
1680679639698081259,0,0,0,0
1680679639700007378,0,0,0,0
1680679639701930654,0,0,0,0
1680679639703747936,0,0,0,0
1680679639705674467,0,0,0,0
1680679639707657411,0,0,0,0
1680679639709526140,0,0,0,0
1680679639711514019,0,0,0,0
1680679639713391138,0,0,0,0
1680679639715192863,0,0,0,0
1680679639717099308,0,0,0,0
1680679639718998587,0,0,0,0
1680679639720811589,0,0,0,0
1680679639722756440,0,0,0,0
1680679639724604146,0,0,0,0
1680679639726569856,0,0,0,0
1680679639728495787,0,0,0,0
1680679639730462720,0,0,0,0
1680679639732380795,0,0,0,0
1680679639734394867,0,0,0,0
1680679639736321685,0,0,0,0
1680679639738350252,0,0,0,0
1680679639740247078,0,0,0,0
1680679639742215405,0,0,0,0
1680679639744410316,0,0,0,0
1680679639746234838,0,0,0,0
1680679639748251585,0,0,0,0
1680679639750108743,0,0,0,0
1680679639751962137,0,0,0,0
1680679639753869112,0,0,0,0
1680679639755848374,0,0,0,0
1680679639757811140,0,0,0,0
1680679639759705311,0,0,0,0
1680679639761593323,0,0,0,0
1680679639763575838,0,0,0,0
1680679639765402230,0,0,0,0
1680679639767341201,0,0,0,0
1680679639769209931,0,0,0,0
1680679639771102401,0,0,0,0
1680679639773004744,0,0,0,0
1680679639774829077,0,0,0,0
1680679639776783836,0,0,0,0
1680679639778669585,0,0,0,0
1680679639780414706,0,0,0,0
1680679639782225626,0,0,0,0
1680679639784136997,0,0,0,0
1680679639786052243,0,0,0,0
1680679639788033534,0,0,0,0
1680679639789961231,0,0,0,0
1680679639791964218,0,0,0,0
1680679639793919457,0,0,0,0
1680679639795915892,0,0,0,0
1680679639797878464,0,0,0,0
1680679639799756860,0,0,0,0
1680679639801589155,0,0,0,0
1680679639803546721,0,0,0,0
1680679639805399207,0,0,0,0
1680679639807237885,0,0,0,0
1680679639809179408,0,0,0,0
1680679639811008994,0,0,0,0
1680679639812927669,0,0,0,0
1680679639814838219,0,0,0,0
1680679639816820430,0,0,0,0
1680679639818734308,0,0,0,0
1680679639820636900,0,0,0,0
1680679639822566653,0,0,0,0
1680679639824381959,0,0,0,0
1680679639826347829,0,0,0,0
1680679639828241300,0,0,0,0
1680679639830233242,0,0,0,0
1680679639832161872,0,0,0,0
1680679639834095153,0,0,0,0
1680679639836078517,0,0,0,0
1680679639837997676,0,0,0,0
1680679639839921639,0,0,0,0
1680679639841844949,0,0,0,0
1680679639843767152,0,0,0,0
1680679639845600382,0,0,0,0
1680679639847530384,0,0,0,0
1680679639849338746,0,0,0,0
1680679639851269472,0,0,0,0
1680679639853175478,0,0,0,0
1680679639855063657,0,0,0,0
1680679639856904975,0,0,0,0
1680679639858924058,0,0,0,0
1680679639860768876,0,0,0,0
1680679639862646190,0,0,0,0
1680679639864462244,0,0,0,0
1680679639866339822,0,0,0,0
1680679639868161744,0,0,0,0
1680679639870068345,0,0,0,0
1680679639872011593,0,0,0,0
1680679639873998092,0,0,0,0
1680679639875966107,0,0,0,0
1680679639877895870,0,0,0,0
1680679639879739440,0,0,0,0
1680679639881470013,0,0,0,0
1680679639883202327,0,0,0,0
1680679639884912029,0,0,0,0
1680679639886724494,0,0,0,0
1680679639888600727,0,0,0,0
1680679639890311324,0,0,0,0
1680679639892052877,0,0,0,0
1680679639893890290,0,0,0,0
1680679639895728476,0,0,0,0
1680679639897510766,0,0,0,0
1680679639899267724,0,0,0,0
1680679639901128498,0,0,0,0
1680679639902935517,0,0,0,0
1680679639904686402,0,0,0,0
1680679639906542240,0,0,0,0
1680679639908526963,0,0,0,0
1680679639910433145,0,0,0,0
1680679639912460021,0,0,0,0
1680679639914453167,0,0,0,0
1680679639916348818,0,0,0,0
1680679639918353834,0,0,0,0
1680679639920213827,0,0,0,0
1680679639922086392,0,0,0,0
1680679639923987923,0,0,0,0
1680679639925970739,0,0,0,0
1680679639927991098,0,0,0,0
1680679639929936632,0,0,0,0
1680679639931914286,0,0,0,0
1680679639933805123,0,0,0,0
1680679639935806562,0,0,0,0
1680679639937670529,0,0,0,0
1680679639939613003,0,0,0,0
1680679639941420285,0,0,0,0
1680679639943322888,0,0,0,0
1680679639945171585,0,0,0,0
1680679639947061657,0,0,0,0
1680679639948865602,0,0,0,0
1680679639950756769,0,0,0,0
1680679639952667735,0,0,0,0
1680679639954630780,0,0,0,0
1680679639956455575,0,0,0,0
1680679639958447869,0,0,0,0
1680679639960285626,0,0,0,0
1680679639962225511,0,0,0,0
1680679639964126788,0,0,0,0
1680679639966050079,0,0,0,0
1680679639968015701,0,0,0,0
1680679639969891532,0,0,0,0
1680679639971935510,0,0,0,0
1680679639974004153,0,0,0,0
1680679639976001488,0,0,0,0
1680679639978019206,0,0,0,0
1680679639979750309,0,0,0,0
1680679639981649917,0,0,0,0
1680679639983526297,0,0,0,0
1680679639985260003,0,0,0,0
1680679639987156509,0,0,0,0
1680679639989047612,0,0,0,0
1680679639990889636,0,0,0,0
1680679639992806076,0,0,0,0
1680679639994768015,0,0,0,0
1680679639996674749,0,0,0,0
1680679639998667783,0,0,0,0
1680679640000604970,0,0,0,0
1680679640002524865,0,0,0,0
1680679640004496995,0,0,0,0
1680679640006390093,0,0,0,0
1680679640008418521,0,0,0,0
1680679640010406527,0,0,0,0
1680679640012374929,0,0,0,0
1680679640014256972,0,0,0,0
1680679640016247913,0,0,0,0
1680679640018132519,0,0,0,0
1680679640020069893,0,0,0,0
1680679640021992245,0,0,0,0
1680679640023968946,0,0,0,0
1680679640025878143,0,0,0,0
1680679640027846693,0,0,0,0
1680679640029738456,0,0,0,0
1680679640031647246,0,0,0,0
1680679640033387699,0,0,0,0
1680679640035197703,0,0,0,0
1680679640037005419,0,0,0,0
1680679640038892114,0,0,0,0
1680679640040811000,0,0,0,0
1680679640042691346,0,0,0,0
1680679640044675353,0,0,0,0
1680679640046578179,0,0,0,0
1680679640048534482,0,0,0,0
1680679640050484915,0,0,0,0
1680679640052417247,0,0,0,0
1680679640054378846,0,0,0,0
1680679640056250180,0,0,0,0
1680679640058218731,0,0,0,0
1680679640060102317,0,0,0,0
1680679640062059513,0,0,0,0
1680679640063919437,0,0,0,0
1680679640065886788,0,0,0,0
1680679640067749154,0,0,0,0
1680679640069670865,0,0,0,0
1680679640071683185,0,0,0,0
1680679640073564366,0,0,0,0
1680679640075526230,0,0,0,0
1680679640077358578,0,0,0,0
1680679640079278492,0,0,0,0
1680679640081094679,0,0,0,0
1680679640082998474,0,0,0,0
1680679640084807975,0,0,0,0
1680679640086675282,0,0,0,0
1680679640088610522,0,0,0,0
1680679640090477482,0,0,0,0
1680679640092408694,0,0,0,0
1680679640094286747,0,0,0,0
1680679640096228439,0,0,0,0
1680679640098215619,0,0,0,0
1680679640100107407,0,0,0,0
1680679640102075166,0,0,0,0
1680679640103984758,0,0,0,0
1680679640105915225,0,0,0,0
1680679640107788363,0,0,0,0
1680679640109694786,0,0,0,0
1680679640111606740,0,0,0,0
1680679640113402586,0,0,0,0
1680679640115337549,0,0,0,0
1680679640117229661,0,0,0,0
1680679640118978325,0,0,0,0
1680679640120812651,0,0,0,0
1680679640122729410,0,0,0,0
1680679640124547087,0,0,0,0
1680679640126538999,0,0,0,0
1680679640128415807,0,0,0,0
1680679640130421023,0,0,0,0
1680679640132295800,0,0,0,0
1680679640134126331,0,0,0,0
1680679640136040798,0,0,0,0
1680679640138006279,0,0,0,0
1680679640139879892,0,0,0,0
1680679640141818157,0,0,0,0
1680679640143679411,0,0,0,0
1680679640145529906,0,0,0,0
1680679640147360652,0,0,0,0
1680679640149333019,0,0,0,0
1680679640151187736,0,0,0,0
1680679640153147315,0,0,0,0
1680679640154975165,0,0,0,0
1680679640156943320,0,0,0,0
1680679640158927098,0,0,0,0
1680679640160809297,0,0,0,0
1680679640162762407,0,0,0,0
1680679640164646381,0,0,0,0
1680679640166638182,0,0,0,0
1680679640168529170,0,0,0,0
1680679640170507115,0,0,0,0
1680679640172423027,0,0,0,0
1680679640174412626,0,0,0,0
1680679640176429661,0,0,0,0
1680679640178344295,0,0,0,0
1680679640180171661,0,0,0,0
1680679640182006304,0,0,0,0
1680679640184002804,0,0,0,0
1680679640185839193,0,0,0,0
1680679640187776492,0,0,0,0
1680679640189652729,0,0,0,0
1680679640191583444,0,0,0,0
1680679640193431113,0,0,0,0
1680679640195262848,0,0,0,0
1680679640197137922,0,0,0,0
1680679640199104632,0,0,0,0
1680679640201000154,0,0,0,0
1680679640202892155,0,0,0,0
1680679640204758755,0,0,0,0
1680679640206665912,0,0,0,0
1680679640208473168,0,0,0,0
1680679640210458658,0,0,0,0
1680679640212419813,0,0,0,0
1680679640214384083,0,0,0,0
1680679640216249146,0,0,0,0
1680679640218211856,0,0,0,0
1680679640220135831,0,0,0,0
1680679640222085109,0,0,0,0
1680679640223961884,0,0,0,0
1680679640225844837,0,0,0,0
1680679640227745448,0,0,0,0
1680679640229737152,0,0,0,0
1680679640231688529,0,0,0,0
1680679640233618247,0,0,0,0
1680679640235578413,0,0,0,0
1680679640237393090,0,0,0,0
1680679640239412655,0,0,0,0
1680679640241298513,0,0,0,0
1680679640243111344,0,0,0,0
1680679640244906203,0,0,0,0
1680679640246864804,0,0,0,0
1680679640248806328,0,0,0,0
1680679640250789765,0,0,0,0
1680679640252794684,0,0,0,0
1680679640254705274,0,0,0,0
1680679640256661828,0,0,0,0
1680679640258662071,0,0,0,0
1680679640260646855,0,0,0,0
1680679640262564384,0,0,0,0
1680679640264473719,0,0,0,0
1680679640266465637,0,0,0,0
1680679640268334048,0,0,0,0
1680679640270230069,0,0,0,0
1680679640272102119,0,0,0,0
1680679640273992426,0,0,0,0
1680679640275936252,0,0,0,0
1680679640277921986,0,0,0,0
1680679640279875592,0,0,0,0
1680679640281823472,0,0,0,0
1680679640283686147,0,0,0,0
1680679640285549431,0,0,0,0
1680679640287532843,0,0,0,0
1680679640289392709,0,0,0,0
1680679640291222732,0,0,0,0
1680679640293169534,0,0,0,0
1680679640295049450,0,0,0,0
1680679640296935278,0,0,0,0
1680679640298837681,0,0,0,0
1680679640300706547,0,0,0,0
1680679640302634370,0,0,0,0
1680679640304455039,0,0,0,0
1680679640306408782,0,0,0,0
1680679640308309887,0,0,0,0
1680679640310255508,0,0,0,0
1680679640312214918,0,0,0,0
1680679640314086301,0,0,0,0
1680679640315931978,0,0,0,0
1680679640317822677,0,0,0,0
1680679640319765015,0,0,0,0
1680679640321630699,0,0,0,0
1680679640323572772,0,0,0,0
1680679640325371498,0,0,0,0
1680679640327225739,0,0,0,0
1680679640329062682,0,0,0,0
1680679640331039517,0,0,0,0
1680679640332918851,0,0,0,0
1680679640334869417,0,0,0,0
1680679640336809311,0,0,0,0
1680679640338740098,0,0,0,0
1680679640340571469,0,0,0,0
1680679640342472921,0,0,0,0
1680679640344314587,0,0,0,0
1680679640346280194,0,0,0,0
1680679640348131187,0,0,0,0
1680679640350058184,0,0,0,0
1680679640352007742,0,0,0,0
1680679640354019469,0,0,0,0
1680679640355912067,0,0,0,0
1680679640357931300,0,0,0,0
1680679640359867528,0,0,0,0
1680679640361804919,0,0,0,0
1680679640363643691,0,0,0,0
1680679640365597405,0,0,0,0
1680679640367535437,0,0,0,0
1680679640369368980,0,0,0,0
1680679640371283246,0,0,0,0
1680679640373216702,0,0,0,0
1680679640375006837,0,0,0,0
1680679640376901461,0,0,0,0
1680679640378779562,0,0,0,0
1680679640380757443,0,0,0,0
1680679640382697249,0,0,0,0
1680679640384594179,0,0,0,0
1680679640386573614,0,0,0,0
1680679640388499864,0,0,0,0
1680679640390625959,0,0,0,0
1680679640392670058,0,0,0,0
1680679640394562776,0,0,0,0
1680679640396421099,0,0,0,0
1680679640398169981,0,0,0,0
1680679640400102782,0,0,0,0
1680679640401995729,0,0,0,0
1680679640403877215,0,0,0,0
1680679640405826326,0,0,0,0
1680679640407795553,0,0,0,0
1680679640409723943,0,0,0,0
1680679640411664797,0,0,0,0
1680679640413668788,0,0,0,0
1680679640415606058,0,0,0,0
1680679640417571379,0,0,0,0
1680679640419526127,0,0,0,0
1680679640421323517,0,0,0,0
1680679640423144924,0,0,0,0
1680679640424975989,0,0,0,0
1680679640426978901,0,0,0,0
1680679640428810027,0,0,0,0
1680679640430798589,0,0,0,0
1680679640432797204,0,0,0,0
1680679640434720768,0,0,0,0
1680679640436739504,0,0,0,0
1680679640438645707,0,0,0,0
1680679640440488606,0,0,0,0
1680679640442366347,0,0,0,0
1680679640444230179,0,0,0,0
1680679640446212133,0,0,0,0
1680679640448133179,0,0,0,0
1680679640450130854,0,0,0,0
1680679640452052020,0,0,0,0
1680679640454006660,0,0,0,0
1680679640455953061,0,0,0,0
1680679640457940686,0,0,0,0
1680679640459863874,0,0,0,0
1680679640461743796,0,0,0,0
1680679640463614012,0,0,0,0
1680679640465580699,0,0,0,0
1680679640467543516,0,0,0,0
1680679640469408293,0,0,0,0
1680679640471216856,0,0,0,0
1680679640473128946,0,0,0,0
1680679640475064377,0,0,0,0
1680679640477017599,0,0,0,0
1680679640478861245,0,0,0,0
1680679640480779464,0,0,0,0
1680679640482562914,0,0,0,0
1680679640484446680,0,0,0,0
1680679640486305542,0,0,0,0
1680679640488221225,0,0,0,0
1680679640490249852,0,0,0,0
1680679640492227486,0,0,0,0
1680679640494280549,0,0,0,0
1680679640496216583,0,0,0,0
1680679640498204838,0,0,0,0
1680679640500157172,0,0,0,0
1680679640502035242,0,0,0,0
1680679640503890229,0,0,0,0
1680679640505759073,0,0,0,0
1680679640507565797,0,0,0,0
1680679640509518532,0,0,0,0
1680679640511498003,0,0,0,0
1680679640513538521,0,0,0,0
1680679640515521660,0,0,0,0
1680679640517557214,0,0,0,0
1680679640519562879,0,0,0,0
1680679640521345579,0,0,0,0
1680679640523143153,0,0,0,0
1680679640524922509,0,0,0,0
1680679640526855209,0,0,0,0
1680679640528708244,0,0,0,0
1680679640530697538,0,0,0,0
1680679640532597904,0,0,0,0
1680679640534542619,0,0,0,0
1680679640536453322,0,0,0,0
1680679640538435262,0,0,0,0
1680679640540389247,0,0,0,0
1680679640542263301,0,0,0,0
1680679640544131631,0,0,0,0
1680679640546032624,0,0,0,0
1680679640547864133,0,0,0,0
1680679640549778948,0,0,0,0
1680679640551608940,0,0,0,0
1680679640553394838,0,0,0,0
1680679640555346196,0,0,0,0
1680679640557189724,0,0,0,0
1680679640559066703,0,0,0,0
1680679640560914415,0,0,0,0
1680679640562813115,0,0,0,0
1680679640564803844,0,0,0,0
1680679640566730914,0,0,0,0
1680679640568667217,0,0,0,0
1680679640570672120,0,0,0,0
1680679640572571246,0,0,0,0
1680679640574473393,0,0,0,0
1680679640576416839,0,0,0,0
1680679640578265317,0,0,0,0
1680679640580220892,0,0,0,0
1680679640582110042,0,0,0,0
1680679640584021428,0,0,0,0
1680679640586001211,0,0,0,0
1680679640587894299,0,0,0,0
1680679640589878395,0,0,0,0
1680679640591781480,0,0,0,0
1680679640593808608,0,0,0,0
1680679640595685805,0,0,0,0
1680679640597652290,0,0,0,0
1680679640599466167,0,0,0,0
1680679640601330362,0,0,0,0
1680679640603216191,0,0,0,0
1680679640605001151,0,0,0,0
1680679640606951197,0,0,0,0
1680679640608811269,0,0,0,0
1680679640610795783,0,0,0,0
1680679640612782837,0,0,0,0
1680679640614673738,0,0,0,0
1680679640616628395,0,0,0,0
1680679640618472378,0,0,0,0
1680679640620263925,0,0,0,0
1680679640622120623,0,0,0,0
1680679640623969654,0,0,0,0
1680679640625942759,0,0,0,0
1680679640627793240,0,0,0,0
1680679640629759148,0,0,0,0
1680679640631629693,0,0,0,0
1680679640633454005,0,0,0,0
1680679640635362283,0,0,0,0
1680679640637209710,0,0,0,0
1680679640639013068,0,0,0,0
1680679640640869858,0,0,0,0
1680679640642813803,0,0,0,0
1680679640644669363,0,0,0,0
1680679640646601717,0,0,0,0
1680679640648337311,0,0,0,0
1680679640650111222,0,0,0,0
1680679640651792685,0,0,0,0
1680679640653493568,0,0,0,0
1680679640655171094,0,0,0,0
1680679640656838751,0,0,0,0
1680679640658582473,0,0,0,0
1680679640660731910,0,0,0,0
1680679640662555914,0,0,0,0
1680679640664416026,0,0,0,0
1680679640666271259,0,0,0,0
1680679640668149305,0,0,0,0
1680679640670061448,0,0,0,0
1680679640672047062,0,0,0,0
1680679640674093236,0,0,0,0
1680679640676008231,0,0,0,0
1680679640677899434,0,0,0,0
1680679640679944454,0,0,0,0
1680679640681635612,0,0,0,0
1680679640683364136,0,0,0,0
1680679640685120145,0,0,0,0
1680679640686892874,0,0,0,0
1680679640688609675,0,0,0,0
1680679640690396427,0,0,0,0
1680679640692122956,0,0,0,0
1680679640693939770,0,0,0,0
1680679640695664659,0,0,0,0
1680679640697404314,0,0,0,0
1680679640699127026,0,0,0,0
1680679640700908107,0,0,0,0
1680679640702603972,0,0,0,0
1680679640704301939,0,0,0,0
1680679640706019273,0,0,0,0
1680679640707720076,0,0,0,0
1680679640709434594,0,0,0,0
1680679640711234514,0,0,0,0
1680679640712981551,0,0,0,0
1680679640714828435,0,0,0,0
1680679640716571741,0,0,0,0
1680679640718346409,0,0,0,0
1680679640720083576,0,0,0,0
1680679640721819369,0,0,0,0
1680679640723540794,0,0,0,0
1680679640725252739,0,0,0,0
1680679640726976883,0,0,0,0
1680679640728839504,0,0,0,0
1680679640730569532,0,0,0,0
1680679640732296770,0,0,0,0
1680679640734177777,0,0,0,0
1680679640736064694,0,0,0,0
1680679640738019483,0,0,0,0
1680679640739909146,0,0,0,0
1680679640741815992,0,0,0,0
1680679640743773215,0,0,0,0
1680679640745678762,0,0,0,0
1680679640748228876,0,0,0,0
1680679640750166237,0,0,0,0
1680679640752077832,0,0,0,0
1680679640754031723,0,0,0,0
1680679640755938612,0,0,0,0
1680679640757841833,0,0,0,0
1680679640759788876,0,0,0,0
1680679640761681999,0,0,0,0
1680679640763572981,0,0,0,0
1680679640765418216,0,0,0,0
1680679640767266296,0,0,0,0
1680679640769119844,0,0,0,0
1680679640770998974,0,0,0,0
1680679640772907563,0,0,0,0
1680679640774911693,0,0,0,0
1680679640776806141,0,0,0,0
1680679640779035694,0,0,0,0
1680679640780952864,0,0,0,0
1680679640782861855,0,0,0,0
1680679640784696878,0,0,0,0
1680679640786541720,0,0,0,0
1680679640788389626,0,0,0,0
1680679640790271396,0,0,0,0
1680679640792095775,0,0,0,0
1680679640794058184,0,0,0,0
1680679640795919518,0,0,0,0
1680679640797870677,0,0,0,0
1680679640869957824,0,0,0,0
1680679640941501701,0,0,0,0
1680679640943471035,0,0,0,0
1680679640945414434,0,0,0,0
1680679640947343858,0,0,0,0
1680679640949276359,0,0,0,0
1680679640951302330,0,0,0,0
1680679640952960128,0,0,0,0
1680679640954805270,0,0,0,0
1680679640956458488,0,0,0,0
1680679640958156670,0,0,0,0
1680679640959907225,0,0,0,0
1680679640961802148,0,0,0,0
1680679640963748653,0,0,0,0
1680679640965607021,0,0,0,0
1680679640967556800,0,0,0,0
1680679640969356906,0,0,0,0
1680679640971212838,0,0,0,0
1680679640973028044,0,0,0,0
1680679640975003792,0,0,0,0
1680679640976814131,0,0,0,0
1680679640978665692,0,0,0,0
1680679640980567822,0,0,0,0
1680679640982504695,0,0,0,0
1680679640984296579,0,0,0,0
1680679640986157427,0,0,0,0
1680679640988086703,0,0,0,0
1680679640989927669,0,0,0,0
1680679640991826536,0,0,0,0
1680679640993723793,0,0,0,0
1680679640995699339,0,0,0,0
1680679640997582735,0,0,0,0
1680679640999501200,0,0,0,0
1680679641001301584,0,0,0,0
1680679641003156079,0,0,0,0
1680679641005043996,0,0,0,0
1680679641006831718,0,0,0,0
1680679641008740777,0,0,0,0
1680679641010561549,0,0,0,0
1680679641012364969,0,0,0,0
1680679641014256083,0,0,0,0
1680679641016209337,0,0,0,0
1680679641018102604,0,0,0,0
1680679641020061194,0,0,0,0
1680679641021937736,0,0,0,0
1680679641023889513,0,0,0,0
1680679641025722019,0,0,0,0
1680679641027450780,0,0,0,0
1680679641029274721,0,0,0,0
1680679641031048707,0,0,0,0
1680679641032818065,0,0,0,0
1680679641034710528,0,0,0,0
1680679641036632169,0,0,0,0
1680679641038582432,0,0,0,0
1680679641040494147,0,0,0,0
1680679641042486377,0,0,0,0
1680679641044374509,0,0,0,0
1680679641046312634,0,0,0,0
1680679641048146624,0,0,0,0
1680679641050092766,0,0,0,0
1680679641051975636,0,0,0,0
1680679641053926327,0,0,0,0
1680679641055772121,0,0,0,0
1680679641057708243,0,0,0,0
1680679641059624633,0,0,0,0
1680679641061583487,0,0,0,0
1680679641063546500,0,0,0,0
1680679641065349794,0,0,0,0
1680679641067291318,0,0,0,0
1680679641069086466,0,0,0,0
1680679641071161697,0,0,0,0
1680679641072965925,0,0,0,0
1680679641074798938,0,0,0,0
1680679641076761810,0,0,0,0
1680679641078744991,0,0,0,0
1680679641080706432,0,0,0,0
1680679641082706849,0,0,0,0
1680679641084592761,0,0,0,0
1680679641086548040,0,0,0,0
1680679641088389638,0,0,0,0
1680679641090340525,0,0,0,0
1680679641092189119,0,0,0,0
1680679641094095501,0,0,0,0
1680679641095973248,0,0,0,0
1680679641097831302,0,0,0,0
1680679641099720085,0,0,0,0
1680679641101644819,0,0,0,0
1680679641103562449,0,0,0,0
1680679641105534348,0,0,0,0
1680679641107491567,0,0,0,0
1680679641109382992,0,0,0,0
1680679641111218894,0,0,0,0
1680679641113097320,0,0,0,0
1680679641115004170,0,0,0,0
1680679641116821221,0,0,0,0
1680679641118751924,0,0,0,0
1680679641120685642,0,0,0,0
1680679641122482136,0,0,0,0
1680679641124242486,0,0,0,0
1680679641126021341,0,0,0,0
1680679641127785146,0,0,0,0
1680679641129692336,0,0,0,0
1680679641131649516,0,0,0,0
1680679641133401937,0,0,0,0
1680679641135309871,0,0,0,0
1680679641137163389,0,0,0,0
1680679641139133178,0,0,0,0
1680679641140939192,0,0,0,0
1680679641142835428,0,0,0,0
1680679641144811835,0,0,0,0
1680679641146700236,0,0,0,0
1680679641148651231,0,0,0,0
1680679641150597670,0,0,0,0
1680679641152505072,0,0,0,0
1680679641154412851,0,0,0,0
1680679641156360430,0,0,0,0
1680679641158252409,0,0,0,0
1680679641160133158,0,0,0,0
1680679641162070924,0,0,0,0
1680679641164008259,0,0,0,0
1680679641165843880,0,0,0,0
1680679641167803568,0,0,0,0
1680679641169688220,0,0,0,0
1680679641171679359,0,0,0,0
1680679641173456942,0,0,0,0
1680679641175379039,0,0,0,0
1680679641177282327,0,0,0,0
1680679641179201025,0,0,0,0
1680679641181114685,0,0,0,0
1680679641182958210,0,0,0,0
1680679641184830224,0,0,0,0
1680679641186658806,0,0,0,0
1680679641188586623,0,0,0,0
1680679641190468091,0,0,0,0
1680679641192402646,0,0,0,0
1680679641194235736,0,0,0,0
1680679641196183722,0,0,0,0
1680679641198085316,0,0,0,0
1680679641200016894,0,0,0,0
1680679641201997137,0,0,0,0
1680679641203973408,0,0,0,0
1680679641205877106,0,0,0,0
1680679641207820020,0,0,0,0
1680679641209578633,0,0,0,0
1680679641211555627,0,0,0,0
1680679641213437527,0,0,0,0
1680679641215210814,0,0,0,0
1680679641216992864,0,0,0,0
1680679641218953834,0,0,0,0
1680679641220816550,0,0,0,0
1680679641222723957,0,0,0,0
1680679641224647853,0,0,0,0
1680679641226638730,0,0,0,0
1680679641228513231,0,0,0,0
1680679641230333382,0,0,0,0
1680679641232334669,0,0,0,0
1680679641234207675,0,0,0,0
1680679641236232491,0,0,0,0
1680679641238115361,0,0,0,0
1680679641240097315,0,0,0,0
1680679641241993427,0,0,0,0
1680679641243863321,0,0,0,0
1680679641245766123,0,0,0,0
1680679641247742615,0,0,0,0
1680679641249624701,0,0,0,0
1680679641251585693,0,0,0,0
1680679641253354984,0,0,0,0
1680679641255117627,0,0,0,0
1680679641256995057,0,0,0,0
1680679641259052304,0,0,0,0
1680679641261016834,0,0,0,0
1680679641262893420,0,0,0,0
1680679641264810867,0,0,0,0
1680679641266685611,0,0,0,0
1680679641268689563,0,0,0,0
1680679641270487376,0,0,0,0
1680679641272484883,0,0,0,0
1680679641274424838,0,0,0,0
1680679641276346629,0,0,0,0
1680679641278192071,0,0,0,0
1680679641280172163,0,0,0,0
1680679641282126361,0,0,0,0
1680679641284066361,0,0,0,0
1680679641285995441,0,0,0,0
1680679641287982224,0,0,0,0
1680679641289939201,0,0,0,0
1680679641291879142,0,0,0,0
1680679641293777341,0,0,0,0
1680679641295708110,0,0,0,0
1680679641297476912,0,0,0,0
1680679641299342254,0,0,0,0
1680679641301307381,0,0,0,0
1680679641303204351,0,0,0,0
1680679641305044704,0,0,0,0
1680679641306957296,0,0,0,0
1680679641308813302,0,0,0,0
1680679641310717620,0,0,0,0
1680679641312706359,0,0,0,0
1680679641314599263,0,0,0,0
1680679641316472209,0,0,0,0
1680679641318272623,0,0,0,0
1680679641320153556,0,0,0,0
1680679641322234411,0,0,0,0
1680679641324181949,0,0,0,0
1680679641326113522,0,0,0,0
1680679641328036968,0,0,0,0
1680679641330008893,0,0,0,0
1680679641331941307,0,0,0,0
1680679641333910278,0,0,0,0
1680679641335811734,0,0,0,0
1680679641337689443,0,0,0,0
1680679641339580347,0,0,0,0
1680679641341416386,0,0,0,0
1680679641343350299,0,0,0,0
1680679641345173563,0,0,0,0
1680679641347028610,0,0,0,0
1680679641348810543,0,0,0,0
1680679641350697442,0,0,0,0
1680679641352621612,0,0,0,0
1680679641354607104,0,0,0,0
1680679641356555277,0,0,0,0
1680679641358487997,0,0,0,0
1680679641360453982,0,0,0,0
1680679641362404061,0,0,0,0
1680679641364394399,0,0,0,0
1680679641366262503,0,0,0,0
1680679641368060523,0,0,0,0
1680679641369965815,0,0,0,0
1680679641371761720,0,0,0,0
1680679641373670928,0,0,0,0
1680679641375589414,0,0,0,0
1680679641377432353,0,0,0,0
1680679641379353601,0,0,0,0
1680679641381349064,0,0,0,0
1680679641383146905,0,0,0,0
1680679641385037492,0,0,0,0
1680679641386898586,0,0,0,0
1680679641388767509,0,0,0,0
1680679641390666259,0,0,0,0
1680679641392623353,0,0,0,0
1680679641394500957,0,0,0,0
1680679641396444649,0,0,0,0
1680679641398354068,0,0,0,0
1680679641400357129,0,0,0,0
1680679641402221385,0,0,0,0
1680679641404113580,0,0,0,0
1680679641406045307,0,0,0,0
1680679641407918025,0,0,0,0
1680679641409720314,0,0,0,0
1680679641411782157,0,0,0,0
1680679641413625032,0,0,0,0
1680679641415570862,0,0,0,0
1680679641417397932,0,0,0,0
1680679641419289702,0,0,0,0
1680679641421212479,0,0,0,0
1680679641423089183,0,0,0,0
1680679641424931284,0,0,0,0
1680679641426761007,0,0,0,0
1680679641428579181,0,0,0,0
1680679641430488250,0,0,0,0
1680679641432475106,0,0,0,0
1680679641434332436,0,0,0,0
1680679641436261239,0,0,0,0
1680679641438198414,0,0,0,0
1680679641440234917,0,0,0,0
1680679641442131402,0,0,0,0
1680679641444069617,0,0,0,0
1680679641446222490,0,0,0,0
1680679641448118278,0,0,0,0
1680679641450050530,0,0,0,0
1680679641451875201,0,0,0,0
1680679641453808142,0,0,0,0
1680679641455664732,0,0,0,0
1680679641457622070,0,0,0,0
1680679641459609019,0,0,0,0
1680679641461538591,0,0,0,0
1680679641463490827,0,0,0,0
1680679641465409416,0,0,0,0
1680679641467282102,0,0,0,0
1680679641469091966,0,0,0,0
1680679641471024173,0,0,0,0
1680679641472849346,0,0,0,0
1680679641474779985,0,0,0,0
1680679641476697230,0,0,0,0
1680679641478565788,0,0,0,0
1680679641480577663,0,0,0,0
1680679641482459021,0,0,0,0
1680679641484496639,0,0,0,0
1680679641486487406,0,0,0,0
1680679641488451501,0,0,0,0
1680679641490427111,0,0,0,0
1680679641492397882,0,0,0,0
1680679641494367052,0,0,0,0
1680679641496169302,0,0,0,0
1680679641497966473,0,0,0,0
1680679641499785394,0,0,0,0
1680679641501627985,0,0,0,0
1680679641503368311,0,0,0,0
1680679641505200861,0,0,0,0
1680679641506981791,0,0,0,0
1680679641508737299,0,0,0,0
1680679641510464157,0,0,0,0
1680679641512316705,0,0,0,0
1680679641514096402,0,0,0,0
1680679641515896728,0,0,0,0
1680679641517636970,0,0,0,0
1680679641519348420,0,0,0,0
1680679641521083899,0,0,0,0
1680679641522977691,0,0,0,0
1680679641524791934,0,0,0,0
1680679641526635220,0,0,0,0
1680679641528519959,0,0,0,0
1680679641530337923,0,0,0,0
1680679641532233399,0,0,0,0
1680679641534035141,0,0,0,0
1680679641535928595,0,0,0,0
1680679641537772595,0,0,0,0
1680679641539591088,0,0,0,0
1680679641541475174,0,0,0,0
1680679641543230484,0,0,0,0
1680679641545086682,0,0,0,0
1680679641546892266,0,0,0,0
1680679641548734802,0,0,0,0
1680679641550527343,0,0,0,0
1680679641552304298,0,0,0,0
1680679641554183784,0,0,0,0
1680679641555995590,0,0,0,0
1680679641557848384,0,0,0,0
1680679641559668779,0,0,0,0
1680679641561505675,0,0,0,0
1680679641563309499,0,0,0,0
1680679641565077932,0,0,0,0
1680679641566940795,0,0,0,0
1680679641568739461,0,0,0,0
1680679641570510351,0,0,0,0
1680679641572342196,0,0,0,0
1680679641574107435,0,0,0,0
1680679641575975443,0,0,0,0
1680679641577794827,0,0,0,0
1680679641579559537,0,0,0,0
1680679641581502863,0,0,0,0
1680679641583304875,0,0,0,0
1680679641585021487,0,0,0,0
1680679641586877117,0,0,0,0
1680679641588703555,0,0,0,0
1680679641590471733,0,0,0,0
1680679641592358203,0,0,0,0
1680679641594154645,0,0,0,0
1680679641595945057,0,0,0,0
1680679641597657190,0,0,0,0
1680679641599412989,0,0,0,0
1680679641601131357,0,0,0,0
1680679641602957488,0,0,0,0
1680679641604672202,0,0,0,0
1680679641606410095,0,0,0,0
1680679641608179023,0,0,0,0
1680679641610055674,0,0,0,0
1680679641611923569,0,0,0,0
1680679641613831071,0,0,0,0
1680679641615732906,0,0,0,0
1680679641617651804,0,0,0,0
1680679641619528054,0,0,0,0
1680679641621338616,0,0,0,0
1680679641623125880,0,0,0,0
1680679641624947804,0,0,0,0
1680679641626739109,0,0,0,0
1680679641628434836,0,0,0,0
1680679641630166509,0,0,0,0
1680679641631907242,0,0,0,0
1680679641633772734,0,0,0,0
1680679641635624669,0,0,0,0
1680679641637347933,0,0,0,0
1680679641639199624,0,0,0,0
1680679641641161727,0,0,0,0
1680679641643039497,0,0,0,0
1680679641644860707,0,0,0,0
1680679641646640865,0,0,0,0
1680679641648390626,0,0,0,0
1680679641650167376,0,0,0,0
1680679641652011070,0,0,0,0
1680679641653858397,0,0,0,0
1680679641655802537,0,0,0,0
1680679641657579020,0,0,0,0
1680679641659302293,0,0,0,0
1680679641661129145,0,0,0,0
1680679641663012200,0,0,0,0
1680679641664833786,0,0,0,0
1680679641666583167,0,0,0,0
1680679641668313053,0,0,0,0
1680679641670074584,0,0,0,0
1680679641671798337,0,0,0,0
1680679641673567010,0,0,0,0
1680679641675432347,0,0,0,0
1680679641677248793,0,0,0,0
1680679641679072079,0,0,0,0
1680679641680903999,0,0,0,0
1680679641682851470,0,0,0,0
1680679641684628941,0,0,0,0
1680679641686372433,0,0,0,0
1680679641688157628,0,0,0,0
1680679641689877161,0,0,0,0
1680679641691800248,0,0,0,0
1680679641693600010,0,0,0,0
1680679641695420521,0,0,0,0
1680679641697179800,0,0,0,0
1680679641698926237,0,0,0,0
1680679641700682369,0,0,0,0
1680679641702502937,0,0,0,0
1680679641704224525,0,0,0,0
1680679641706022483,0,0,0,0
1680679641707901808,0,0,0,0
1680679641709693415,0,0,0,0
1680679641711496933,0,0,0,0
1680679641713322803,0,0,0,0
1680679641715061161,0,0,0,0
1680679641716929095,0,0,0,0
1680679641718734593,0,0,0,0
1680679641720664918,0,0,0,0
1680679641722500929,0,0,0,0
1680679641724259650,0,0,0,0
1680679641726061102,0,0,0,0
1680679641727929662,0,0,0,0
1680679641729720676,0,0,0,0
1680679641731456681,0,0,0,0
1680679641733350630,0,0,0,0
1680679641735133184,0,0,0,0
1680679641737003286,0,0,0,0
1680679641738713351,0,0,0,0
1680679641740577592,0,0,0,0
1680679641742373232,0,0,0,0
1680679641744155990,0,0,0,0
1680679641745979672,0,0,0,0
1680679641747769326,0,0,0,0
1680679641749521744,0,0,0,0
1680679641751372722,0,0,0,0
1680679641753178825,0,0,0,0
1680679641754907382,0,0,0,0
1680679641756706588,0,0,0,0
1680679641758533154,0,0,0,0
1680679641760319212,0,0,0,0
1680679641762085918,0,0,0,0
1680679641763966888,0,0,0,0
1680679641765875094,0,0,0,0
1680679641767680564,0,0,0,0
1680679641769519303,0,0,0,0
1680679641771338488,0,0,0,0
1680679641773206827,0,0,0,0
1680679641775045681,0,0,0,0
1680679641776862862,0,0,0,0
1680679641778598481,0,0,0,0
1680679641780502296,0,0,0,0
1680679641782341571,0,0,0,0
1680679641784117132,0,0,0,0
1680679641785900037,0,0,0,0
1680679641787780682,0,0,0,0
1680679641789595990,0,0,0,0
1680679641791363488,0,0,0,0
1680679641793165122,0,0,0,0
1680679641794909764,0,0,0,0
1680679641796797117,0,0,0,0
1680679641798622524,0,0,0,0
1680679641800462826,0,0,0,0
1680679641802285670,0,0,0,0
1680679641804027374,0,0,0,0
1680679641805886076,0,0,0,0
1680679641807674808,0,0,0,0
1680679641809443848,0,0,0,0
1680679641811383702,0,0,0,0
1680679641813195893,0,0,0,0
1680679641814902986,0,0,0,0
1680679641816744293,0,0,0,0
1680679641818488114,0,0,0,0
1680679641820269784,0,0,0,0
1680679641822135316,0,0,0,0
1680679641823955404,0,0,0,0
1680679641825727770,0,0,0,0
1680679641827468708,0,0,0,0
1680679641829274690,0,0,0,0
1680679641831028755,0,0,0,0
1680679641832860385,0,0,0,0
1680679641834586585,0,0,0,0
1680679641836456090,0,0,0,0
1680679641838283140,0,0,0,0
1680679641840021752,0,0,0,0
1680679641841807968,0,0,0,0
1680679641843666222,0,0,0,0
1680679641845520953,0,0,0,0
1680679641847324106,0,0,0,0
1680679641849196605,0,0,0,0
1680679641851014793,0,0,0,0
1680679641852900880,0,0,0,0
1680679641854729105,0,0,0,0
1680679641856609721,0,0,0,0
1680679641858736333,0,0,0,0
1680679641860571850,0,0,0,0
1680679641862357868,0,0,0,0
1680679641864198837,0,0,0,0
1680679641866026076,0,0,0,0
1680679641867919578,0,0,0,0
1680679641869738308,0,0,0,0
1680679641871614047,0,0,0,0
1680679641873456857,0,0,0,0
1680679641875272607,0,0,0,0
1680679641877154206,0,0,0,0
1680679641878930539,0,0,0,0
1680679641880737518,0,0,0,0
1680679641882615596,0,0,0,0
1680679641884374490,0,0,0,0
1680679641886176143,0,0,0,0
1680679641888057891,0,0,0,0
1680679641889946764,0,0,0,0
1680679641891855736,0,0,0,0
1680679641893681873,0,0,0,0
1680679641895424953,0,0,0,0
1680679641897173521,0,0,0,0
1680679641898979040,0,0,0,0
1680679641900744252,0,0,0,0
1680679641902529126,0,0,0,0
1680679641904330504,0,0,0,0
1680679641906095657,0,0,0,0
1680679641907960372,0,0,0,0
1680679641909882379,0,0,0,0
1680679641911664939,0,0,0,0
1680679641913413010,0,0,0,0
1680679641915183460,0,0,0,0
1680679641916978547,0,0,0,0
1680679641918833499,0,0,0,0
1680679641920684458,0,0,0,0
1680679641922556651,0,0,0,0
1680679641924442359,0,0,0,0
1680679641926225787,0,0,0,0
1680679641927979159,0,0,0,0
1680679641929816201,0,0,0,0
1680679641931581716,0,0,0,0
1680679641933357961,0,0,0,0
1680679641935132011,0,0,0,0
1680679641936992793,0,0,0,0
1680679641938795795,0,0,0,0
1680679641940701540,0,0,0,0
1680679641942526728,0,0,0,0
1680679641944340966,0,0,0,0
1680679641946124921,0,0,0,0
1680679641947850061,0,0,0,0
1680679641949608693,0,0,0,0
1680679641951314777,0,0,0,0
1680679641953188703,0,0,0,0
1680679641954982854,0,0,0,0
1680679641956812044,0,0,0,0
1680679641958551761,0,0,0,0
1680679641960427450,0,0,0,0
1680679641962158303,0,0,0,0
1680679641963926491,0,0,0,0
1680679641965644682,0,0,0,0
1680679641967360244,0,0,0,0
1680679641969074431,0,0,0,0
1680679641970787062,0,0,0,0
1680679641972498645,0,0,0,0
1680679641974280051,0,0,0,0
1680679641976468309,0,0,0,0
1680679641978327997,0,0,0,0
1680679641980146198,0,0,0,0
1680679641982005370,0,0,0,0
1680679641983956296,0,0,0,0
1680679641985753352,0,0,0,0
1680679641987634909,0,0,0,0
1680679641989535033,0,0,0,0
1680679641991386010,0,0,0,0
1680679641993210901,0,0,0,0
1680679641995005801,0,0,0,0
1680679641996902838,0,0,0,0
1680679641998764386,0,0,0,0
1680679642000616392,0,0,0,0
1680679642002442149,0,0,0,0
1680679642004212044,0,0,0,0
1680679642006158342,0,0,0,0
1680679642007954679,0,0,0,0
1680679642009697706,0,0,0,0
1680679642011442460,0,0,0,0
1680679642013261883,0,0,0,0
1680679642014979133,0,0,0,0
1680679642016727967,0,0,0,0
1680679642018452687,0,0,0,0
1680679642020182303,0,0,0,0
1680679642021977938,0,0,0,0
1680679642023749384,0,0,0,0
1680679642025484913,0,0,0,0
1680679642027228967,0,0,0,0
1680679642028972028,0,0,0,0
1680679642030727673,0,0,0,0
1680679642032483023,0,0,0,0
1680679642034266177,0,0,0,0
1680679642036002119,0,0,0,0
1680679642037749167,0,0,0,0
1680679642039483960,0,0,0,0
1680679642041298693,0,0,0,0
1680679642043067559,0,0,0,0
1680679642044795306,0,0,0,0
1680679642046533372,0,0,0,0
1680679642048251129,0,0,0,0
1680679642049974950,0,0,0,0
1680679642051687121,0,0,0,0
1680679642053448840,0,0,0,0
1680679642055177740,0,0,0,0
1680679642056941014,0,0,0,0
1680679642058826746,0,0,0,0
1680679642060999351,0,0,0,0
1680679642063023760,0,0,0,0
1680679642064863663,0,0,0,0
1680679642066717205,0,0,0,0
1680679642068574863,0,0,0,0
1680679642070432137,0,0,0,0
1680679642072270298,0,0,0,0
1680679642074563261,0,0,0,0
1680679642076475008,0,0,0,0
1680679642078477217,0,0,0,0
1680679642080360784,0,0,0,0
1680679642082316477,0,0,0,0
1680679642084248049,0,0,0,0
1680679642086178700,0,0,0,0
1680679642088099227,0,0,0,0
1680679642090879310,0,0,0,0
1680679642092801531,0,0,0,0
1680679642094756115,0,0,0,0
1680679642096723853,0,0,0,0
1680679642098662755,0,0,0,0
1680679642100592397,0,0,0,0
1680679642102518156,0,0,0,0
1680679642104469610,0,0,0,0
1680679642107197168,0,0,0,0
1680679642109107111,0,0,0,0
1680679642111002049,0,0,0,0
1680679642112916841,0,0,0,0
1680679642114925507,0,0,0,0
1680679642116919514,0,0,0,0
1680679642118821939,0,0,0,0
1680679642120728056,0,0,0,0
1680679642123401556,0,0,0,0
1680679642125319987,0,0,0,0
1680679642127358839,0,0,0,0
1680679642196956532,0,0,0,0
1680679642269034546,0,0,0,0
1680679642271160648,0,0,0,0
1680679642273109441,0,0,0,0
1680679642275060686,0,0,0,0
1680679642277013727,0,0,0,0
1680679642278971456,0,0,0,0
1680679642280651319,0,0,0,0
1680679642282350952,0,0,0,0
1680679642284035742,0,0,0,0
1680679642285713836,0,0,0,0
1680679642287393698,0,0,0,0
1680679642289121244,0,0,0,0
1680679642290980450,0,0,0,0
1680679642292807925,0,0,0,0
1680679642294628054,0,0,0,0
1680679642296362733,0,0,0,0
1680679642298187798,0,0,0,0
1680679642300020940,0,0,0,0
1680679642301841335,0,0,0,0
1680679642303599012,0,0,0,0
1680679642305393838,0,0,0,0
1680679642307116253,0,0,0,0
1680679642308869400,0,0,0,0
1680679642310642956,0,0,0,0
1680679642312520712,0,0,0,0
1680679642314358637,0,0,0,0
1680679642316148358,0,0,0,0
1680679642318021796,0,0,0,0
1680679642319739792,0,0,0,0
1680679642321499752,0,0,0,0
1680679642323299548,0,0,0,0
1680679642325064392,0,0,0,0
1680679642326935074,0,0,0,0
1680679642328737527,0,0,0,0
1680679642330500611,0,0,0,0
1680679642332237118,0,0,0,0
1680679642334010344,0,0,0,0
1680679642335889949,0,0,0,0
1680679642337725817,0,0,0,0
1680679642339481041,0,0,0,0
1680679642341292087,0,0,0,0
1680679642343029989,0,0,0,0
1680679642344829054,0,0,0,0
1680679642346596899,0,0,0,0
1680679642348388845,0,0,0,0
1680679642350136512,0,0,0,0
1680679642351879524,0,0,0,0
1680679642353915172,0,0,0,0
1680679642355741295,0,0,0,0
1680679642357561211,0,0,0,0
1680679642359419979,0,0,0,0
1680679642361229997,0,0,0,0
1680679642363003895,0,0,0,0
1680679642364832729,0,0,0,0
1680679642366597507,0,0,0,0
1680679642368475489,0,0,0,0
1680679642370377531,0,0,0,0
1680679642372182739,0,0,0,0
1680679642374098278,0,0,0,0
1680679642375912678,0,0,0,0
1680679642377795504,0,0,0,0
1680679642379578006,0,0,0,0
1680679642381442837,0,0,0,0
1680679642383256586,0,0,0,0
1680679642384996507,0,0,0,0
1680679642386706068,0,0,0,0
1680679642388498788,0,0,0,0
1680679642390303690,0,0,0,0
1680679642392047271,0,0,0,0
1680679642393843237,0,0,0,0
1680679642395621599,0,0,0,0
1680679642397365583,0,0,0,0
1680679642399132400,0,0,0,0
1680679642400874137,0,0,0,0
1680679642402702603,0,0,0,0
1680679642404594578,0,0,0,0
1680679642406363384,0,0,0,0
1680679642408222854,0,0,0,0
1680679642410057212,0,0,0,0
1680679642411853409,0,0,0,0
1680679642413682683,0,0,0,0
1680679642415488370,0,0,0,0
1680679642417220612,0,0,0,0
1680679642418993357,0,0,0,0
1680679642420740272,0,0,0,0
1680679642422577134,0,0,0,0
1680679642424419195,0,0,0,0
1680679642426306958,0,0,0,0
1680679642428111086,0,0,0,0
1680679642429870591,0,0,0,0
1680679642431603188,0,0,0,0
1680679642433390290,0,0,0,0
1680679642435191020,0,0,0,0
1680679642437024950,0,0,0,0
1680679642438884100,0,0,0,0
1680679642440641642,0,0,0,0
1680679642442504340,0,0,0,0
1680679642444366618,0,0,0,0
1680679642446487009,0,0,0,0
1680679642448293938,0,0,0,0
1680679642450004871,0,0,0,0
1680679642451779732,0,0,0,0
1680679642453484763,0,0,0,0
1680679642455370583,0,0,0,0
1680679642457166553,0,0,0,0
1680679642458981687,0,0,0,0
1680679642460730406,0,0,0,0
1680679642462561361,0,0,0,0
1680679642464535102,0,0,0,0
1680679642466335915,0,0,0,0
1680679642468203401,0,0,0,0
1680679642470027767,0,0,0,0
1680679642471795453,0,0,0,0
1680679642473684343,0,0,0,0
1680679642475507534,0,0,0,0
1680679642477288208,0,0,0,0
1680679642479062108,0,0,0,0
1680679642480901188,0,0,0,0
1680679642482749997,0,0,0,0
1680679642484537700,0,0,0,0
1680679642486493855,0,0,0,0
1680679642488322109,0,0,0,0
1680679642490119863,0,0,0,0
1680679642491884529,0,0,0,0
1680679642493753247,0,0,0,0
1680679642495579297,0,0,0,0
1680679642497352159,0,0,0,0
1680679642499102908,0,0,0,0
1680679642500827539,0,0,0,0
1680679642502658485,0,0,0,0
1680679642504505879,0,0,0,0
1680679642506301645,0,0,0,0
1680679642508098695,0,0,0,0
1680679642509864541,0,0,0,0
1680679642511742767,0,0,0,0
1680679642513541489,0,0,0,0
1680679642515348369,0,0,0,0
1680679642517217154,0,0,0,0
1680679642519064551,0,0,0,0
1680679642520866068,0,0,0,0
1680679642522641616,0,0,0,0
1680679642524375894,0,0,0,0
1680679642526146045,0,0,0,0
1680679642528004899,0,0,0,0
1680679642529846207,0,0,0,0
1680679642531635677,0,0,0,0
1680679642533403079,0,0,0,0
1680679642535318465,0,0,0,0
1680679642537067104,0,0,0,0
1680679642538802294,0,0,0,0
1680679642540514581,0,0,0,0
1680679642542291509,0,0,0,0
1680679642544095775,0,0,0,0
1680679642545969441,0,0,0,0
1680679642547811720,0,0,0,0
1680679642549579593,0,0,0,0
1680679642551441415,0,0,0,0
1680679642553279854,0,0,0,0
1680679642555114222,0,0,0,0
1680679642556887946,0,0,0,0
1680679642558690403,0,0,0,0
1680679642560613066,0,0,0,0
1680679642562490408,0,0,0,0
1680679642564428771,0,0,0,0
1680679642566202357,0,0,0,0
1680679642567981487,0,0,0,0
1680679642569710291,0,0,0,0
1680679642571433626,0,0,0,0
1680679642573272376,0,0,0,0
1680679642575162623,0,0,0,0
1680679642576918053,0,0,0,0
1680679642578677345,0,0,0,0
1680679642580412620,0,0,0,0
1680679642582196452,0,0,0,0
1680679642584044208,0,0,0,0
1680679642585880574,0,0,0,0
1680679642587654820,0,0,0,0
1680679642589438846,0,0,0,0
1680679642591247862,0,0,0,0
1680679642593017660,0,0,0,0
1680679642594730179,0,0,0,0
1680679642596448046,0,0,0,0
1680679642598251692,0,0,0,0
1680679642600032345,0,0,0,0
1680679642601946064,0,0,0,0
1680679642603722479,0,0,0,0
1680679642605528588,0,0,0,0
1680679642607283204,0,0,0,0
1680679642609039551,0,0,0,0
1680679642610876086,0,0,0,0
1680679642612703512,0,0,0,0
1680679642614652781,0,0,0,0
1680679642616365449,0,0,0,0
1680679642618149266,0,0,0,0
1680679642619949365,0,0,0,0
1680679642621698684,0,0,0,0
1680679642623454623,0,0,0,0
1680679642625299811,0,0,0,0
1680679642627058232,0,0,0,0
1680679642628836674,0,0,0,0
1680679642630574752,0,0,0,0
1680679642632298340,0,0,0,0
1680679642634056065,0,0,0,0
1680679642635892985,0,0,0,0
1680679642637717736,0,0,0,0
1680679642639534618,0,0,0,0
1680679642641424444,0,0,0,0
1680679642643245989,0,0,0,0
1680679642645111635,0,0,0,0
1680679642646963528,0,0,0,0
1680679642648737293,0,0,0,0
1680679642650503233,0,0,0,0
1680679642652243468,0,0,0,0
1680679642654129682,0,0,0,0
1680679642655942520,0,0,0,0
1680679642657712150,0,0,0,0
1680679642659496025,0,0,0,0
1680679642661287818,0,0,0,0
1680679642663099140,0,0,0,0
1680679642664897410,0,0,0,0
1680679642666761784,0,0,0,0
1680679642668556540,0,0,0,0
1680679642670373105,0,0,0,0
1680679642672130087,0,0,0,0
1680679642673898347,0,0,0,0
1680679642675695198,0,0,0,0
1680679642677512230,0,0,0,0
1680679642679299059,0,0,0,0
1680679642681038504,0,0,0,0
1680679642682858438,0,0,0,0
1680679642684613460,0,0,0,0
1680679642686341258,0,0,0,0
1680679642688084148,0,0,0,0
1680679642689934145,0,0,0,0
1680679642691741852,0,0,0,0
1680679642693484504,0,0,0,0
1680679642695276703,0,0,0,0
1680679642697041616,0,0,0,0
1680679642698964720,0,0,0,0
1680679642700737057,0,0,0,0
1680679642702557563,0,0,0,0
1680679642704352486,0,0,0,0
1680679642706200868,0,0,0,0
1680679642708001641,0,0,0,0
1680679642709806824,0,0,0,0
1680679642711696522,0,0,0,0
1680679642713496416,0,0,0,0
1680679642715280552,0,0,0,0
1680679642717002642,0,0,0,0
1680679642718783400,0,0,0,0
1680679642720505523,0,0,0,0
1680679642722281107,0,0,0,0
1680679642724001291,0,0,0,0
1680679642725865790,0,0,0,0
1680679642727747091,0,0,0,0
1680679642729562186,0,0,0,0
1680679642731413076,0,0,0,0
1680679642733189790,0,0,0,0
1680679642735001495,0,0,0,0
1680679642736804694,0,0,0,0
1680679642738584276,0,0,0,0
1680679642740379149,0,0,0,0
1680679642742159759,0,0,0,0
1680679642743922094,0,0,0,0
1680679642745824313,0,0,0,0
1680679642747606894,0,0,0,0
1680679642749366790,0,0,0,0
1680679642751218935,0,0,0,0
1680679642753036882,0,0,0,0
1680679642754793362,0,0,0,0
1680679642756606460,0,0,0,0
1680679642758396454,0,0,0,0
1680679642760256901,0,0,0,0
1680679642762082987,0,0,0,0
1680679642763865888,0,0,0,0
1680679642765673226,0,0,0,0
1680679642767402696,0,0,0,0
1680679642769273331,0,0,0,0
1680679642771068402,0,0,0,0
1680679642772810681,0,0,0,0
1680679642774538896,0,0,0,0
1680679642776381128,0,0,0,0
1680679642778157912,0,0,0,0
1680679642779950060,0,0,0,0
1680679642781824093,0,0,0,0
1680679642783673865,0,0,0,0
1680679642785524063,0,0,0,0
1680679642787254942,0,0,0,0
1680679642789023602,0,0,0,0
1680679642790878496,0,0,0,0
1680679642792700748,0,0,0,0
1680679642794495015,0,0,0,0
1680679642796304947,0,0,0,0
1680679642798080511,0,0,0,0
1680679642799873132,0,0,0,0
1680679642801631739,0,0,0,0
1680679642803508029,0,0,0,0
1680679642805327983,0,0,0,0
1680679642807126363,0,0,0,0
1680679642808927667,0,0,0,0
1680679642810676475,0,0,0,0
1680679642812397688,0,0,0,0
1680679642814158351,0,0,0,0
1680679642815907262,0,0,0,0
1680679642817675508,0,0,0,0
1680679642819480446,0,0,0,0
1680679642821318380,0,0,0,0
1680679642823182094,0,0,0,0
1680679642824968888,0,0,0,0
1680679642826764866,0,0,0,0
1680679642828531367,0,0,0,0
1680679642830416361,0,0,0,0
1680679642832197154,0,0,0,0
1680679642833996558,0,0,0,0
1680679642835926599,0,0,0,0
1680679642837696507,0,0,0,0
1680679642839557129,0,0,0,0
1680679642841361311,0,0,0,0
1680679642843132697,0,0,0,0
1680679642844916065,0,0,0,0
1680679642846640769,0,0,0,0
1680679642848496490,0,0,0,0
1680679642850287385,0,0,0,0
1680679642852006849,0,0,0,0
1680679642853799484,0,0,0,0
1680679642855752111,0,0,0,0
1680679642857530657,0,0,0,0
1680679642859345039,0,0,0,0
1680679642861176609,0,0,0,0
1680679642863003146,0,0,0,0
1680679642864740513,0,0,0,0
1680679642866502534,0,0,0,0
1680679642868354033,0,0,0,0
1680679642870167551,0,0,0,0
1680679642872017485,0,0,0,0
1680679642873876071,0,0,0,0
1680679642875768074,0,0,0,0
1680679642877519612,0,0,0,0
1680679642879271681,0,0,0,0
1680679642880970503,0,0,0,0
1680679642882715357,0,0,0,0
1680679642884509770,0,0,0,0
1680679642886283501,0,0,0,0
1680679642888032084,0,0,0,0
1680679642889877448,0,0,0,0
1680679642891823359,0,0,0,0
1680679642893637281,0,0,0,0
1680679642895499658,0,0,0,0
1680679642897331946,0,0,0,0
1680679642899163790,0,0,0,0
1680679642900887988,0,0,0,0
1680679642902571247,0,0,0,0
1680679642904444650,0,0,0,0
1680679642906267707,0,0,0,0
1680679642908023058,0,0,0,0
1680679642909808191,0,0,0,0
1680679642911565333,0,0,0,0
1680679642913415359,0,0,0,0
1680679642915262377,0,0,0,0
1680679642917018643,0,0,0,0
1680679642918890985,0,0,0,0
1680679642920737024,0,0,0,0
1680679642922538334,0,0,0,0
1680679642924330964,0,0,0,0
1680679642926268314,0,0,0,0
1680679642928068468,0,0,0,0
1680679642929954895,0,0,0,0
1680679642931868397,0,0,0,0
1680679642933644915,0,0,0,0
1680679642935463909,0,0,0,0
1680679642937288135,0,0,0,0
1680679642939069428,0,0,0,0
1680679642940785243,0,0,0,0
1680679642942536260,0,0,0,0
1680679642944385701,0,0,0,0
1680679642946212761,0,0,0,0
1680679642947975687,0,0,0,0
1680679642949831341,0,0,0,0
1680679642951664611,0,0,0,0
1680679642953426489,0,0,0,0
1680679642955148790,0,0,0,0
1680679642956890292,0,0,0,0
1680679642958741882,0,0,0,0
1680679642960523288,0,0,0,0
1680679642962347507,0,0,0,0
1680679642964189713,0,0,0,0
1680679642965983047,0,0,0,0
1680679642967734414,0,0,0,0
1680679642969455044,0,0,0,0
1680679642971297458,0,0,0,0
1680679642973098417,0,0,0,0
1680679642974895303,0,0,0,0
1680679642976662770,0,0,0,0
1680679642978434882,0,0,0,0
1680679642980342050,0,0,0,0
1680679642982111416,0,0,0,0
1680679642983991246,0,0,0,0
1680679642985968174,0,0,0,0
1680679642987785964,0,0,0,0
1680679642989544390,0,0,0,0
1680679642991326565,0,0,0,0
1680679642993089471,0,0,0,0
1680679642994818689,0,0,0,0
1680679642996607893,0,0,0,0
1680679642998399461,0,0,0,0
1680679643000319722,0,0,0,0
1680679643002120331,0,0,0,0
1680679643004006509,0,0,0,0
1680679643005838208,0,0,0,0
1680679643007671186,0,0,0,0
1680679643009428807,0,0,0,0
1680679643011184063,0,0,0,0
1680679643012900659,0,0,0,0
1680679643014643754,0,0,0,0
1680679643016515836,0,0,0,0
1680679643018309997,0,0,0,0
1680679643020173403,0,0,0,0
1680679643021959345,0,0,0,0
1680679643023758611,0,0,0,0
1680679643025546057,0,0,0,0
1680679643027375187,0,0,0,0
1680679643029137229,0,0,0,0
1680679643030928524,0,0,0,0
1680679643032671717,0,0,0,0
1680679643034482639,0,0,0,0
1680679643036248382,0,0,0,0
1680679643037981115,0,0,0,0
1680679643039795934,0,0,0,0
1680679643041631404,0,0,0,0
1680679643043471597,0,0,0,0
1680679643045327784,0,0,0,0
1680679643047099782,0,0,0,0
1680679643048968439,0,0,0,0
1680679643050686249,0,0,0,0
1680679643052502436,0,0,0,0
1680679643054325984,0,0,0,0
1680679643056051715,0,0,0,0
1680679643057862889,0,0,0,0
1680679643059798154,0,0,0,0
1680679643061605178,0,0,0,0
1680679643063440328,0,0,0,0
1680679643065343742,0,0,0,0
1680679643067141745,0,0,0,0
1680679643068910806,0,0,0,0
1680679643070628307,0,0,0,0
1680679643072319448,0,0,0,0
1680679643074053644,0,0,0,0
1680679643075760381,0,0,0,0
1680679643077506666,0,0,0,0
1680679643079269589,0,0,0,0
1680679643081153647,0,0,0,0
1680679643082971305,0,0,0,0
1680679643084738687,0,0,0,0
1680679643086592847,0,0,0,0
1680679643088332291,0,0,0,0
1680679643090188277,0,0,0,0
1680679643091990533,0,0,0,0
1680679643093881558,0,0,0,0
1680679643095748844,0,0,0,0
1680679643097531759,0,0,0,0
1680679643099267447,0,0,0,0
1680679643101074505,0,0,0,0
1680679643102780944,0,0,0,0
1680679643104539701,0,0,0,0
1680679643106420055,0,0,0,0
1680679643108180348,0,0,0,0
1680679643109953455,0,0,0,0
1680679643111810125,0,0,0,0
1680679643113670206,0,0,0,0
1680679643115570812,0,0,0,0
1680679643117342267,0,0,0,0
1680679643119079469,0,0,0,0
1680679643120909995,0,0,0,0
1680679643122662336,0,0,0,0
1680679643124409107,0,0,0,0
1680679643126208953,0,0,0,0
1680679643128165488,0,0,0,0
1680679643130069741,0,0,0,0
1680679643131884881,0,0,0,0
1680679643133720342,0,0,0,0
1680679643135498819,0,0,0,0
1680679643137373411,0,0,0,0
1680679643139203859,0,0,0,0
1680679643140982544,0,0,0,0
1680679643142703572,0,0,0,0
1680679643144544182,0,0,0,0
1680679643146380644,0,0,0,0
1680679643148215130,0,0,0,0
1680679643150067685,0,0,0,0
1680679643151984112,0,0,0,0
1680679643153826405,0,0,0,0
1680679643155586363,0,0,0,0
1680679643157296825,0,0,0,0
1680679643159041147,0,0,0,0
1680679643160906205,0,0,0,0
1680679643162736388,0,0,0,0
1680679643164582216,0,0,0,0
1680679643166485660,0,0,0,0
1680679643168271141,0,0,0,0
1680679643170150136,0,0,0,0
1680679643172059222,0,0,0,0
1680679643173883780,0,0,0,0
1680679643175722900,0,0,0,0
1680679643177499413,0,0,0,0
1680679643179345667,0,0,0,0
1680679643181089960,0,0,0,0
1680679643182940719,0,0,0,0
1680679643184813322,0,0,0,0
1680679643186594231,0,0,0,0
1680679643188447936,0,0,0,0
1680679643190232700,0,0,0,0
1680679643192008427,0,0,0,0
1680679643193809331,0,0,0,0
1680679643195556758,0,0,0,0
1680679643197276559,0,0,0,0
1680679643199045840,0,0,0,0
1680679643200744496,0,0,0,0
1680679643202553244,0,0,0,0
1680679643204379918,0,0,0,0
1680679643206135349,0,0,0,0
1680679643207979006,0,0,0,0
1680679643209795009,0,0,0,0
1680679643211522874,0,0,0,0
1680679643213276593,0,0,0,0
1680679643215061390,0,0,0,0
1680679643216901910,0,0,0,0
1680679643218726278,0,0,0,0
1680679643220552296,0,0,0,0
1680679643222416207,0,0,0,0
1680679643224257944,0,0,0,0
1680679643226083987,0,0,0,0
1680679643227851353,0,0,0,0
1680679643229573793,0,0,0,0
1680679643231428801,0,0,0,0
1680679643233218625,0,0,0,0
1680679643234990920,0,0,0,0
1680679643236904203,0,0,0,0
1680679643238616416,0,0,0,0
1680679643240360802,0,0,0,0
1680679643242199057,0,0,0,0
1680679643244108643,0,0,0,0
1680679643245995326,0,0,0,0
1680679643247812774,0,0,0,0
1680679643249586769,0,0,0,0
1680679643251314243,0,0,0,0
1680679643253181511,0,0,0,0
1680679643254984597,0,0,0,0
1680679643256856869,0,0,0,0
1680679643258731479,0,0,0,0
1680679643260768937,0,0,0,0
1680679643262632676,0,0,0,0
1680679643264700304,0,0,0,0
1680679643266726526,0,0,0,0
1680679643268599041,0,0,0,0
1680679643270549771,0,0,0,0
1680679643272423634,0,0,0,0
1680679643274345564,0,0,0,0
1680679643276292802,0,0,0,0
1680679643278284565,0,0,0,0
1680679643280259728,0,0,0,0
1680679643282263550,0,0,0,0
1680679643284146784,0,0,0,0
1680679643286079750,0,0,0,0
1680679643287876167,0,0,0,0
1680679643289830208,0,0,0,0
1680679643291677572,0,0,0,0
1680679643293508675,0,0,0,0
1680679643295472938,0,0,0,0
1680679643297383657,0,0,0,0
1680679643299157927,0,0,0,0
1680679643301066189,0,0,0,0
1680679643303141901,0,0,0,0
1680679643305168967,0,0,0,0
1680679643307091001,0,0,0,0
1680679643308936096,0,0,0,0
1680679643311053226,0,0,0,0
1680679643312975060,0,0,0,0
1680679643314911843,0,0,0,0
1680679643316856257,0,0,0,0
1680679643318929418,0,0,0,0
1680679643320844898,0,0,0,0
1680679643322682116,0,0,0,0
1680679643324787089,0,0,0,0
1680679643326913077,0,0,0,0
1680679643328737091,0,0,0,0
1680679643330659832,0,0,0,0
1680679643332493216,0,0,0,0
1680679643334293512,0,0,0,0
1680679643336209242,0,0,0,0
1680679643338079847,0,0,0,0
1680679643339965866,0,0,0,0
1680679643341848410,0,0,0,0
1680679643343783138,0,0,0,0
1680679643345676091,0,0,0,0
1680679643347627205,0,0,0,0
1680679643349545206,0,0,0,0
1680679643351342197,0,0,0,0
1680679643353139295,0,0,0,0
1680679643354882146,0,0,0,0
1680679643356707295,0,0,0,0
1680679643358624988,0,0,0,0
1680679643360599428,0,0,0,0
1680679643362477962,0,0,0,0
1680679643364378312,0,0,0,0
1680679643366279374,0,0,0,0
1680679643368214553,0,0,0,0
1680679643370068223,0,0,0,0
1680679643371975916,0,0,0,0
1680679643373845799,0,0,0,0
1680679643375641630,0,0,0,0
1680679643377541962,0,0,0,0
1680679643379395928,0,0,0,0
1680679643381397266,0,0,0,0
1680679643383205855,0,0,0,0
1680679643385137462,0,0,0,0
1680679643387105930,0,0,0,0
1680679643388994578,0,0,0,0
1680679643391034881,0,0,0,0
1680679643393001963,0,0,0,0
1680679643394895263,0,0,0,0
1680679643396823876,0,0,0,0
1680679643398718697,0,0,0,0
1680679643400690876,0,0,0,0
1680679643402639793,0,0,0,0
1680679643404852838,0,0,0,0
1680679643406816187,0,0,0,0
1680679643408727999,0,0,0,0
1680679643410642081,0,0,0,0
1680679643412575389,0,0,0,0
1680679643414518776,0,0,0,0
1680679643416574004,0,0,0,0
1680679643418478338,0,0,0,0
1680679643420540313,0,0,0,0
1680679643422430353,0,0,0,0
1680679643424374668,0,0,0,0
1680679643426357239,0,0,0,0
1680679643428261045,0,0,0,0
1680679643430174537,0,0,0,0
1680679643432096898,0,0,0,0
1680679643434043135,0,0,0,0
1680679643435966722,0,0,0,0
1680679643438807824,0,0,0,0
1680679643440861582,0,0,0,0
1680679643442859205,0,0,0,0
1680679643444886751,0,0,0,0
1680679643447224205,0,0,0,0
1680679643449204147,0,0,0,0
1680679643451141705,0,0,0,0
1680679643453071404,0,0,0,0
1680679643455909318,0,0,0,0
1680679643457985944,0,0,0,0
1680679643460105129,0,0,0,0
1680679643533232287,0,0,0,0
1680679643605737502,0,0,0,0
1680679643607831701,0,0,0,0
1680679643609801603,0,0,0,0
1680679643611758182,0,0,0,0
1680679643613711749,0,0,0,0
1680679643615714073,0,0,0,0
1680679643617668998,0,0,0,0
1680679643619418617,0,0,0,0
1680679643621168898,0,0,0,0
1680679643622989759,0,0,0,0
1680679643624815330,0,0,0,0
1680679643626740532,0,0,0,0
1680679643628731650,0,0,0,0
1680679643630627241,0,0,0,0
1680679643632571572,0,0,0,0
1680679643634558417,0,0,0,0
1680679643636482645,0,0,0,0
1680679643638277766,0,0,0,0
1680679643640115157,0,0,0,0
1680679643642089817,0,0,0,0
1680679643643943745,0,0,0,0
1680679643645888880,0,0,0,0
1680679643647923027,0,0,0,0
1680679643649842643,0,0,0,0
1680679643651823960,0,0,0,0
1680679643653736682,0,0,0,0
1680679643655673353,0,0,0,0
1680679643657529803,0,0,0,0
1680679643659440977,0,0,0,0
1680679643661265511,0,0,0,0
1680679643663096713,0,0,0,0
1680679643664882285,0,0,0,0
1680679643666633828,0,0,0,0
1680679643668441072,0,0,0,0
1680679643670270604,0,0,0,0
1680679643672184550,0,0,0,0
1680679643674086690,0,0,0,0
1680679643676075377,0,0,0,0
1680679643677955242,0,0,0,0
1680679643679718835,0,0,0,0
1680679643681607376,0,0,0,0
1680679643683584942,0,0,0,0
1680679643685419888,0,0,0,0
1680679643687360722,0,0,0,0
1680679643689230536,0,0,0,0
1680679643691181366,0,0,0,0
1680679643693023685,0,0,0,0
1680679643694999136,0,0,0,0
1680679643696883582,0,0,0,0
1680679643698868451,0,0,0,0
1680679643700755405,0,0,0,0
1680679643702653972,0,0,0,0
1680679643704583591,0,0,0,0
1680679643706464224,0,0,0,0
1680679643708461005,0,0,0,0
1680679643710388157,0,0,0,0
1680679643712296926,0,0,0,0
1680679643714256288,0,0,0,0
1680679643716175738,0,0,0,0
1680679643718270329,0,0,0,0
1680679643720146072,0,0,0,0
1680679643722135572,0,0,0,0
1680679643723950824,0,0,0,0
1680679643725933279,0,0,0,0
1680679643727857805,0,0,0,0
1680679643729685322,0,0,0,0
1680679643731651231,0,0,0,0
1680679643733525042,0,0,0,0
1680679643735508831,0,0,0,0
1680679643737369540,0,0,0,0
1680679643739183855,0,0,0,0
1680679643741148885,0,0,0,0
1680679643742923044,0,0,0,0
1680679643745092713,0,0,0,0
1680679643746927689,0,0,0,0
1680679643748808800,0,0,0,0
1680679643750687687,0,0,0,0
1680679643752549585,0,0,0,0
1680679643754518232,0,0,0,0
1680679643756450251,0,0,0,0
1680679643758496327,0,0,0,0
1680679643760385726,0,0,0,0
1680679643762410664,0,0,0,0
1680679643764306631,0,0,0,0
1680679643766305750,0,0,0,0
1680679643768211744,0,0,0,0
1680679643770104346,0,0,0,0
1680679643772049863,0,0,0,0
1680679643774047644,0,0,0,0
1680679643775961050,0,0,0,0
1680679643777902843,0,0,0,0
1680679643779877604,0,0,0,0
1680679643781757434,0,0,0,0
1680679643783694424,0,0,0,0
1680679643785549205,0,0,0,0
1680679643787371829,0,0,0,0
1680679643789266301,0,0,0,0
1680679643791103101,0,0,0,0
1680679643793013887,0,0,0,0
1680679643794932401,0,0,0,0
1680679643796812235,0,0,0,0
1680679643798701098,0,0,0,0
1680679643800576780,0,0,0,0
1680679643802434326,0,0,0,0
1680679643804344551,0,0,0,0
1680679643806383572,0,0,0,0
1680679643808298310,0,0,0,0
1680679643810244585,0,0,0,0
1680679643812203812,0,0,0,0
1680679643814109684,0,0,0,0
1680679643816077153,0,0,0,0
1680679643817959518,0,0,0,0
1680679643819886149,0,0,0,0
1680679643821802595,0,0,0,0
1680679643823768618,0,0,0,0
1680679643825640724,0,0,0,0
1680679643827597628,0,0,0,0
1680679643829379213,0,0,0,0
1680679643831198374,0,0,0,0
1680679643833111750,0,0,0,0
1680679643834931515,0,0,0,0
1680679643836861729,0,0,0,0
1680679643838772219,0,0,0,0
1680679643840649867,0,0,0,0
1680679643842612853,0,0,0,0
1680679643844488443,0,0,0,0
1680679643846443696,0,0,0,0
1680679643848358640,0,0,0,0
1680679643850294404,0,0,0,0
1680679643852184220,0,0,0,0
1680679643854135917,0,0,0,0
1680679643856075478,0,0,0,0
1680679643858030396,0,0,0,0
1680679643859927611,0,0,0,0
1680679643861894005,0,0,0,0
1680679643863842589,0,0,0,0
1680679643865716830,0,0,0,0
1680679643867702843,0,0,0,0
1680679643869594031,0,0,0,0
1680679643871540793,0,0,0,0
1680679643873350803,0,0,0,0
1680679643875218248,0,0,0,0
1680679643877081774,0,0,0,0
1680679643879000318,0,0,0,0
1680679643880842615,0,0,0,0
1680679643882640810,0,0,0,0
1680679643884468260,0,0,0,0
1680679643886453518,0,0,0,0
1680679643888470853,0,0,0,0
1680679643890416352,0,0,0,0
1680679643892341750,0,0,0,0
1680679643894319013,0,0,0,0
1680679643896183283,0,0,0,0
1680679643898119150,0,0,0,0
1680679643900049412,0,0,0,0
1680679643901973946,0,0,0,0
1680679643903972513,0,0,0,0
1680679643905954058,0,0,0,0
1680679643907907231,0,0,0,0
1680679643909833009,0,0,0,0
1680679643911822464,0,0,0,0
1680679643913748970,0,0,0,0
1680679643915712803,0,0,0,0
1680679643917626469,0,0,0,0
1680679643919564217,0,0,0,0
1680679643921353461,0,0,0,0
1680679643923138149,0,0,0,0
1680679643924992053,0,0,0,0
1680679643926969630,0,0,0,0
1680679643928809796,0,0,0,0
1680679643930793795,0,0,0,0
1680679643932711289,0,0,0,0
1680679643934605566,0,0,0,0
1680679643936420445,0,0,0,0
1680679643938485824,0,0,0,0
1680679643940350199,0,0,0,0
1680679643942347233,0,0,0,0
1680679643944398328,0,0,0,0
1680679643946299865,0,0,0,0
1680679643948274573,0,0,0,0
1680679643950152595,0,0,0,0
1680679643952095010,0,0,0,0
1680679643954123976,0,0,0,0
1680679643956000791,0,0,0,0
1680679643957980037,0,0,0,0
1680679643959808768,0,0,0,0
1680679643961799637,0,0,0,0
1680679643963704481,0,0,0,0
1680679643965635799,0,0,0,0
1680679643967600094,0,0,0,0
1680679643969491472,0,0,0,0
1680679643971324922,0,0,0,0
1680679643973166922,0,0,0,0
1680679643975004950,0,0,0,0
1680679643976943756,0,0,0,0
1680679643978919567,0,0,0,0
1680679643980804649,0,0,0,0
1680679643982701700,0,0,0,0
1680679643984598033,0,0,0,0
1680679643986369008,0,0,0,0
1680679643988261191,0,0,0,0
1680679643990209019,0,0,0,0
1680679643992165291,0,0,0,0
1680679643994085124,0,0,0,0
1680679643996081451,0,0,0,0
1680679643998048615,0,0,0,0
1680679643999981162,0,0,0,0
1680679644001860800,0,0,0,0
1680679644003750262,0,0,0,0
1680679644005721697,0,0,0,0
1680679644007697528,0,0,0,0
1680679644009603458,0,0,0,0
1680679644011615745,0,0,0,0
1680679644013541335,0,0,0,0
1680679644015510616,0,0,0,0
1680679644017355480,0,0,0,0
1680679644019258276,0,0,0,0
1680679644021060276,0,0,0,0
1680679644022943339,0,0,0,0
1680679644024822276,0,0,0,0
1680679644026722781,0,0,0,0
1680679644028734314,0,0,0,0
1680679644030659666,0,0,0,0
1680679644032631127,0,0,0,0
1680679644034553973,0,0,0,0
1680679644036533944,0,0,0,0
1680679644038478066,0,0,0,0
1680679644040455445,0,0,0,0
1680679644042387400,0,0,0,0
1680679644044260886,0,0,0,0
1680679644046185800,0,0,0,0
1680679644048136183,0,0,0,0
1680679644050068241,0,0,0,0
1680679644051961497,0,0,0,0
1680679644053868653,0,0,0,0
1680679644055766100,0,0,0,0
1680679644057616558,0,0,0,0
1680679644059587657,0,0,0,0
1680679644061537182,0,0,0,0
1680679644063503343,0,0,0,0
1680679644065310267,0,0,0,0
1680679644067195966,0,0,0,0
1680679644069115348,0,0,0,0
1680679644070973675,0,0,0,0
1680679644072813177,0,0,0,0
1680679644074764835,0,0,0,0
1680679644076639958,0,0,0,0
1680679644078552508,0,0,0,0
1680679644080493546,0,0,0,0
1680679644082401005,0,0,0,0
1680679644084329685,0,0,0,0
1680679644086234419,0,0,0,0
1680679644088225653,0,0,0,0
1680679644090112998,0,0,0,0
1680679644092075585,0,0,0,0
1680679644093992920,0,0,0,0
1680679644095962006,0,0,0,0
1680679644097784796,0,0,0,0
1680679644099753695,0,0,0,0
1680679644101681269,0,0,0,0
1680679644103524248,0,0,0,0
1680679644105340757,0,0,0,0
1680679644107238284,0,0,0,0
1680679644109084661,0,0,0,0
1680679644111022596,0,0,0,0
1680679644112851906,0,0,0,0
1680679644114693465,0,0,0,0
1680679644116605435,0,0,0,0
1680679644118573054,0,0,0,0
1680679644120528801,0,0,0,0
1680679644122463762,0,0,0,0
1680679644124409857,0,0,0,0
1680679644126577987,0,0,0,0
1680679644128517263,0,0,0,0
1680679644130414657,0,0,0,0
1680679644132327988,0,0,0,0
1680679644134118534,0,0,0,0
1680679644136029520,0,0,0,0
1680679644137909846,0,0,0,0
1680679644139878478,0,0,0,0
1680679644141750851,0,0,0,0
1680679644143661917,0,0,0,0
1680679644145438497,0,0,0,0
1680679644147317818,0,0,0,0
1680679644149189120,0,0,0,0
1680679644151018916,0,0,0,0
1680679644152869616,0,0,0,0
1680679644154765230,0,0,0,0
1680679644156702573,0,0,0,0
1680679644158715052,0,0,0,0
1680679644160642598,0,0,0,0
1680679644162626807,0,0,0,0
1680679644164596955,0,0,0,0
1680679644166600873,0,0,0,0
1680679644168510592,0,0,0,0
1680679644170496093,0,0,0,0
1680679644172379237,0,0,0,0
1680679644174260753,0,0,0,0
1680679644176148746,0,0,0,0
1680679644178185493,0,0,0,0
1680679644180051547,0,0,0,0
1680679644182109390,0,0,0,0
1680679644184022746,0,0,0,0
1680679644185909291,0,0,0,0
1680679644187729846,0,0,0,0
1680679644189604324,0,0,0,0
1680679644191557603,0,0,0,0
1680679644193406243,0,0,0,0
1680679644195325296,0,0,0,0
1680679644197154442,0,0,0,0
1680679644199102590,0,0,0,0
1680679644200974593,0,0,0,0
1680679644203006631,0,0,0,0
1680679644204873918,0,0,0,0
1680679644206886477,0,0,0,0
1680679644208778191,0,0,0,0
1680679644210712035,0,0,0,0
1680679644212649247,0,0,0,0
1680679644214576134,0,0,0,0
1680679644216515187,0,0,0,0
1680679644218379167,0,0,0,0
1680679644220341299,0,0,0,0
1680679644222263646,0,0,0,0
1680679644224180142,0,0,0,0
1680679644226026060,0,0,0,0
1680679644227882198,0,0,0,0
1680679644229830529,0,0,0,0
1680679644231703792,0,0,0,0
1680679644233646758,0,0,0,0
1680679644235645653,0,0,0,0
1680679644237590930,0,0,0,0
1680679644239471569,0,0,0,0
1680679644241344852,0,0,0,0
1680679644243186170,0,0,0,0
1680679644245045436,0,0,0,0
1680679644247117562,0,0,0,0
1680679644249044905,0,0,0,0
1680679644250962240,0,0,0,0
1680679644252812173,0,0,0,0
1680679644254763009,0,0,0,0
1680679644256651834,0,0,0,0
1680679644258583869,0,0,0,0
1680679644260525848,0,0,0,0
1680679644262400070,0,0,0,0
1680679644264333252,0,0,0,0
1680679644266369195,0,0,0,0
1680679644268293993,0,0,0,0
1680679644270182524,0,0,0,0
1680679644272136982,0,0,0,0
1680679644274030581,0,0,0,0
1680679644275988027,0,0,0,0
1680679644277824899,0,0,0,0
1680679644279792803,0,0,0,0
1680679644281672344,0,0,0,0
1680679644283482430,0,0,0,0
1680679644285317037,0,0,0,0
1680679644287232421,0,0,0,0
1680679644289104189,0,0,0,0
1680679644291015501,0,0,0,0
1680679644292860811,0,0,0,0
1680679644294824570,0,0,0,0
1680679644296738816,0,0,0,0
1680679644298782059,0,0,0,0
1680679644300662026,0,0,0,0
1680679644302670182,0,0,0,0
1680679644304574621,0,0,0,0
1680679644306559238,0,0,0,0
1680679644308382763,0,0,0,0
1680679644310354834,0,0,0,0
1680679644312185386,0,0,0,0
1680679644314114002,0,0,0,0
1680679644315941819,0,0,0,0
1680679644317936439,0,0,0,0
1680679644319895292,0,0,0,0
1680679644321873158,0,0,0,0
1680679644323779619,0,0,0,0
1680679644325697551,0,0,0,0
1680679644327693752,0,0,0,0
1680679644329612918,0,0,0,0
1680679644331511675,0,0,0,0
1680679644333365091,0,0,0,0
1680679644335202516,0,0,0,0
1680679644337087269,0,0,0,0
1680679644339004986,0,0,0,0
1680679644340814094,0,0,0,0
1680679644342722996,0,0,0,0
1680679644344610384,0,0,0,0
1680679644346594711,0,0,0,0
1680679644348547649,0,0,0,0
1680679644350419703,0,0,0,0
1680679644352356574,0,0,0,0
1680679644354361053,0,0,0,0
1680679644356252215,0,0,0,0
1680679644358232934,0,0,0,0
1680679644360101140,0,0,0,0
1680679644362076786,0,0,0,0
1680679644363966183,0,0,0,0
1680679644365776167,0,0,0,0
1680679644367779581,0,0,0,0
1680679644369693260,0,0,0,0
1680679644371625503,0,0,0,0
1680679644373550745,0,0,0,0
1680679644375542052,0,0,0,0
1680679644377339097,0,0,0,0
1680679644379238388,0,0,0,0
1680679644381080564,0,0,0,0
1680679644382928256,0,0,0,0
1680679644384811110,0,0,0,0
1680679644386678332,0,0,0,0
1680679644388471079,0,0,0,0
1680679644390449127,0,0,0,0
1680679644392321119,0,0,0,0
1680679644394254408,0,0,0,0
1680679644396136945,0,0,0,0
1680679644398099803,0,0,0,0
1680679644400052254,0,0,0,0
1680679644401985706,0,0,0,0
1680679644403963171,0,0,0,0
1680679644405835392,0,0,0,0
1680679644407776045,0,0,0,0
1680679644409751686,0,0,0,0
1680679644411672706,0,0,0,0
1680679644413441514,0,0,0,0
1680679644415265180,0,0,0,0
1680679644417172066,0,0,0,0
1680679644419160845,0,0,0,0
1680679644421072124,0,0,0,0
1680679644422934101,0,0,0,0
1680679644424760804,0,0,0,0
1680679644426757671,0,0,0,0
1680679644428767305,0,0,0,0
1680679644430660165,0,0,0,0
1680679644432459886,0,0,0,0
1680679644434384828,0,0,0,0
1680679644436378066,0,0,0,0
1680679644438281516,0,0,0,0
1680679644440264075,0,0,0,0
1680679644442180408,0,0,0,0
1680679644444156661,0,0,0,0
1680679644446070079,0,0,0,0
1680679644447967298,0,0,0,0
1680679644449915786,0,0,0,0
1680679644451725325,0,0,0,0
1680679644453600433,0,0,0,0
1680679644455526135,0,0,0,0
1680679644457268160,0,0,0,0
1680679644459135419,0,0,0,0
1680679644460986485,0,0,0,0
1680679644463012135,0,0,0,0
1680679644464815116,0,0,0,0
1680679644466861160,0,0,0,0
1680679644468846209,0,0,0,0
1680679644470725468,0,0,0,0
1680679644472657971,0,0,0,0
1680679644474660108,0,0,0,0
1680679644476585955,0,0,0,0
1680679644478493860,0,0,0,0
1680679644480401313,0,0,0,0
1680679644482365160,0,0,0,0
1680679644484229774,0,0,0,0
1680679644486110769,0,0,0,0
1680679644488122520,0,0,0,0
1680679644490039487,0,0,0,0
1680679644492046836,0,0,0,0
1680679644493980987,0,0,0,0
1680679644495945101,0,0,0,0
1680679644497882975,0,0,0,0
1680679644499783730,0,0,0,0
1680679644501750966,0,0,0,0
1680679644503669995,0,0,0,0
1680679644505620346,0,0,0,0
1680679644507643601,0,0,0,0
1680679644509435379,0,0,0,0
1680679644511286771,0,0,0,0
1680679644513085863,0,0,0,0
1680679644515023077,0,0,0,0
1680679644516988879,0,0,0,0
1680679644519061684,0,0,0,0
1680679644520812637,0,0,0,0
1680679644522764827,0,0,0,0
1680679644524591549,0,0,0,0
1680679644526514903,0,0,0,0
1680679644528349557,0,0,0,0
1680679644530288174,0,0,0,0
1680679644532175674,0,0,0,0
1680679644534201755,0,0,0,0
1680679644536093676,0,0,0,0
1680679644538074186,0,0,0,0
1680679644540008512,0,0,0,0
1680679644541949127,0,0,0,0
1680679644543836617,0,0,0,0
1680679644545787059,0,0,0,0
1680679644547718394,0,0,0,0
1680679644549579960,0,0,0,0
1680679644551527885,0,0,0,0
1680679644553452661,0,0,0,0
1680679644555341985,0,0,0,0
1680679644557196493,0,0,0,0
1680679644559042123,0,0,0,0
1680679644560902031,0,0,0,0
1680679644562885161,0,0,0,0
1680679644564817031,0,0,0,0
1680679644566676289,0,0,0,0
1680679644568591664,0,0,0,0
1680679644570629495,0,0,0,0
1680679644572465938,0,0,0,0
1680679644574290838,0,0,0,0
1680679644576153727,0,0,0,0
1680679644578119074,0,0,0,0
1680679644580064434,0,0,0,0
1680679644582016972,0,0,0,0
1680679644583998113,0,0,0,0
1680679644585865978,0,0,0,0
1680679644587894060,0,0,0,0
1680679644589898579,0,0,0,0
1680679644591752658,0,0,0,0
1680679644593744601,0,0,0,0
1680679644595604678,0,0,0,0
1680679644597581721,0,0,0,0
1680679644599586179,0,0,0,0
1680679644601550772,0,0,0,0
1680679644603497277,0,0,0,0
1680679644605308503,0,0,0,0
1680679644607090265,0,0,0,0
1680679644608930297,0,0,0,0
1680679644610819571,0,0,0,0
1680679644612768459,0,0,0,0
1680679644614664390,0,0,0,0
1680679644616646045,0,0,0,0
1680679644618578347,0,0,0,0
1680679644620589924,0,0,0,0
1680679644622440208,0,0,0,0
1680679644624238733,0,0,0,0
1680679644626008594,0,0,0,0
1680679644627906215,0,0,0,0
1680679644629742631,0,0,0,0
1680679644631546034,0,0,0,0
1680679644633413040,0,0,0,0
1680679644635240205,0,0,0,0
1680679644637178920,0,0,0,0
1680679644639208651,0,0,0,0
1680679644641068334,0,0,0,0
1680679644643196091,0,0,0,0
1680679644645109443,0,0,0,0
1680679644646979466,0,0,0,0
1680679644648803984,0,0,0,0
1680679644650936387,0,0,0,0
1680679644652750133,0,0,0,0
1680679644654654489,0,0,0,0
1680679644656835223,0,0,0,0
1680679644658794089,0,0,0,0
1680679644660680723,0,0,0,0
1680679644662600358,0,0,0,0
1680679644664779032,0,0,0,0
1680679644666705523,0,0,0,0
1680679644668565296,0,0,0,0
1680679644670548737,0,0,0,0
1680679644672393660,0,0,0,0
1680679644674241361,0,0,0,0
1680679644676132016,0,0,0,0
1680679644677916745,0,0,0,0
1680679644679681276,0,0,0,0
1680679644681375463,0,0,0,0
1680679644683137092,0,0,0,0
1680679644684932935,0,0,0,0
1680679644686730331,0,0,0,0
1680679644688733246,0,0,0,0
1680679644690604822,0,0,0,0
1680679644692495805,0,0,0,0
1680679644694354913,0,0,0,0
1680679644696265082,0,0,0,0
1680679644698144684,0,0,0,0
1680679644700114316,0,0,0,0
1680679644701975239,0,0,0,0
1680679644703954394,0,0,0,0
1680679644705825215,0,0,0,0
1680679644707749969,0,0,0,0
1680679644709535991,0,0,0,0
1680679644711327332,0,0,0,0
1680679644713210980,0,0,0,0
1680679644714936426,0,0,0,0
1680679644716711207,0,0,0,0
1680679644718535372,0,0,0,0
1680679644720557442,0,0,0,0
1680679644722413250,0,0,0,0
1680679644724397606,0,0,0,0
1680679644726368086,0,0,0,0
1680679644728344651,0,0,0,0
1680679644730283840,0,0,0,0
1680679644732192580,0,0,0,0
1680679644734105533,0,0,0,0
1680679644736014459,0,0,0,0
1680679644737946241,0,0,0,0
1680679644740184495,0,0,0,0
1680679644742110299,0,0,0,0
1680679644744077811,0,0,0,0
1680679644746089550,0,0,0,0
1680679644747992735,0,0,0,0
1680679644749978845,0,0,0,0
1680679644751902840,0,0,0,0
1680679644753853527,0,0,0,0
1680679644755883797,0,0,0,0
1680679644757926297,0,0,0,0
1680679644759840890,0,0,0,0
1680679644761755479,0,0,0,0
1680679644763802089,0,0,0,0
1680679644765709600,0,0,0,0
1680679644767644356,0,0,0,0
1680679644769645306,0,0,0,0
1680679644771561302,0,0,0,0
1680679644773448291,0,0,0,0
1680679644775368495,0,0,0,0
1680679644777234222,0,0,0,0
1680679644779126171,0,0,0,0
1680679644781008804,0,0,0,0
1680679644782927098,0,0,0,0
1680679644784904659,0,0,0,0
1680679644786847745,0,0,0,0
1680679644788814150,0,0,0,0
1680679644791667981,0,0,0,0
1680679644793626437,0,0,0,0
1680679644795768120,0,0,0,0
1680679644864582779,0,0,0,0
1680679644934834383,0,0,0,0
1680679644936833221,0,0,0,0
1680679644938786531,0,0,0,0
1680679644940784724,0,0,0,0
1680679644942732524,0,0,0,0
1680679644944682926,0,0,0,0
1680679644946578624,0,0,0,0
1680679644948327568,0,0,0,0
1680679644950139198,0,0,0,0
1680679644951994322,0,0,0,0
1680679644953872798,0,0,0,0
1680679644955785408,0,0,0,0
1680679644957673541,0,0,0,0
1680679644959638529,0,0,0,0
1680679644961611243,0,0,0,0
1680679644963555154,0,0,0,0
1680679644965360876,0,0,0,0
1680679644967170673,0,0,0,0
1680679644968963119,0,0,0,0
1680679644970790247,0,0,0,0
1680679644972533953,0,0,0,0
1680679644974458837,0,0,0,0
1680679644976350069,0,0,0,0
1680679644978268190,0,0,0,0
1680679644980268406,0,0,0,0
1680679644982203570,0,0,0,0
1680679644984214979,0,0,0,0
1680679644986146309,0,0,0,0
1680679644988130102,0,0,0,0
1680679644990154379,0,0,0,0
1680679644992014852,0,0,0,0
1680679644993813571,0,0,0,0
1680679644995760568,0,0,0,0
1680679644997735804,0,0,0,0
1680679644999737256,0,0,0,0
1680679645001640090,0,0,0,0
1680679645003556964,0,0,0,0
1680679645005360820,0,0,0,0
1680679645007120720,0,0,0,0
1680679645009022463,0,0,0,0
1680679645010902086,0,0,0,0
1680679645012736850,0,0,0,0
1680679645014668225,0,0,0,0
1680679645016522451,0,0,0,0
1680679645018466944,0,0,0,0
1680679645020501224,0,0,0,0
1680679645022442410,0,0,0,0
1680679645024390586,0,0,0,0
1680679645026393089,0,0,0,0
1680679645028309711,0,0,0,0
1680679645030309203,0,0,0,0
1680679645032132048,0,0,0,0
1680679645034058576,0,0,0,0
1680679645036031401,0,0,0,0
1680679645037943922,0,0,0,0
1680679645039847368,0,0,0,0
1680679645041701539,0,0,0,0
1680679645043662765,0,0,0,0
1680679645045520503,0,0,0,0
1680679645047390177,0,0,0,0
1680679645049331308,0,0,0,0
1680679645051109188,0,0,0,0
1680679645052872057,0,0,0,0
1680679645054708067,0,0,0,0
1680679645056618827,0,0,0,0
1680679645058439677,0,0,0,0
1680679645060383293,0,0,0,0
1680679645062287428,0,0,0,0
1680679645064257270,0,0,0,0
1680679645066139249,0,0,0,0
1680679645068105499,0,0,0,0
1680679645070026342,0,0,0,0
1680679645071993436,0,0,0,0
1680679645073947191,0,0,0,0
1680679645075866510,0,0,0,0
1680679645077737724,0,0,0,0
1680679645079649971,0,0,0,0
1680679645081525848,0,0,0,0
1680679645083359361,0,0,0,0
1680679645085180552,0,0,0,0
1680679645087128886,0,0,0,0
1680679645088999645,0,0,0,0
1680679645090950319,0,0,0,0
1680679645092823932,0,0,0,0
1680679645094804888,0,0,0,0
1680679645096687232,0,0,0,0
1680679645098657258,0,0,0,0
1680679645100532071,0,0,0,0
1680679645102514980,0,0,0,0
1680679645104427937,0,0,0,0
1680679645106379780,0,0,0,0
1680679645108169336,0,0,0,0
1680679645109879434,0,0,0,0
1680679645111645801,0,0,0,0
1680679645113548895,0,0,0,0
1680679645115502197,0,0,0,0
1680679645117408967,0,0,0,0
1680679645119266410,0,0,0,0
1680679645121139776,0,0,0,0
1680679645123066491,0,0,0,0
1680679645124944505,0,0,0,0
1680679645126871675,0,0,0,0
1680679645128740858,0,0,0,0
1680679645130674468,0,0,0,0
1680679645132520119,0,0,0,0
1680679645134508373,0,0,0,0
1680679645136484156,0,0,0,0
1680679645138387636,0,0,0,0
1680679645140269729,0,0,0,0
1680679645142210505,0,0,0,0
1680679645144104845,0,0,0,0
1680679645146093288,0,0,0,0
1680679645148065902,0,0,0,0
1680679645149943216,0,0,0,0
1680679645151834457,0,0,0,0
1680679645153713301,0,0,0,0
1680679645155598535,0,0,0,0
1680679645157451062,0,0,0,0
1680679645159386348,0,0,0,0
1680679645161287910,0,0,0,0
1680679645163196005,0,0,0,0
1680679645165132854,0,0,0,0
1680679645167038573,0,0,0,0
1680679645168865012,0,0,0,0
1680679645170722080,0,0,0,0
1680679645172695881,0,0,0,0
1680679645174556231,0,0,0,0
1680679645176424564,0,0,0,0
1680679645178440792,0,0,0,0
1680679645180488231,0,0,0,0
1680679645182491657,0,0,0,0
1680679645184359880,0,0,0,0
1680679645186280319,0,0,0,0
1680679645188051948,0,0,0,0
1680679645189938330,0,0,0,0
1680679645191831136,0,0,0,0
1680679645193711557,0,0,0,0
1680679645195525163,0,0,0,0
1680679645197424979,0,0,0,0
1680679645199284253,0,0,0,0
1680679645201176512,0,0,0,0
1680679645202998106,0,0,0,0
1680679645204904995,0,0,0,0
1680679645206771091,0,0,0,0
1680679645208762547,0,0,0,0
1680679645210602240,0,0,0,0
1680679645212530385,0,0,0,0
1680679645214509426,0,0,0,0
1680679645216405714,0,0,0,0
1680679645218338377,0,0,0,0
1680679645220332796,0,0,0,0
1680679645222251274,0,0,0,0
1680679645224197065,0,0,0,0
1680679645226144910,0,0,0,0
1680679645228126078,0,0,0,0
1680679645230071700,0,0,0,0
1680679645231945383,0,0,0,0
1680679645233837545,0,0,0,0
1680679645235759303,0,0,0,0
1680679645237640343,0,0,0,0
1680679645239603900,0,0,0,0
1680679645241647415,0,0,0,0
1680679645243563265,0,0,0,0
1680679645245551408,0,0,0,0
1680679645247532896,0,0,0,0
1680679645249427381,0,0,0,0
1680679645251356651,0,0,0,0
1680679645253222968,0,0,0,0
1680679645255044787,0,0,0,0
1680679645256850434,0,0,0,0
1680679645258719974,0,0,0,0
1680679645260593282,0,0,0,0
1680679645262521197,0,0,0,0
1680679645264459179,0,0,0,0
1680679645266419345,0,0,0,0
1680679645268410817,0,0,0,0
1680679645270297950,0,0,0,0
1680679645272269117,0,0,0,0
1680679645274252724,0,0,0,0
1680679645276110850,0,0,0,0
1680679645278104485,0,0,0,0
1680679645279984379,0,0,0,0
1680679645281987917,0,0,0,0
1680679645283948978,0,0,0,0
1680679645285902466,0,0,0,0
1680679645287819025,0,0,0,0
1680679645289784392,0,0,0,0
1680679645291782030,0,0,0,0
1680679645293714367,0,0,0,0
1680679645295514163,0,0,0,0
1680679645297358157,0,0,0,0
1680679645299169851,0,0,0,0
1680679645301086493,0,0,0,0
1680679645303009063,0,0,0,0
1680679645304883250,0,0,0,0
1680679645306858116,0,0,0,0
1680679645308735055,0,0,0,0
1680679645310647961,0,0,0,0
1680679645312547919,0,0,0,0
1680679645314523251,0,0,0,0
1680679645316496949,0,0,0,0
1680679645318453284,0,0,0,0
1680679645320386362,0,0,0,0
1680679645322282116,0,0,0,0
1680679645324242014,0,0,0,0
1680679645326180281,0,0,0,0
1680679645328140087,0,0,0,0
1680679645330086266,0,0,0,0
1680679645332045764,0,0,0,0
1680679645333810450,0,0,0,0
1680679645335728352,0,0,0,0
1680679645337642671,0,0,0,0
1680679645339596094,0,0,0,0
1680679645341563761,0,0,0,0
1680679645343548088,0,0,0,0
1680679645345437014,0,0,0,0
1680679645347358408,0,0,0,0
1680679645349164370,0,0,0,0
1680679645351088780,0,0,0,0
1680679645353012870,0,0,0,0
1680679645354976501,0,0,0,0
1680679645356800667,0,0,0,0
1680679645358721189,0,0,0,0
1680679645360712161,0,0,0,0
1680679645362621995,0,0,0,0
1680679645364596538,0,0,0,0
1680679645366419960,0,0,0,0
1680679645368342146,0,0,0,0
1680679645370290641,0,0,0,0
1680679645372172734,0,0,0,0
1680679645374093576,0,0,0,0
1680679645375900655,0,0,0,0
1680679645377755931,0,0,0,0
1680679645379741144,0,0,0,0
1680679645381697406,0,0,0,0
1680679645383687117,0,0,0,0
1680679645385642717,0,0,0,0
1680679645387562210,0,0,0,0
1680679645389502327,0,0,0,0
1680679645391254778,0,0,0,0
1680679645393006973,0,0,0,0
1680679645395000527,0,0,0,0
1680679645396810661,0,0,0,0
1680679645398775747,0,0,0,0
1680679645400705522,0,0,0,0
1680679645402720741,0,0,0,0
1680679645404640515,0,0,0,0
1680679645406590962,0,0,0,0
1680679645408496356,0,0,0,0
1680679645410490738,0,0,0,0
1680679645412465401,0,0,0,0
1680679645414344155,0,0,0,0
1680679645416264214,0,0,0,0
1680679645418131660,0,0,0,0
1680679645420064894,0,0,0,0
1680679645422133450,0,0,0,0
1680679645424128508,0,0,0,0
1680679645426110899,0,0,0,0
1680679645428080321,0,0,0,0
1680679645430163488,0,0,0,0
1680679645432125631,0,0,0,0
1680679645434001781,0,0,0,0
1680679645435892932,0,0,0,0
1680679645437769757,0,0,0,0
1680679645439679840,0,0,0,0
1680679645441680446,0,0,0,0
1680679645443519877,0,0,0,0
1680679645445517304,0,0,0,0
1680679645447551486,0,0,0,0
1680679645449562119,0,0,0,0
1680679645451379123,0,0,0,0
1680679645453218014,0,0,0,0
1680679645455165640,0,0,0,0
1680679645457018568,0,0,0,0
1680679645458991484,0,0,0,0
1680679645460860901,0,0,0,0
1680679645462831517,0,0,0,0
1680679645464680387,0,0,0,0
1680679645466641318,0,0,0,0
1680679645468468968,0,0,0,0
1680679645470454631,0,0,0,0
1680679645472422133,0,0,0,0
1680679645474404082,0,0,0,0
1680679645476282702,0,0,0,0
1680679645478231757,0,0,0,0
1680679645480131459,0,0,0,0
1680679645482106601,0,0,0,0
1680679645484089636,0,0,0,0
1680679645485976834,0,0,0,0
1680679645487898949,0,0,0,0
1680679645489752031,0,0,0,0
1680679645491734462,0,0,0,0
1680679645493599640,0,0,0,0
1680679645495587535,0,0,0,0
1680679645497383505,0,0,0,0
1680679645499324844,0,0,0,0
1680679645501220200,0,0,0,0
1680679645503035035,0,0,0,0
1680679645504946354,0,0,0,0
1680679645506790320,0,0,0,0
1680679645508749007,0,0,0,0
1680679645510628533,0,0,0,0
1680679645512524423,0,0,0,0
1680679645514496693,0,0,0,0
1680679645516431516,0,0,0,0
1680679645518453415,0,0,0,0
1680679645520357454,0,0,0,0
1680679645522363184,0,0,0,0
1680679645524273079,0,0,0,0
1680679645526298162,0,0,0,0
1680679645528265664,0,0,0,0
1680679645530205411,0,0,0,0
1680679645532218109,0,0,0,0
1680679645534047187,0,0,0,0
1680679645535916702,0,0,0,0
1680679645537766914,0,0,0,0
1680679645539624373,0,0,0,0
1680679645541621789,0,0,0,0
1680679645543599791,0,0,0,0
1680679645545537917,0,0,0,0
1680679645547502960,0,0,0,0
1680679645549290511,0,0,0,0
1680679645551163285,0,0,0,0
1680679645553063855,0,0,0,0
1680679645554993061,0,0,0,0
1680679645556906456,0,0,0,0
1680679645558757560,0,0,0,0
1680679645560584132,0,0,0,0
1680679645562537322,0,0,0,0
1680679645564534920,0,0,0,0
1680679645566498067,0,0,0,0
1680679645568481808,0,0,0,0
1680679645570410072,0,0,0,0
1680679645572330071,0,0,0,0
1680679645574302229,0,0,0,0
1680679645576166392,0,0,0,0
1680679645578041840,0,0,0,0
1680679645580045821,0,0,0,0
1680679645582011424,0,0,0,0
1680679645583970662,0,0,0,0
1680679645585985137,0,0,0,0
1680679645587826407,0,0,0,0
1680679645589785861,0,0,0,0
1680679645591675987,0,0,0,0
1680679645593599806,0,0,0,0
1680679645595488444,0,0,0,0
1680679645597376419,0,0,0,0
1680679645599208476,0,0,0,0
1680679645601048077,0,0,0,0
1680679645603037294,0,0,0,0
1680679645604899262,0,0,0,0
1680679645606856652,0,0,0,0
1680679645608735481,0,0,0,0
1680679645610718929,0,0,0,0
1680679645612592515,0,0,0,0
1680679645614500014,0,0,0,0
1680679645616380091,0,0,0,0
1680679645618208284,0,0,0,0
1680679645620231815,0,0,0,0
1680679645622438102,0,0,0,0
1680679645624337552,0,0,0,0
1680679645626333495,0,0,0,0
1680679645628254334,0,0,0,0
1680679645630277685,0,0,0,0
1680679645632178663,0,0,0,0
1680679645634158060,0,0,0,0
1680679645636011872,0,0,0,0
1680679645637939280,0,0,0,0
1680679645639829344,0,0,0,0
1680679645641749254,0,0,0,0
1680679645643616913,0,0,0,0
1680679645645625344,0,0,0,0
1680679645647601658,0,0,0,0
1680679645649564869,0,0,0,0
1680679645651529187,0,0,0,0
1680679645653346969,0,0,0,0
1680679645655195268,0,0,0,0
1680679645657117175,0,0,0,0
1680679645659011901,0,0,0,0
1680679645660873202,0,0,0,0
1680679645662868597,0,0,0,0
1680679645664747060,0,0,0,0
1680679645666622346,0,0,0,0
1680679645668578473,0,0,0,0
1680679645670485139,0,0,0,0
1680679645672510166,0,0,0,0
1680679645674444812,0,0,0,0
1680679645676445375,0,0,0,0
1680679645678350239,0,0,0,0
1680679645680301043,0,0,0,0
1680679645682266295,0,0,0,0
1680679645684225825,0,0,0,0
1680679645686087463,0,0,0,0
1680679645688045430,0,0,0,0
1680679645689942444,0,0,0,0
1680679645691873380,0,0,0,0
1680679645693757812,0,0,0,0
1680679645695749415,0,0,0,0
1680679645697640285,0,0,0,0
1680679645699599752,0,0,0,0
1680679645701522098,0,0,0,0
1680679645703495824,0,0,0,0
1680679645705345991,0,0,0,0
1680679645707102853,0,0,0,0
1680679645708973570,0,0,0,0
1680679645710907946,0,0,0,0
1680679645712810336,0,0,0,0
1680679645714689282,0,0,0,0
1680679645716686161,0,0,0,0
1680679645718617956,0,0,0,0
1680679645720597503,0,0,0,0
1680679645722706381,0,0,0,0
1680679645724679104,0,0,0,0
1680679645726601782,0,0,0,0
1680679645728511653,0,0,0,0
1680679645730465663,0,0,0,0
1680679645732460066,0,0,0,0
1680679645734340429,0,0,0,0
1680679645736278768,0,0,0,0
1680679645738166677,0,0,0,0
1680679645740130767,0,0,0,0
1680679645742029929,0,0,0,0
1680679645743925980,0,0,0,0
1680679645746104767,0,0,0,0
1680679645748079990,0,0,0,0
1680679645750103883,0,0,0,0
1680679645752060778,0,0,0,0
1680679645753958907,0,0,0,0
1680679645755921448,0,0,0,0
1680679645757947959,0,0,0,0
1680679645759805221,0,0,0,0
1680679645761692948,0,0,0,0
1680679645763648554,0,0,0,0
1680679645765594933,0,0,0,0
1680679645767470723,0,0,0,0
1680679645769316479,0,0,0,0
1680679645771243863,0,0,0,0
1680679645773145713,0,0,0,0
1680679645775060944,0,0,0,0
1680679645776926516,0,0,0,0
1680679645778909585,0,0,0,0
1680679645780818923,0,0,0,0
1680679645782852438,0,0,0,0
1680679645784781368,0,0,0,0
1680679645786630098,0,0,0,0
1680679645788506989,0,0,0,0
1680679645790441149,0,0,0,0
1680679645792488798,0,0,0,0
1680679645794437677,0,0,0,0
1680679645796359803,0,0,0,0
1680679645798257697,0,0,0,0
1680679645800211902,0,0,0,0
1680679645802211170,0,0,0,0
1680679645804080645,0,0,0,0
1680679645806056543,0,0,0,0
1680679645807922934,0,0,0,0
1680679645809915725,0,0,0,0
1680679645811851685,0,0,0,0
1680679645813656188,0,0,0,0
1680679645815410843,0,0,0,0
1680679645817207251,0,0,0,0
1680679645819094907,0,0,0,0
1680679645820927993,0,0,0,0
1680679645822865683,0,0,0,0
1680679645824799821,0,0,0,0
1680679645826781381,0,0,0,0
1680679645828673863,0,0,0,0
1680679645830714356,0,0,0,0
1680679645832665992,0,0,0,0
1680679645834573094,0,0,0,0
1680679645836522095,0,0,0,0
1680679645838377595,0,0,0,0
1680679645840322454,0,0,0,0
1680679645842258000,0,0,0,0
1680679645844170695,0,0,0,0
1680679645846111549,0,0,0,0
1680679645847893621,0,0,0,0
1680679645849826193,0,0,0,0
1680679645851667119,0,0,0,0
1680679645853679702,0,0,0,0
1680679645855636929,0,0,0,0
1680679645857615488,0,0,0,0
1680679645859496598,0,0,0,0
1680679645861372448,0,0,0,0
1680679645863157226,0,0,0,0
1680679645864917598,0,0,0,0
1680679645866871450,0,0,0,0
1680679645868809981,0,0,0,0
1680679645870742084,0,0,0,0
1680679645872710058,0,0,0,0
1680679645874602016,0,0,0,0
1680679645876474571,0,0,0,0
1680679645878502923,0,0,0,0
1680679645880498336,0,0,0,0
1680679645882535062,0,0,0,0
1680679645884519541,0,0,0,0
1680679645886466928,0,0,0,0
1680679645888381754,0,0,0,0
1680679645890452869,0,0,0,0
1680679645892333020,0,0,0,0
1680679645894200186,0,0,0,0
1680679645896138584,0,0,0,0
1680679645898049339,0,0,0,0
1680679645900054953,0,0,0,0
1680679645901983080,0,0,0,0
1680679645903992987,0,0,0,0
1680679645905865029,0,0,0,0
1680679645907854135,0,0,0,0
1680679645909779673,0,0,0,0
1680679645911741392,0,0,0,0
1680679645913625406,0,0,0,0
1680679645915578869,0,0,0,0
1680679645917399748,0,0,0,0
1680679645919156801,0,0,0,0
1680679645921000000,0,0,0,0
1680679645922954457,0,0,0,0
1680679645924823556,0,0,0,0
1680679645926906412,0,0,0,0
1680679645928771538,0,0,0,0
1680679645930757749,0,0,0,0
1680679645932568414,0,0,0,0
1680679645934491190,0,0,0,0
1680679645936313596,0,0,0,0
1680679645938105307,0,0,0,0
1680679645939860478,0,0,0,0
1680679645941729765,0,0,0,0
1680679645943677403,0,0,0,0
1680679645945580627,0,0,0,0
1680679645947591712,0,0,0,0
1680679645949443647,0,0,0,0
1680679645951423132,0,0,0,0
1680679645953253540,0,0,0,0
1680679645954930480,0,0,0,0
1680679645956637890,0,0,0,0
1680679645958321190,0,0,0,0
1680679645959999110,0,0,0,0
1680679645961679900,0,0,0,0
1680679645963451790,0,0,0,0
1680679645965172448,0,0,0,0
1680679645966933244,0,0,0,0
1680679645968662042,0,0,0,0
1680679645970475537,0,0,0,0
1680679645972407832,0,0,0,0
1680679645974424058,0,0,0,0
1680679645976339512,0,0,0,0
1680679645978195978,0,0,0,0
1680679645980306945,0,0,0,0
1680679645982106291,0,0,0,0
1680679645984027046,0,0,0,0
1680679645985918178,0,0,0,0
1680679645987913675,0,0,0,0
1680679645989799189,0,0,0,0
1680679645991731403,0,0,0,0
1680679645993866650,0,0,0,0
1680679645995556096,0,0,0,0
1680679645997244043,0,0,0,0
1680679645998924963,0,0,0,0
1680679646000608181,0,0,0,0
1680679646002388489,0,0,0,0
1680679646004080062,0,0,0,0
1680679646005877041,0,0,0,0
1680679646007677315,0,0,0,0
1680679646009399312,0,0,0,0
1680679646011139555,0,0,0,0
1680679646012884090,0,0,0,0
1680679646014658785,0,0,0,0
1680679646016385081,0,0,0,0
1680679646018137577,0,0,0,0
1680679646020003031,0,0,0,0
1680679646021728017,0,0,0,0
1680679646023513666,0,0,0,0
1680679646025259766,0,0,0,0
1680679646027022584,0,0,0,0
1680679646028742281,0,0,0,0
1680679646030502080,0,0,0,0
1680679646032238024,0,0,0,0
1680679646033978401,0,0,0,0
1680679646035708750,0,0,0,0
1680679646037445693,0,0,0,0
1680679646039177686,0,0,0,0
1680679646041042107,0,0,0,0
1680679646042976788,0,0,0,0
1680679646044897658,0,0,0,0
1680679646046802732,0,0,0,0
1680679646048721634,0,0,0,0
1680679646050630849,0,0,0,0
1680679646052672306,0,0,0,0
1680679646055062475,0,0,0,0
1680679646056934357,0,0,0,0
1680679646058852933,0,0,0,0
1680679646060725144,0,0,0,0
1680679646062649116,0,0,0,0
1680679646064534726,0,0,0,0
1680679646066428026,0,0,0,0
1680679646068326732,0,0,0,0
1680679646070329359,0,0,0,0
1680679646072192777,0,0,0,0
1680679646074081898,0,0,0,0
1680679646075951830,0,0,0,0
1680679646077846654,0,0,0,0
1680679646079738633,0,0,0,0
1680679646081636725,0,0,0,0
1680679646083560110,0,0,0,0
1680679646085474632,0,0,0,0
1680679646087407560,0,0,0,0
1680679646089272780,0,0,0,0
1680679646091193195,0,0,0,0
1680679646093091689,0,0,0,0
1680679646094979036,0,0,0,0
1680679646096855999,0,0,0,0
1680679646098743003,0,0,0,0
1680679646100957739,0,0,0,0
1680679646102834756,0,0,0,0
1680679646104776195,0,0,0,0
1680679646176871558,0,0,0,0
1680679646248532473,0,0,0,0
1680679646250559868,0,0,0,0
1680679646252577087,0,0,0,0
1680679646254607106,0,0,0,0
1680679646256571122,0,0,0,0
1680679646258485034,0,0,0,0
1680679646260465482,0,0,0,0
1680679646262208830,0,0,0,0
1680679646264118289,0,0,0,0
1680679646266075432,0,0,0,0
1680679646267869565,0,0,0,0
1680679646269707307,0,0,0,0
1680679646271734334,0,0,0,0
1680679646273637704,0,0,0,0
1680679646275606009,0,0,0,0
1680679646277439797,0,0,0,0
1680679646279263284,0,0,0,0
1680679646281159526,0,0,0,0
1680679646282979953,0,0,0,0
1680679646284774358,0,0,0,0
1680679646286647492,0,0,0,0
1680679646288473974,0,0,0,0
1680679646290254016,0,0,0,0
1680679646292243983,0,0,0,0
1680679646294168785,0,0,0,0
1680679646296094659,0,0,0,0
1680679646298094337,0,0,0,0
1680679646300006201,0,0,0,0
1680679646302003020,0,0,0,0
1680679646303829356,0,0,0,0
1680679646305746316,0,0,0,0
1680679646307635291,0,0,0,0
1680679646309585521,0,0,0,0
1680679646311454031,0,0,0,0
1680679646313315169,0,0,0,0
1680679646315178907,0,0,0,0
1680679646317037546,0,0,0,0
1680679646319013616,0,0,0,0
1680679646320799387,0,0,0,0
1680679646322762981,0,0,0,0
1680679646324622347,0,0,0,0
1680679646326517550,0,0,0,0
1680679646328404865,0,0,0,0
1680679646330217338,0,0,0,0
1680679646332176644,0,0,0,0
1680679646334128857,0,0,0,0
1680679646336092637,0,0,0,0
1680679646338035832,0,0,0,0
1680679646340043783,0,0,0,0
1680679646341948976,0,0,0,0
1680679646343975077,0,0,0,0
1680679646345927164,0,0,0,0
1680679646347794481,0,0,0,0
1680679646349691322,0,0,0,0
1680679646351714104,0,0,0,0
1680679646353713603,0,0,0,0
1680679646355680691,0,0,0,0
1680679646357565585,0,0,0,0
1680679646359451704,0,0,0,0
1680679646361264908,0,0,0,0
1680679646363194342,0,0,0,0
1680679646365023706,0,0,0,0
1680679646366941434,0,0,0,0
1680679646368832055,0,0,0,0
1680679646370756037,0,0,0,0
1680679646372754908,0,0,0,0
1680679646374703146,0,0,0,0
1680679646376636227,0,0,0,0
1680679646378619420,0,0,0,0
1680679646380528480,0,0,0,0
1680679646382513257,0,0,0,0
1680679646384466653,0,0,0,0
1680679646386374264,0,0,0,0
1680679646388276764,0,0,0,0
1680679646390124218,0,0,0,0
1680679646391919472,0,0,0,0
1680679646393919853,0,0,0,0
1680679646395739185,0,0,0,0
1680679646397604019,0,0,0,0
1680679646399451449,0,0,0,0
1680679646401193991,0,0,0,0
1680679646403095570,0,0,0,0
1680679646404963888,0,0,0,0
1680679646406845660,0,0,0,0
1680679646408734711,0,0,0,0
1680679646410588153,0,0,0,0
1680679646412591281,0,0,0,0
1680679646414524779,0,0,0,0
1680679646416511320,0,0,0,0
1680679646418422713,0,0,0,0
1680679646420393893,0,0,0,0
1680679646422227588,0,0,0,0
1680679646424099865,0,0,0,0
1680679646426049766,0,0,0,0
1680679646427886556,0,0,0,0
1680679646429828939,0,0,0,0
1680679646431809290,0,0,0,0
1680679646433680219,0,0,0,0
1680679646435647462,0,0,0,0
1680679646437527078,0,0,0,0
1680679646439428431,0,0,0,0
1680679646441335415,0,0,0,0
1680679646443133467,0,0,0,0
1680679646444941277,0,0,0,0
1680679646446837399,0,0,0,0
1680679646448827434,0,0,0,0
1680679646450706046,0,0,0,0
1680679646452760668,0,0,0,0
1680679646454693469,0,0,0,0
1680679646456645036,0,0,0,0
1680679646458517331,0,0,0,0
1680679646460487273,0,0,0,0
1680679646462450366,0,0,0,0
1680679646464468074,0,0,0,0
1680679646466447357,0,0,0,0
1680679646468374027,0,0,0,0
1680679646470260490,0,0,0,0
1680679646472299232,0,0,0,0
1680679646474207027,0,0,0,0
1680679646476156074,0,0,0,0
1680679646478044420,0,0,0,0
1680679646479987754,0,0,0,0
1680679646481813240,0,0,0,0
1680679646483738358,0,0,0,0
1680679646485487017,0,0,0,0
1680679646487501669,0,0,0,0
1680679646489414314,0,0,0,0
1680679646491282422,0,0,0,0
1680679646493125926,0,0,0,0
1680679646495060009,0,0,0,0
1680679646496860487,0,0,0,0
1680679646498692748,0,0,0,0
1680679646500535238,0,0,0,0
1680679646502514641,0,0,0,0
1680679646504381708,0,0,0,0
1680679646506217965,0,0,0,0
1680679646508209339,0,0,0,0
1680679646510100099,0,0,0,0
1680679646512134455,0,0,0,0
1680679646514006912,0,0,0,0
1680679646515973234,0,0,0,0
1680679646517878109,0,0,0,0
1680679646519864665,0,0,0,0
1680679646521760184,0,0,0,0
1680679646523775844,0,0,0,0
1680679646525684511,0,0,0,0
1680679646527640325,0,0,0,0
1680679646529443508,0,0,0,0
1680679646531227205,0,0,0,0
1680679646533099891,0,0,0,0
1680679646535020814,0,0,0,0
1680679646536927394,0,0,0,0
1680679646538811539,0,0,0,0
1680679646540813111,0,0,0,0
1680679646542688483,0,0,0,0
1680679646544741322,0,0,0,0
1680679646546649154,0,0,0,0
1680679646548623273,0,0,0,0
1680679646550605440,0,0,0,0
1680679646552534857,0,0,0,0
1680679646554384171,0,0,0,0
1680679646556273489,0,0,0,0
1680679646558221426,0,0,0,0
1680679646560169280,0,0,0,0
1680679646562074206,0,0,0,0
1680679646564094945,0,0,0,0
1680679646565981326,0,0,0,0
1680679646567954655,0,0,0,0
1680679646569775357,0,0,0,0
1680679646571799389,0,0,0,0
1680679646573676470,0,0,0,0
1680679646575623753,0,0,0,0
1680679646577427604,0,0,0,0
1680679646579268598,0,0,0,0
1680679646581142111,0,0,0,0
1680679646582893842,0,0,0,0
1680679646584812204,0,0,0,0
1680679646586738063,0,0,0,0
1680679646588772117,0,0,0,0
1680679646590658440,0,0,0,0
1680679646592649882,0,0,0,0
1680679646594571893,0,0,0,0
1680679646596534488,0,0,0,0
1680679646598386339,0,0,0,0
1680679646600362300,0,0,0,0
1680679646602253494,0,0,0,0
1680679646604254594,0,0,0,0
1680679646606260780,0,0,0,0
1680679646608203002,0,0,0,0
1680679646610184429,0,0,0,0
1680679646612134484,0,0,0,0
1680679646614017074,0,0,0,0
1680679646615962514,0,0,0,0
1680679646617771839,0,0,0,0
1680679646619728545,0,0,0,0
1680679646621617895,0,0,0,0
1680679646623528159,0,0,0,0
1680679646625321048,0,0,0,0
1680679646627188554,0,0,0,0
1680679646629069132,0,0,0,0
1680679646630984603,0,0,0,0
1680679646632809669,0,0,0,0
1680679646634647048,0,0,0,0
1680679646636576969,0,0,0,0
1680679646638437483,0,0,0,0
1680679646640369062,0,0,0,0
1680679646642271726,0,0,0,0
1680679646644221111,0,0,0,0
1680679646646210521,0,0,0,0
1680679646648131146,0,0,0,0
1680679646650084134,0,0,0,0
1680679646652018592,0,0,0,0
1680679646653981807,0,0,0,0
1680679646655856697,0,0,0,0
1680679646657794849,0,0,0,0
1680679646659623652,0,0,0,0
1680679646661575289,0,0,0,0
1680679646663563872,0,0,0,0
1680679646665426893,0,0,0,0
1680679646667365216,0,0,0,0
1680679646669214494,0,0,0,0
1680679646671044882,0,0,0,0
1680679646672986892,0,0,0,0
1680679646674821742,0,0,0,0
1680679646676788211,0,0,0,0
1680679646678756368,0,0,0,0
1680679646680619620,0,0,0,0
1680679646682515021,0,0,0,0
1680679646684453887,0,0,0,0
1680679646686407019,0,0,0,0
1680679646688407330,0,0,0,0
1680679646690279080,0,0,0,0
1680679646692295528,0,0,0,0
1680679646694261742,0,0,0,0
1680679646696185244,0,0,0,0
1680679646698060547,0,0,0,0
1680679646699985146,0,0,0,0
1680679646701951979,0,0,0,0
1680679646703825266,0,0,0,0
1680679646705737492,0,0,0,0
1680679646707724715,0,0,0,0
1680679646709624771,0,0,0,0
1680679646711583724,0,0,0,0
1680679646713393864,0,0,0,0
1680679646715332470,0,0,0,0
1680679646717163194,0,0,0,0
1680679646718943822,0,0,0,0
1680679646720808808,0,0,0,0
1680679646722795315,0,0,0,0
1680679646724750151,0,0,0,0
1680679646726646977,0,0,0,0
1680679646728546104,0,0,0,0
1680679646730426741,0,0,0,0
1680679646732403522,0,0,0,0
1680679646734309367,0,0,0,0
1680679646736193682,0,0,0,0
1680679646738219027,0,0,0,0
1680679646740145153,0,0,0,0
1680679646742091465,0,0,0,0
1680679646744003254,0,0,0,0
1680679646746335301,0,0,0,0
1680679646748229260,0,0,0,0
1680679646750260927,0,0,0,0
1680679646752221933,0,0,0,0
1680679646754178878,0,0,0,0
1680679646756054440,0,0,0,0
1680679646758012399,0,0,0,0
1680679646759843799,0,0,0,0
1680679646761801307,0,0,0,0
1680679646763686330,0,0,0,0
1680679646765657236,0,0,0,0
1680679646767629151,0,0,0,0
1680679646769572459,0,0,0,0
1680679646771569426,0,0,0,0
1680679646773563985,0,0,0,0
1680679646775563386,0,0,0,0
1680679646777408372,0,0,0,0
1680679646779335590,0,0,0,0
1680679646781143100,0,0,0,0
1680679646782978504,0,0,0,0
1680679646784827404,0,0,0,0
1680679646786684818,0,0,0,0
1680679646788665105,0,0,0,0
1680679646790501701,0,0,0,0
1680679646792434428,0,0,0,0
1680679646794418404,0,0,0,0
1680679646796355275,0,0,0,0
1680679646798216247,0,0,0,0
1680679646800192015,0,0,0,0
1680679646802075602,0,0,0,0
1680679646804034316,0,0,0,0
1680679646805982126,0,0,0,0
1680679646807877941,0,0,0,0
1680679646809802848,0,0,0,0
1680679646811800080,0,0,0,0
1680679646813673512,0,0,0,0
1680679646815661771,0,0,0,0
1680679646817536850,0,0,0,0
1680679646819498408,0,0,0,0
1680679646821312280,0,0,0,0
1680679646823094343,0,0,0,0
1680679646825025118,0,0,0,0
1680679646826940203,0,0,0,0
1680679646828823239,0,0,0,0
1680679646830819418,0,0,0,0
1680679646832708497,0,0,0,0
1680679646834686983,0,0,0,0
1680679646836583133,0,0,0,0
1680679646838565821,0,0,0,0
1680679646840412941,0,0,0,0
1680679646842363949,0,0,0,0
1680679646844231041,0,0,0,0
1680679646846199967,0,0,0,0
1680679646848147648,0,0,0,0
1680679646850055246,0,0,0,0
1680679646852024541,0,0,0,0
1680679646854022031,0,0,0,0
1680679646855906640,0,0,0,0
1680679646857880148,0,0,0,0
1680679646859684311,0,0,0,0
1680679646861632579,0,0,0,0
1680679646863597384,0,0,0,0
1680679646865508461,0,0,0,0
1680679646867251312,0,0,0,0
1680679646869112664,0,0,0,0
1680679646870920292,0,0,0,0
1680679646872869986,0,0,0,0
1680679646874827505,0,0,0,0
1680679646876741511,0,0,0,0
1680679646878631016,0,0,0,0
1680679646880511344,0,0,0,0
1680679646882504111,0,0,0,0
1680679646884374795,0,0,0,0
1680679646886263743,0,0,0,0
1680679646888222262,0,0,0,0
1680679646890042852,0,0,0,0
1680679646891929890,0,0,0,0
1680679646893743619,0,0,0,0
1680679646895759107,0,0,0,0
1680679646897645312,0,0,0,0
1680679646899591739,0,0,0,0
1680679646901383685,0,0,0,0
1680679646903307940,0,0,0,0
1680679646905160154,0,0,0,0
1680679646907130085,0,0,0,0
1680679646909000617,0,0,0,0
1680679646910991904,0,0,0,0
1680679646912858108,0,0,0,0
1680679646914809582,0,0,0,0
1680679646916785373,0,0,0,0
1680679646918705734,0,0,0,0
1680679646920631522,0,0,0,0
1680679646922493930,0,0,0,0
1680679646924446870,0,0,0,0
1680679646926310764,0,0,0,0
1680679646928273781,0,0,0,0
1680679646930226588,0,0,0,0
1680679646932211189,0,0,0,0
1680679646934129031,0,0,0,0
1680679646936105437,0,0,0,0
1680679646938043542,0,0,0,0
1680679646940019301,0,0,0,0
1680679646941989737,0,0,0,0
1680679646943849395,0,0,0,0
1680679646945879026,0,0,0,0
1680679646947713381,0,0,0,0
1680679646949670566,0,0,0,0
1680679646951568681,0,0,0,0
1680679646953528586,0,0,0,0
1680679646955542414,0,0,0,0
1680679646957374952,0,0,0,0
1680679646959323180,0,0,0,0
1680679646961161009,0,0,0,0
1680679646963077498,0,0,0,0
1680679646964949753,0,0,0,0
1680679646966887285,0,0,0,0
1680679646968764897,0,0,0,0
1680679646970665171,0,0,0,0
1680679646972661479,0,0,0,0
1680679646974652178,0,0,0,0
1680679646976552628,0,0,0,0
1680679646978516635,0,0,0,0
1680679646980430690,0,0,0,0
1680679646982410520,0,0,0,0
1680679646984310867,0,0,0,0
1680679646986179575,0,0,0,0
1680679646988088136,0,0,0,0
1680679646990078446,0,0,0,0
1680679646992052270,0,0,0,0
1680679646993927155,0,0,0,0
1680679646995874460,0,0,0,0
1680679646997696941,0,0,0,0
1680679646999645654,0,0,0,0
1680679647001639326,0,0,0,0
1680679647003573960,0,0,0,0
1680679647005433444,0,0,0,0
1680679647007241619,0,0,0,0
1680679647009129421,0,0,0,0
1680679647011025413,0,0,0,0
1680679647012811117,0,0,0,0
1680679647014790729,0,0,0,0
1680679647016795403,0,0,0,0
1680679647018751884,0,0,0,0
1680679647020759745,0,0,0,0
1680679647022656051,0,0,0,0
1680679647024629816,0,0,0,0
1680679647026535484,0,0,0,0
1680679647028468538,0,0,0,0
1680679647030321942,0,0,0,0
1680679647032269878,0,0,0,0
1680679647034196237,0,0,0,0
1680679647036203044,0,0,0,0
1680679647038133410,0,0,0,0
1680679647040127695,0,0,0,0
1680679647042070529,0,0,0,0
1680679647044064182,0,0,0,0
1680679647046011570,0,0,0,0
1680679647047815788,0,0,0,0
1680679647049797329,0,0,0,0
1680679647051697319,0,0,0,0
1680679647053610980,0,0,0,0
1680679647055576961,0,0,0,0
1680679647057593767,0,0,0,0
1680679647059500569,0,0,0,0
1680679647061393540,0,0,0,0
1680679647063250198,0,0,0,0
1680679647065109608,0,0,0,0
1680679647067067343,0,0,0,0
1680679647068939113,0,0,0,0
1680679647070753815,0,0,0,0
1680679647072588309,0,0,0,0
1680679647074550892,0,0,0,0
1680679647076403962,0,0,0,0
1680679647078414896,0,0,0,0
1680679647080325828,0,0,0,0
1680679647082308710,0,0,0,0
1680679647084213562,0,0,0,0
1680679647086241683,0,0,0,0
1680679647088249778,0,0,0,0
1680679647090200868,0,0,0,0
1680679647092146663,0,0,0,0
1680679647094148383,0,0,0,0
1680679647096037404,0,0,0,0
1680679647097996594,0,0,0,0
1680679647099880974,0,0,0,0
1680679647101867295,0,0,0,0
1680679647103895548,0,0,0,0
1680679647105821548,0,0,0,0
1680679647107752709,0,0,0,0
1680679647109713246,0,0,0,0
1680679647111667640,0,0,0,0
1680679647113635826,0,0,0,0
1680679647115569800,0,0,0,0
1680679647117332455,0,0,0,0
1680679647119166387,0,0,0,0
1680679647121028098,0,0,0,0
1680679647122990781,0,0,0,0
1680679647124823767,0,0,0,0
1680679647126798114,0,0,0,0
1680679647128692656,0,0,0,0
1680679647130658599,0,0,0,0
1680679647132639162,0,0,0,0
1680679647134533652,0,0,0,0
1680679647136532499,0,0,0,0
1680679647138393045,0,0,0,0
1680679647140287751,0,0,0,0
1680679647142240424,0,0,0,0
1680679647144129342,0,0,0,0
1680679647146124811,0,0,0,0
1680679647147978761,0,0,0,0
1680679647150015334,0,0,0,0
1680679647151849341,0,0,0,0
1680679647153857808,0,0,0,0
1680679647155782138,0,0,0,0
1680679647157641710,0,0,0,0
1680679647159553202,0,0,0,0
1680679647161526221,0,0,0,0
1680679647163422847,0,0,0,0
1680679647165338055,0,0,0,0
1680679647167147259,0,0,0,0
1680679647168969185,0,0,0,0
1680679647170897439,0,0,0,0
1680679647172814192,0,0,0,0
1680679647174762678,0,0,0,0
1680679647176773993,0,0,0,0
1680679647178656905,0,0,0,0
1680679647180629945,0,0,0,0
1680679647182564171,0,0,0,0
1680679647184529719,0,0,0,0
1680679647186431337,0,0,0,0
1680679647188296452,0,0,0,0
1680679647190207496,0,0,0,0
1680679647192082988,0,0,0,0
1680679647193978443,0,0,0,0
1680679647195960817,0,0,0,0
1680679647197839322,0,0,0,0
1680679647199834468,0,0,0,0
1680679647201700284,0,0,0,0
1680679647203655989,0,0,0,0
1680679647205680178,0,0,0,0
1680679647207597682,0,0,0,0
1680679647209404688,0,0,0,0
1680679647211220007,0,0,0,0
1680679647213025448,0,0,0,0
1680679647214838317,0,0,0,0
1680679647216813855,0,0,0,0
1680679647218703731,0,0,0,0
1680679647220683511,0,0,0,0
1680679647222605294,0,0,0,0
1680679647224543049,0,0,0,0
1680679647226483659,0,0,0,0
1680679647228388032,0,0,0,0
1680679647230426780,0,0,0,0
1680679647232265291,0,0,0,0
1680679647234280713,0,0,0,0
1680679647236223903,0,0,0,0
1680679647238123182,0,0,0,0
1680679647240068303,0,0,0,0
1680679647242009644,0,0,0,0
1680679647243888105,0,0,0,0
1680679647245893168,0,0,0,0
1680679647247866438,0,0,0,0
1680679647249797581,0,0,0,0
1680679647251710942,0,0,0,0
1680679647253544581,0,0,0,0
1680679647255517113,0,0,0,0
1680679647257297515,0,0,0,0
1680679647259118931,0,0,0,0
1680679647260947020,0,0,0,0
1680679647262877472,0,0,0,0
1680679647264795055,0,0,0,0
1680679647266773761,0,0,0,0
1680679647268578269,0,0,0,0
1680679647270372411,0,0,0,0
1680679647272105291,0,0,0,0
1680679647273874757,0,0,0,0
1680679647275630982,0,0,0,0
1680679647277380802,0,0,0,0
1680679647279445270,0,0,0,0
1680679647281464515,0,0,0,0
1680679647283229161,0,0,0,0
1680679647285094693,0,0,0,0
1680679647286892507,0,0,0,0
1680679647288739615,0,0,0,0
1680679647290610350,0,0,0,0
1680679647292528675,0,0,0,0
1680679647294526760,0,0,0,0
1680679647296358498,0,0,0,0
1680679647298253807,0,0,0,0
1680679647300068226,0,0,0,0
1680679647302109297,0,0,0,0
1680679647303921898,0,0,0,0
1680679647305808405,0,0,0,0
1680679647307868556,0,0,0,0
1680679647309640912,0,0,0,0
1680679647311379086,0,0,0,0
1680679647313064220,0,0,0,0
1680679647314765697,0,0,0,0
1680679647316495438,0,0,0,0
1680679647318198171,0,0,0,0
1680679647319877605,0,0,0,0
1680679647321560740,0,0,0,0
1680679647323277656,0,0,0,0
1680679647325005427,0,0,0,0
1680679647326756671,0,0,0,0
1680679647328486752,0,0,0,0
1680679647330291389,0,0,0,0
1680679647332033064,0,0,0,0
1680679647333861151,0,0,0,0
1680679647335764598,0,0,0,0
1680679647337506358,0,0,0,0
1680679647339247255,0,0,0,0
1680679647340986635,0,0,0,0
1680679647342721877,0,0,0,0
1680679647344454768,0,0,0,0
1680679647346204317,0,0,0,0
1680679647347921290,0,0,0,0
1680679647349653791,0,0,0,0
1680679647351444617,0,0,0,0
1680679647353164263,0,0,0,0
1680679647354941223,0,0,0,0
1680679647356895343,0,0,0,0
1680679647358754591,0,0,0,0
1680679647360645728,0,0,0,0
1680679647362522557,0,0,0,0
1680679647364382170,0,0,0,0
1680679647366301234,0,0,0,0
1680679647368876010,0,0,0,0
1680679647370782623,0,0,0,0
1680679647372679101,0,0,0,0
1680679647374616002,0,0,0,0
1680679647376569775,0,0,0,0
1680679647378490487,0,0,0,0
1680679647380379681,0,0,0,0
1680679647382313992,0,0,0,0
1680679647384202668,0,0,0,0
1680679647386098037,0,0,0,0
1680679647387959146,0,0,0,0
1680679647389865675,0,0,0,0
1680679647391714635,0,0,0,0
1680679647393580374,0,0,0,0
1680679647395467321,0,0,0,0
1680679647397385645,0,0,0,0
1680679647399520465,0,0,0,0
1680679647401415276,0,0,0,0
1680679647403330386,0,0,0,0
1680679647405246552,0,0,0,0
1680679647407208573,0,0,0,0
1680679647409133743,0,0,0,0
1680679647411031543,0,0,0,0
1680679647412912567,0,0,0,0
1680679647414837047,0,0,0,0
1680679647416780133,0,0,0,0
1680679647418742929,0,0,0,0
1680679647489415825,0,0,0,0
1680679647560652723,0,0,0,0
1680679647562677050,0,0,0,0
1680679647564629127,0,0,0,0
1680679647566596281,0,0,0,0
1680679647568550590,0,0,0,0
1680679647570576815,0,0,0,0
1680679647572438837,0,0,0,0
1680679647574188053,0,0,0,0
1680679647575924795,0,0,0,0
1680679647577787279,0,0,0,0
1680679647579576707,0,0,0,0
1680679647581414753,0,0,0,0
1680679647583258749,0,0,0,0
1680679647585058877,0,0,0,0
1680679647586810254,0,0,0,0
1680679647588653629,0,0,0,0
1680679647590581288,0,0,0,0
1680679647592493227,0,0,0,0
1680679647594338516,0,0,0,0
1680679647596317003,0,0,0,0
1680679647598218969,0,0,0,0
1680679647600094055,0,0,0,0
1680679647601987172,0,0,0,0
1680679647603933240,0,0,0,0
1680679647605804119,0,0,0,0
1680679647607802251,0,0,0,0
1680679647609701056,0,0,0,0
1680679647611689844,0,0,0,0
1680679647613597580,0,0,0,0
1680679647615531539,0,0,0,0
1680679647617323513,0,0,0,0
1680679647619164269,0,0,0,0
1680679647620948350,0,0,0,0
1680679647622839804,0,0,0,0
1680679647624739180,0,0,0,0
1680679647626621400,0,0,0,0
1680679647628528579,0,0,0,0
1680679647630444216,0,0,0,0
1680679647632408567,0,0,0,0
1680679647634322342,0,0,0,0
1680679647636176959,0,0,0,0
1680679647638134451,0,0,0,0
1680679647640000577,0,0,0,0
1680679647641939886,0,0,0,0
1680679647643761161,0,0,0,0
1680679647645720756,0,0,0,0
1680679647647713854,0,0,0,0
1680679647649692446,0,0,0,0
1680679647651682727,0,0,0,0
1680679647653619504,0,0,0,0
1680679647655543220,0,0,0,0
1680679647657542319,0,0,0,0
1680679647659309574,0,0,0,0
1680679647661002298,0,0,0,0
1680679647662829304,0,0,0,0
1680679647664667599,0,0,0,0
1680679647666693090,0,0,0,0
1680679647668666424,0,0,0,0
1680679647670582195,0,0,0,0
1680679647672539486,0,0,0,0
1680679647674624584,0,0,0,0
1680679647676603867,0,0,0,0
1680679647678480541,0,0,0,0
1680679647680350843,0,0,0,0
1680679647682220429,0,0,0,0
1680679647684150768,0,0,0,0
1680679647686012046,0,0,0,0
1680679647688079345,0,0,0,0
1680679647690006164,0,0,0,0
1680679647691922932,0,0,0,0
1680679647693847613,0,0,0,0
1680679647695802867,0,0,0,0
1680679647697827145,0,0,0,0
1680679647699679253,0,0,0,0
1680679647701624527,0,0,0,0
1680679647703480017,0,0,0,0
1680679647705272704,0,0,0,0
1680679647707200265,0,0,0,0
1680679647709133548,0,0,0,0
1680679647711138414,0,0,0,0
1680679647713057703,0,0,0,0
1680679647715004983,0,0,0,0
1680679647716910636,0,0,0,0
1680679647718880452,0,0,0,0
1680679647720740682,0,0,0,0
1680679647722672753,0,0,0,0
1680679647724547555,0,0,0,0
1680679647726518157,0,0,0,0
1680679647728344172,0,0,0,0
1680679647730266418,0,0,0,0
1680679647732167712,0,0,0,0
1680679647734084283,0,0,0,0
1680679647736090085,0,0,0,0
1680679647738079405,0,0,0,0
1680679647739987771,0,0,0,0
1680679647741947365,0,0,0,0
1680679647743920140,0,0,0,0
1680679647746103303,0,0,0,0
1680679647747989629,0,0,0,0
1680679647749930596,0,0,0,0
1680679647751787782,0,0,0,0
1680679647753771873,0,0,0,0
1680679647755742885,0,0,0,0
1680679647757680614,0,0,0,0
1680679647759619701,0,0,0,0
1680679647761415572,0,0,0,0
1680679647763325345,0,0,0,0
1680679647765129943,0,0,0,0
1680679647767046698,0,0,0,0
1680679647768851989,0,0,0,0
1680679647770837050,0,0,0,0
1680679647772800829,0,0,0,0
1680679647774777177,0,0,0,0
1680679647776673485,0,0,0,0
1680679647778672676,0,0,0,0
1680679647780582482,0,0,0,0
1680679647782545228,0,0,0,0
1680679647784540687,0,0,0,0
1680679647786413562,0,0,0,0
1680679647788374457,0,0,0,0
1680679647790353711,0,0,0,0
1680679647792146993,0,0,0,0
1680679647794066976,0,0,0,0
1680679647795973112,0,0,0,0
1680679647797811768,0,0,0,0
1680679647799733991,0,0,0,0
1680679647801635106,0,0,0,0
1680679647803581831,0,0,0,0
1680679647805522094,0,0,0,0
1680679647807492932,0,0,0,0
1680679647809273938,0,0,0,0
1680679647811156973,0,0,0,0
1680679647813071392,0,0,0,0
1680679647814985145,0,0,0,0
1680679647816962991,0,0,0,0
1680679647818823258,0,0,0,0
1680679647820814169,0,0,0,0
1680679647822693723,0,0,0,0
1680679647824624614,0,0,0,0
1680679647826584172,0,0,0,0
1680679647828604484,0,0,0,0
1680679647830425984,0,0,0,0
1680679647832328519,0,0,0,0
1680679647834182922,0,0,0,0
1680679647836131448,0,0,0,0
1680679647838162554,0,0,0,0
1680679647840081973,0,0,0,0
1680679647842064004,0,0,0,0
1680679647843966082,0,0,0,0
1680679647845951053,0,0,0,0
1680679647847879651,0,0,0,0
1680679647849812198,0,0,0,0
1680679647851735420,0,0,0,0
1680679647853622854,0,0,0,0
1680679647855570512,0,0,0,0
1680679647857408115,0,0,0,0
1680679647859200787,0,0,0,0
1680679647860970963,0,0,0,0
1680679647862813645,0,0,0,0
1680679647864789963,0,0,0,0
1680679647866678322,0,0,0,0
1680679647868566668,0,0,0,0
1680679647870545882,0,0,0,0
1680679647872421033,0,0,0,0
1680679647874297691,0,0,0,0
1680679647876297121,0,0,0,0
1680679647878169509,0,0,0,0
1680679647880107923,0,0,0,0
1680679647882016737,0,0,0,0
1680679647883967400,0,0,0,0
1680679647885901734,0,0,0,0
1680679647887896537,0,0,0,0
1680679647889797123,0,0,0,0
1680679647891771062,0,0,0,0
1680679647893751569,0,0,0,0
1680679647895657007,0,0,0,0
1680679647897560274,0,0,0,0
1680679647899505555,0,0,0,0
1680679647901299346,0,0,0,0
1680679647903210291,0,0,0,0
1680679647905078402,0,0,0,0
1680679647906938106,0,0,0,0
1680679647908794307,0,0,0,0
1680679647910670737,0,0,0,0
1680679647912625360,0,0,0,0
1680679647914469630,0,0,0,0
1680679647916474132,0,0,0,0
1680679647918401662,0,0,0,0
1680679647920323513,0,0,0,0
1680679647922212036,0,0,0,0
1680679647924251874,0,0,0,0
1680679647926138977,0,0,0,0
1680679647928239996,0,0,0,0
1680679647930277842,0,0,0,0
1680679647932227144,0,0,0,0
1680679647934196795,0,0,0,0
1680679647936105518,0,0,0,0
1680679647938113241,0,0,0,0
1680679647940004331,0,0,0,0
1680679647941963321,0,0,0,0
1680679647943820543,0,0,0,0
1680679647945712370,0,0,0,0
1680679647947716985,0,0,0,0
1680679647949594246,0,0,0,0
1680679647951568418,0,0,0,0
1680679647953380293,0,0,0,0
1680679647955269365,0,0,0,0
1680679647957105184,0,0,0,0
1680679647959075187,0,0,0,0
1680679647960897837,0,0,0,0
1680679647962729919,0,0,0,0
1680679647964611541,0,0,0,0
1680679647966526783,0,0,0,0
1680679647968583255,0,0,0,0
1680679647970439225,0,0,0,0
1680679647972424539,0,0,0,0
1680679647974306641,0,0,0,0
1680679647976270890,0,0,0,0
1680679647978299167,0,0,0,0
1680679647980286013,0,0,0,0
1680679647982218192,0,0,0,0
1680679647984184291,0,0,0,0
1680679647986121161,0,0,0,0
1680679647988111880,0,0,0,0
1680679647990118798,0,0,0,0
1680679647992006021,0,0,0,0
1680679647994006721,0,0,0,0
1680679647995850046,0,0,0,0
1680679647997835784,0,0,0,0
1680679647999685962,0,0,0,0
1680679648001624696,0,0,0,0
1680679648003601068,0,0,0,0
1680679648005429253,0,0,0,0
1680679648007400101,0,0,0,0
1680679648009219165,0,0,0,0
1680679648010994884,0,0,0,0
1680679648012899572,0,0,0,0
1680679648014802585,0,0,0,0
1680679648016769798,0,0,0,0
1680679648018711106,0,0,0,0
1680679648020558420,0,0,0,0
1680679648022484670,0,0,0,0
1680679648024452353,0,0,0,0
1680679648026302399,0,0,0,0
1680679648028302689,0,0,0,0
1680679648030203897,0,0,0,0
1680679648032157686,0,0,0,0
1680679648034010125,0,0,0,0
1680679648035941064,0,0,0,0
1680679648037781513,0,0,0,0
1680679648039731268,0,0,0,0
1680679648041635694,0,0,0,0
1680679648043608240,0,0,0,0
1680679648045606519,0,0,0,0
1680679648047662319,0,0,0,0
1680679648049586693,0,0,0,0
1680679648051585867,0,0,0,0
1680679648053319565,0,0,0,0
1680679648055207600,0,0,0,0
1680679648057004878,0,0,0,0
1680679648058998761,0,0,0,0
1680679648060809985,0,0,0,0
1680679648062795861,0,0,0,0
1680679648064711172,0,0,0,0
1680679648066699938,0,0,0,0
1680679648068673204,0,0,0,0
1680679648070652279,0,0,0,0
1680679648072598586,0,0,0,0
1680679648074554849,0,0,0,0
1680679648076469231,0,0,0,0
1680679648078451658,0,0,0,0
1680679648080316028,0,0,0,0
1680679648082284526,0,0,0,0
1680679648084198669,0,0,0,0
1680679648086192639,0,0,0,0
1680679648088117790,0,0,0,0
1680679648090079480,0,0,0,0
1680679648092156037,0,0,0,0
1680679648094111809,0,0,0,0
1680679648096084764,0,0,0,0
1680679648098032435,0,0,0,0
1680679648099902490,0,0,0,0
1680679648101770784,0,0,0,0
1680679648103718718,0,0,0,0
1680679648105626464,0,0,0,0
1680679648107654591,0,0,0,0
1680679648109585062,0,0,0,0
1680679648111553048,0,0,0,0
1680679648113367590,0,0,0,0
1680679648115152136,0,0,0,0
1680679648117049726,0,0,0,0
1680679648118907577,0,0,0,0
1680679648120813814,0,0,0,0
1680679648122717677,0,0,0,0
1680679648124713344,0,0,0,0
1680679648126695511,0,0,0,0
1680679648128582209,0,0,0,0
1680679648130506791,0,0,0,0
1680679648132347182,0,0,0,0
1680679648134257960,0,0,0,0
1680679648136218366,0,0,0,0
1680679648138172553,0,0,0,0
1680679648140107788,0,0,0,0
1680679648142043098,0,0,0,0
1680679648144029506,0,0,0,0
1680679648145904162,0,0,0,0
1680679648147855109,0,0,0,0
1680679648149813932,0,0,0,0
1680679648151740138,0,0,0,0
1680679648153632337,0,0,0,0
1680679648155618540,0,0,0,0
1680679648157436549,0,0,0,0
1680679648159357756,0,0,0,0
1680679648161118420,0,0,0,0
1680679648163028479,0,0,0,0
1680679648164861946,0,0,0,0
1680679648166816384,0,0,0,0
1680679648168741458,0,0,0,0
1680679648170627222,0,0,0,0
1680679648172468876,0,0,0,0
1680679648174430603,0,0,0,0
1680679648176269000,0,0,0,0
1680679648178242359,0,0,0,0
1680679648180065925,0,0,0,0
1680679648182065968,0,0,0,0
1680679648183986770,0,0,0,0
1680679648186002469,0,0,0,0
1680679648187919623,0,0,0,0
1680679648189931265,0,0,0,0
1680679648191866090,0,0,0,0
1680679648193885463,0,0,0,0
1680679648195981590,0,0,0,0
1680679648197901596,0,0,0,0
1680679648199878928,0,0,0,0
1680679648201782512,0,0,0,0
1680679648203612071,0,0,0,0
1680679648205467662,0,0,0,0
1680679648207290085,0,0,0,0
1680679648209071660,0,0,0,0
1680679648210999436,0,0,0,0
1680679648212811330,0,0,0,0
1680679648214737948,0,0,0,0
1680679648216738305,0,0,0,0
1680679648218793506,0,0,0,0
1680679648220680537,0,0,0,0
1680679648222635479,0,0,0,0
1680679648224549817,0,0,0,0
1680679648226377467,0,0,0,0
1680679648228297122,0,0,0,0
1680679648230275964,0,0,0,0
1680679648232163531,0,0,0,0
1680679648234118097,0,0,0,0
1680679648236014848,0,0,0,0
1680679648237993455,0,0,0,0
1680679648239995141,0,0,0,0
1680679648241909859,0,0,0,0
1680679648243890236,0,0,0,0
1680679648245760632,0,0,0,0
1680679648247709815,0,0,0,0
1680679648249583394,0,0,0,0
1680679648251553764,0,0,0,0
1680679648253407970,0,0,0,0
1680679648255319400,0,0,0,0
1680679648257209355,0,0,0,0
1680679648259171022,0,0,0,0
1680679648261000628,0,0,0,0
1680679648262963269,0,0,0,0
1680679648264821704,0,0,0,0
1680679648266765367,0,0,0,0
1680679648268792574,0,0,0,0
1680679648270754340,0,0,0,0
1680679648272618422,0,0,0,0
1680679648274490844,0,0,0,0
1680679648276461183,0,0,0,0
1680679648278400659,0,0,0,0
1680679648280311820,0,0,0,0
1680679648282301638,0,0,0,0
1680679648284203805,0,0,0,0
1680679648286199467,0,0,0,0
1680679648288199750,0,0,0,0
1680679648290093240,0,0,0,0
1680679648292014075,0,0,0,0
1680679648293990126,0,0,0,0
1680679648295814108,0,0,0,0
1680679648297832090,0,0,0,0
1680679648299729497,0,0,0,0
1680679648301668495,0,0,0,0
1680679648303659798,0,0,0,0
1680679648305558724,0,0,0,0
1680679648307556487,0,0,0,0
1680679648309440589,0,0,0,0
1680679648311286771,0,0,0,0
1680679648313133594,0,0,0,0
1680679648315025432,0,0,0,0
1680679648316938850,0,0,0,0
1680679648318849000,0,0,0,0
1680679648320816603,0,0,0,0
1680679648322716865,0,0,0,0
1680679648324690940,0,0,0,0
1680679648326703667,0,0,0,0
1680679648328631419,0,0,0,0
1680679648330610455,0,0,0,0
1680679648332512262,0,0,0,0
1680679648334408572,0,0,0,0
1680679648336415760,0,0,0,0
1680679648338378330,0,0,0,0
1680679648340200253,0,0,0,0
1680679648342173956,0,0,0,0
1680679648344038764,0,0,0,0
1680679648345968236,0,0,0,0
1680679648347895117,0,0,0,0
1680679648349907189,0,0,0,0
1680679648351812864,0,0,0,0
1680679648353831129,0,0,0,0
1680679648355703144,0,0,0,0
1680679648357614586,0,0,0,0
1680679648359621237,0,0,0,0
1680679648361439124,0,0,0,0
1680679648363375750,0,0,0,0
1680679648365224302,0,0,0,0
1680679648366982377,0,0,0,0
1680679648368802752,0,0,0,0
1680679648370791030,0,0,0,0
1680679648372827860,0,0,0,0
1680679648374770128,0,0,0,0
1680679648376694598,0,0,0,0
1680679648378643885,0,0,0,0
1680679648380588715,0,0,0,0
1680679648382495434,0,0,0,0
1680679648384374148,0,0,0,0
1680679648386240782,0,0,0,0
1680679648388156024,0,0,0,0
1680679648390126791,0,0,0,0
1680679648392161254,0,0,0,0
1680679648394110073,0,0,0,0
1680679648395981198,0,0,0,0
1680679648397947693,0,0,0,0
1680679648399903487,0,0,0,0
1680679648401806157,0,0,0,0
1680679648403614730,0,0,0,0
1680679648405406723,0,0,0,0
1680679648407339052,0,0,0,0
1680679648409246159,0,0,0,0
1680679648411084169,0,0,0,0
1680679648413013869,0,0,0,0
1680679648414933697,0,0,0,0
1680679648416787896,0,0,0,0
1680679648418702215,0,0,0,0
1680679648420559816,0,0,0,0
1680679648422516467,0,0,0,0
1680679648424426793,0,0,0,0
1680679648426329999,0,0,0,0
1680679648428344991,0,0,0,0
1680679648430250992,0,0,0,0
1680679648432242595,0,0,0,0
1680679648434126238,0,0,0,0
1680679648436062462,0,0,0,0
1680679648437949763,0,0,0,0
1680679648439904069,0,0,0,0
1680679648441791399,0,0,0,0
1680679648443688117,0,0,0,0
1680679648445659045,0,0,0,0
1680679648447606731,0,0,0,0
1680679648449454643,0,0,0,0
1680679648451254463,0,0,0,0
1680679648453176305,0,0,0,0
1680679648454916894,0,0,0,0
1680679648456750602,0,0,0,0
1680679648458611327,0,0,0,0
1680679648460571842,0,0,0,0
1680679648462463576,0,0,0,0
1680679648464409887,0,0,0,0
1680679648466273753,0,0,0,0
1680679648468194779,0,0,0,0
1680679648470085965,0,0,0,0
1680679648471998333,0,0,0,0
1680679648473892295,0,0,0,0
1680679648475697297,0,0,0,0
1680679648477651283,0,0,0,0
1680679648479604150,0,0,0,0
1680679648481441965,0,0,0,0
1680679648483288070,0,0,0,0
1680679648485131172,0,0,0,0
1680679648487057595,0,0,0,0
1680679648489054281,0,0,0,0
1680679648490971200,0,0,0,0
1680679648492933354,0,0,0,0
1680679648494770264,0,0,0,0
1680679648496646523,0,0,0,0
1680679648498607201,0,0,0,0
1680679648500476283,0,0,0,0
1680679648502479368,0,0,0,0
1680679648504382780,0,0,0,0
1680679648506389043,0,0,0,0
1680679648508288289,0,0,0,0
1680679648510277152,0,0,0,0
1680679648512168982,0,0,0,0
1680679648514099905,0,0,0,0
1680679648515986584,0,0,0,0
1680679648517952518,0,0,0,0
1680679648519899972,0,0,0,0
1680679648521888695,0,0,0,0
1680679648523785381,0,0,0,0
1680679648525714308,0,0,0,0
1680679648527635606,0,0,0,0
1680679648529655321,0,0,0,0
1680679648531629327,0,0,0,0
1680679648533572024,0,0,0,0
1680679648535390605,0,0,0,0
1680679648537238884,0,0,0,0
1680679648539007812,0,0,0,0
1680679648540869363,0,0,0,0
1680679648542740164,0,0,0,0
1680679648544768387,0,0,0,0
1680679648546621282,0,0,0,0
1680679648548569188,0,0,0,0
1680679648550530434,0,0,0,0
1680679648552424405,0,0,0,0
1680679648554365807,0,0,0,0
1680679648556245588,0,0,0,0
1680679648558228952,0,0,0,0
1680679648560180499,0,0,0,0
1680679648562129154,0,0,0,0
1680679648564130892,0,0,0,0
1680679648566060298,0,0,0,0
1680679648567994489,0,0,0,0
1680679648570023248,0,0,0,0
1680679648571900407,0,0,0,0
1680679648573902625,0,0,0,0
1680679648575762615,0,0,0,0
1680679648577746023,0,0,0,0
1680679648579640360,0,0,0,0
1680679648581563194,0,0,0,0
1680679648583407720,0,0,0,0
1680679648585158563,0,0,0,0
1680679648586900938,0,0,0,0
1680679648588631748,0,0,0,0
1680679648590335622,0,0,0,0
1680679648592193388,0,0,0,0
1680679648594083470,0,0,0,0
1680679648595914590,0,0,0,0
1680679648597667828,0,0,0,0
1680679648599486498,0,0,0,0
1680679648601669285,0,0,0,0
1680679648603484836,0,0,0,0
1680679648605384482,0,0,0,0
1680679648607147055,0,0,0,0
1680679648609064731,0,0,0,0
1680679648610885301,0,0,0,0
1680679648612777536,0,0,0,0
1680679648614792628,0,0,0,0
1680679648616549501,0,0,0,0
1680679648618386517,0,0,0,0
1680679648620223882,0,0,0,0
1680679648622001810,0,0,0,0
1680679648623743152,0,0,0,0
1680679648625453816,0,0,0,0
1680679648627219337,0,0,0,0
1680679648629066818,0,0,0,0
1680679648630874318,0,0,0,0
1680679648632776672,0,0,0,0
1680679648634618838,0,0,0,0
1680679648636454511,0,0,0,0
1680679648638706007,0,0,0,0
1680679648640624420,0,0,0,0
1680679648642629318,0,0,0,0
1680679648644471464,0,0,0,0
1680679648646354342,0,0,0,0
1680679648648266072,0,0,0,0
1680679648666849745,0,0,0,0
1680679648668786737,0,0,0,0
1680679648670788306,0,0,0,0
1680679648672785690,0,0,0,0
1680679648674771827,0,0,0,0
1680679648676618223,0,0,0,0
1680679648678754152,0,0,0,0
1680679648680711609,0,0,0,0
1680679648682646385,0,0,0,0
1680679648684570705,0,0,0,0
1680679648686544673,0,0,0,0
1680679648688491801,0,0,0,0
1680679648690473391,0,0,0,0
1680679648693346922,0,0,0,0
1680679648695304066,0,0,0,0
1680679648697249461,0,0,0,0
1680679648699253159,0,0,0,0
1680679648701210245,0,0,0,0
1680679648703158417,0,0,0,0
1680679648705105573,0,0,0,0
1680679648707058549,0,0,0,0
1680679648709031022,0,0,0,0
1680679648710869209,0,0,0,0
1680679648712802203,0,0,0,0
1680679648714707179,0,0,0,0
1680679648716598997,0,0,0,0
1680679648718549165,0,0,0,0
1680679648720499598,0,0,0,0
1680679648722435635,0,0,0,0
1680679648724363888,0,0,0,0
1680679648726267512,0,0,0,0
1680679648728168737,0,0,0,0
1680679648730144090,0,0,0,0
1680679648732077904,0,0,0,0
1680679648733993954,0,0,0,0
1680679648735909739,0,0,0,0
1680679648737826060,0,0,0,0
1680679648739780225,0,0,0,0
1680679648741695860,0,0,0,0
1680679648744439107,0,0,0,0
1680679648746683816,0,0,0,0
1680679648748727559,0,0,0,0
1680679648823273782,0,0,0,0
1680679648895097298,0,0,0,0
1680679648897071444,0,0,0,0
1680679648899046235,0,0,0,0
1680679648901008270,0,0,0,0
1680679648902952626,0,0,0,0
1680679648904912735,0,0,0,0
1680679648906955359,0,0,0,0
1680679648908702632,0,0,0,0
1680679648910606118,0,0,0,0
1680679648912348983,0,0,0,0
1680679648914313878,0,0,0,0
1680679648916116660,0,0,0,0
1680679648918032023,0,0,0,0
1680679648920027041,0,0,0,0
1680679648921961060,0,0,0,0
1680679648923898857,0,0,0,0
1680679648925672388,0,0,0,0
1680679648927563930,0,0,0,0
1680679648929347912,0,0,0,0
1680679648931192115,0,0,0,0
1680679648932990508,0,0,0,0
1680679648934815823,0,0,0,0
1680679648936637369,0,0,0,0
1680679648938639496,0,0,0,0
1680679648940573334,0,0,0,0
1680679648942537409,0,0,0,0
1680679648944439523,0,0,0,0
1680679648946392504,0,0,0,0
1680679648948272632,0,0,0,0
1680679648950199718,0,0,0,0
1680679648952028777,0,0,0,0
1680679648953994655,0,0,0,0
1680679648955814928,0,0,0,0
1680679648957771571,0,0,0,0
1680679648959730078,0,0,0,0
1680679648961693902,0,0,0,0
1680679648963703509,0,0,0,0
1680679648965552829,0,0,0,0
1680679648967482128,0,0,0,0
1680679648969344466,0,0,0,0
1680679648971230489,0,0,0,0
1680679648973024382,0,0,0,0
1680679648975099304,0,0,0,0
1680679648976823279,0,0,0,0
1680679648978793600,0,0,0,0
1680679648980812320,0,0,0,0
1680679648982684694,0,0,0,0
1680679648984639229,0,0,0,0
1680679648986567964,0,0,0,0
1680679648988409273,0,0,0,0
1680679648990386365,0,0,0,0
1680679648992256582,0,0,0,0
1680679648994072883,0,0,0,0
1680679648995975327,0,0,0,0
1680679648997862709,0,0,0,0
1680679648999901718,0,0,0,0
1680679649001746102,0,0,0,0
1680679649003631544,0,0,0,0
1680679649005600915,0,0,0,0
1680679649007487397,0,0,0,0
1680679649009389702,0,0,0,0
1680679649011254226,0,0,0,0
1680679649013163342,0,0,0,0
1680679649014986707,0,0,0,0
1680679649016815509,0,0,0,0
1680679649018765271,0,0,0,0
1680679649020648997,0,0,0,0
1680679649022502111,0,0,0,0
1680679649024439510,0,0,0,0
1680679649026347240,0,0,0,0
1680679649028239179,0,0,0,0
1680679649030189525,0,0,0,0
1680679649032161620,0,0,0,0
1680679649034070946,0,0,0,0
1680679649036003376,0,0,0,0
1680679649037814887,0,0,0,0
1680679649039788849,0,0,0,0
1680679649041665164,0,0,0,0
1680679649043650114,0,0,0,0
1680679649045567681,0,0,0,0
1680679649047543760,0,0,0,0
1680679649049362795,0,0,0,0
1680679649051234788,0,0,0,0
1680679649053148440,0,0,0,0
1680679649055036360,0,0,0,0
1680679649056948926,0,0,0,0
1680679649058851745,0,0,0,0
1680679649060760686,0,0,0,0
1680679649062633165,0,0,0,0
1680679649064606492,0,0,0,0
1680679649066532707,0,0,0,0
1680679649068494945,0,0,0,0
1680679649070441064,0,0,0,0
1680679649072422239,0,0,0,0
1680679649074377253,0,0,0,0
1680679649076284878,0,0,0,0
1680679649078175113,0,0,0,0
1680679649080205005,0,0,0,0
1680679649082088559,0,0,0,0
1680679649083866737,0,0,0,0
1680679649085755323,0,0,0,0
1680679649087643625,0,0,0,0
1680679649089558620,0,0,0,0
1680679649091506722,0,0,0,0
1680679649093275833,0,0,0,0
1680679649095226719,0,0,0,0
1680679649097054893,0,0,0,0
1680679649099017235,0,0,0,0
1680679649100838325,0,0,0,0
1680679649102722325,0,0,0,0
1680679649104529701,0,0,0,0
1680679649106525524,0,0,0,0
1680679649108395891,0,0,0,0
1680679649110415038,0,0,0,0
1680679649112366548,0,0,0,0
1680679649114478884,0,0,0,0
1680679649116471958,0,0,0,0
1680679649118443448,0,0,0,0
1680679649120365854,0,0,0,0
1680679649122250905,0,0,0,0
1680679649124100951,0,0,0,0
1680679649126073658,0,0,0,0
1680679649127993138,0,0,0,0
1680679649130010091,0,0,0,0
1680679649131928333,0,0,0,0
1680679649133908196,0,0,0,0
1680679649135802990,0,0,0,0
1680679649137779049,0,0,0,0
1680679649139677908,0,0,0,0
1680679649141576769,0,0,0,0
1680679649143543212,0,0,0,0
1680679649145305218,0,0,0,0
1680679649147129260,0,0,0,0
1680679649148943528,0,0,0,0
1680679649150971782,0,0,0,0
1680679649152810047,0,0,0,0
1680679649154791453,0,0,0,0
1680679649156708296,0,0,0,0
1680679649158720147,0,0,0,0
1680679649160637198,0,0,0,0
1680679649162586919,0,0,0,0
1680679649164477602,0,0,0,0
1680679649166372552,0,0,0,0
1680679649168268798,0,0,0,0
1680679649170248846,0,0,0,0
1680679649172078796,0,0,0,0
1680679649174061190,0,0,0,0
1680679649175899960,0,0,0,0
1680679649177839407,0,0,0,0
1680679649179731871,0,0,0,0
1680679649181737840,0,0,0,0
1680679649183740590,0,0,0,0
1680679649185672473,0,0,0,0
1680679649187684003,0,0,0,0
1680679649189602510,0,0,0,0
1680679649191672633,0,0,0,0
1680679649193512895,0,0,0,0
1680679649195478683,0,0,0,0
1680679649197239591,0,0,0,0
1680679649199083081,0,0,0,0
1680679649201019560,0,0,0,0
1680679649202939239,0,0,0,0
1680679649204863287,0,0,0,0
1680679649206777252,0,0,0,0
1680679649208783990,0,0,0,0
1680679649210747269,0,0,0,0
1680679649212731269,0,0,0,0
1680679649214572449,0,0,0,0
1680679649216535041,0,0,0,0
1680679649218425931,0,0,0,0
1680679649220490541,0,0,0,0
1680679649222410492,0,0,0,0
1680679649224331626,0,0,0,0
1680679649226282509,0,0,0,0
1680679649228231799,0,0,0,0
1680679649230286022,0,0,0,0
1680679649232205252,0,0,0,0
1680679649234193539,0,0,0,0
1680679649236062841,0,0,0,0
1680679649238036256,0,0,0,0
1680679649239932126,0,0,0,0
1680679649241907833,0,0,0,0
1680679649243765405,0,0,0,0
1680679649245735378,0,0,0,0
1680679649247670476,0,0,0,0
1680679649249580515,0,0,0,0
1680679649251621442,0,0,0,0
1680679649253607796,0,0,0,0
1680679649255659587,0,0,0,0
1680679649257527918,0,0,0,0
1680679649259462339,0,0,0,0
1680679649261312018,0,0,0,0
1680679649263151445,0,0,0,0
1680679649264881782,0,0,0,0
1680679649266850682,0,0,0,0
1680679649268748361,0,0,0,0
1680679649270696162,0,0,0,0
1680679649272596767,0,0,0,0
1680679649274649274,0,0,0,0
1680679649276578165,0,0,0,0
1680679649278477991,0,0,0,0
1680679649280448328,0,0,0,0
1680679649282280168,0,0,0,0
1680679649284206526,0,0,0,0
1680679649286079306,0,0,0,0
1680679649287983098,0,0,0,0
1680679649290030865,0,0,0,0
1680679649291916493,0,0,0,0
1680679649293895771,0,0,0,0
1680679649295770605,0,0,0,0
1680679649297738000,0,0,0,0
1680679649299663502,0,0,0,0
1680679649301576604,0,0,0,0
1680679649303544895,0,0,0,0
1680679649305354681,0,0,0,0
1680679649307282504,0,0,0,0
1680679649309139385,0,0,0,0
1680679649311188657,0,0,0,0
1680679649313038489,0,0,0,0
1680679649315116580,0,0,0,0
1680679649316920335,0,0,0,0
1680679649318889430,0,0,0,0
1680679649320802033,0,0,0,0
1680679649322720225,0,0,0,0
1680679649324518677,0,0,0,0
1680679649326384435,0,0,0,0
1680679649328242409,0,0,0,0
1680679649330183376,0,0,0,0
1680679649332151631,0,0,0,0
1680679649334078037,0,0,0,0
1680679649336086279,0,0,0,0
1680679649337967527,0,0,0,0
1680679649339943277,0,0,0,0
1680679649341832395,0,0,0,0
1680679649343783310,0,0,0,0
1680679649345650571,0,0,0,0
1680679649347607382,0,0,0,0
1680679649349398830,0,0,0,0
1680679649351244970,0,0,0,0
1680679649353136730,0,0,0,0
1680679649355081536,0,0,0,0
1680679649356866085,0,0,0,0
1680679649358847931,0,0,0,0
1680679649360850929,0,0,0,0
1680679649362761573,0,0,0,0
1680679649364684440,0,0,0,0
1680679649366586121,0,0,0,0
1680679649368516620,0,0,0,0
1680679649370458670,0,0,0,0
1680679649372390438,0,0,0,0
1680679649374232079,0,0,0,0
1680679649376136407,0,0,0,0
1680679649378069420,0,0,0,0
1680679649380115418,0,0,0,0
1680679649381997154,0,0,0,0
1680679649383932404,0,0,0,0
1680679649385947122,0,0,0,0
1680679649387851945,0,0,0,0
1680679649389841533,0,0,0,0
1680679649391847922,0,0,0,0
1680679649393768652,0,0,0,0
1680679649395777601,0,0,0,0
1680679649397542985,0,0,0,0
1680679649399246379,0,0,0,0
1680679649401072783,0,0,0,0
1680679649402977775,0,0,0,0
1680679649404811765,0,0,0,0
1680679649406691280,0,0,0,0
1680679649408637067,0,0,0,0
1680679649410573221,0,0,0,0
1680679649412511089,0,0,0,0
1680679649414482750,0,0,0,0
1680679649416374088,0,0,0,0
1680679649418354894,0,0,0,0
1680679649420255555,0,0,0,0
1680679649422168523,0,0,0,0
1680679649424140910,0,0,0,0
1680679649426049925,0,0,0,0
1680679649427897582,0,0,0,0
1680679649429869334,0,0,0,0
1680679649431749508,0,0,0,0
1680679649433671475,0,0,0,0
1680679649435559068,0,0,0,0
1680679649437430227,0,0,0,0
1680679649439331634,0,0,0,0
1680679649441250397,0,0,0,0
1680679649443135893,0,0,0,0
1680679649444956832,0,0,0,0
1680679649446837802,0,0,0,0
1680679649448785945,0,0,0,0
1680679649450669731,0,0,0,0
1680679649452632025,0,0,0,0
1680679649454551320,0,0,0,0
1680679649456523858,0,0,0,0
1680679649458417477,0,0,0,0
1680679649460335127,0,0,0,0
1680679649462344706,0,0,0,0
1680679649464235702,0,0,0,0
1680679649466291061,0,0,0,0
1680679649468135665,0,0,0,0
1680679649470109667,0,0,0,0
1680679649472080939,0,0,0,0
1680679649473953013,0,0,0,0
1680679649475951266,0,0,0,0
1680679649477770740,0,0,0,0
1680679649479708435,0,0,0,0
1680679649481684698,0,0,0,0
1680679649483663285,0,0,0,0
1680679649485670148,0,0,0,0
1680679649487642242,0,0,0,0
1680679649489633077,0,0,0,0
1680679649491641071,0,0,0,0
1680679649493419933,0,0,0,0
1680679649495207285,0,0,0,0
1680679649497095557,0,0,0,0
1680679649498783708,0,0,0,0
1680679649500695469,0,0,0,0
1680679649502628144,0,0,0,0
1680679649504587887,0,0,0,0
1680679649506465141,0,0,0,0
1680679649508392020,0,0,0,0
1680679649510303428,0,0,0,0
1680679649512335440,0,0,0,0
1680679649514201427,0,0,0,0
1680679649516148388,0,0,0,0
1680679649518113244,0,0,0,0
1680679649520018714,0,0,0,0
1680679649521928913,0,0,0,0
1680679649523888036,0,0,0,0
1680679649525956126,0,0,0,0
1680679649527865756,0,0,0,0
1680679649529732203,0,0,0,0
1680679649531698813,0,0,0,0
1680679649533597248,0,0,0,0
1680679649535647683,0,0,0,0
1680679649537386559,0,0,0,0
1680679649539169682,0,0,0,0
1680679649540934993,0,0,0,0
1680679649542871279,0,0,0,0
1680679649544775097,0,0,0,0
1680679649546724556,0,0,0,0
1680679649548738646,0,0,0,0
1680679649550644773,0,0,0,0
1680679649552614579,0,0,0,0
1680679649554581578,0,0,0,0
1680679649556452640,0,0,0,0
1680679649558428162,0,0,0,0
1680679649560274393,0,0,0,0
1680679649562175536,0,0,0,0
1680679649564123106,0,0,0,0
1680679649566037644,0,0,0,0
1680679649567937174,0,0,0,0
1680679649569948613,0,0,0,0
1680679649571836056,0,0,0,0
1680679649573793818,0,0,0,0
1680679649575728085,0,0,0,0
1680679649577673093,0,0,0,0
1680679649579606409,0,0,0,0
1680679649581509531,0,0,0,0
1680679649583323742,0,0,0,0
1680679649585195577,0,0,0,0
1680679649587037467,0,0,0,0
1680679649588875953,0,0,0,0
1680679649590718579,0,0,0,0
1680679649592638769,0,0,0,0
1680679649594542610,0,0,0,0
1680679649596534211,0,0,0,0
1680679649598410624,0,0,0,0
1680679649600375411,0,0,0,0
1680679649602283901,0,0,0,0
1680679649604191604,0,0,0,0
1680679649606173170,0,0,0,0
1680679649608073648,0,0,0,0
1680679649610068415,0,0,0,0
1680679649612115454,0,0,0,0
1680679649613998562,0,0,0,0
1680679649615995551,0,0,0,0
1680679649617885293,0,0,0,0
1680679649619796068,0,0,0,0
1680679649621699810,0,0,0,0
1680679649623595449,0,0,0,0
1680679649625554963,0,0,0,0
1680679649627487271,0,0,0,0
1680679649629350920,0,0,0,0
1680679649631222622,0,0,0,0
1680679649633135068,0,0,0,0
1680679649635043831,0,0,0,0
1680679649636953599,0,0,0,0
1680679649638850165,0,0,0,0
1680679649640811662,0,0,0,0
1680679649642708644,0,0,0,0
1680679649644685551,0,0,0,0
1680679649646548457,0,0,0,0
1680679649648522292,0,0,0,0
1680679649650423155,0,0,0,0
1680679649652352769,0,0,0,0
1680679649654321623,0,0,0,0
1680679649656231249,0,0,0,0
1680679649658189681,0,0,0,0
1680679649660075747,0,0,0,0
1680679649662096201,0,0,0,0
1680679649663934911,0,0,0,0
1680679649665929358,0,0,0,0
1680679649667805568,0,0,0,0
1680679649669756503,0,0,0,0
1680679649671814653,0,0,0,0
1680679649673803628,0,0,0,0
1680679649675715887,0,0,0,0
1680679649677678751,0,0,0,0
1680679649679549123,0,0,0,0
1680679649681563868,0,0,0,0
1680679649683601271,0,0,0,0
1680679649685341946,0,0,0,0
1680679649687093273,0,0,0,0
1680679649688902965,0,0,0,0
1680679649690864121,0,0,0,0
1680679649692766764,0,0,0,0
1680679649694680258,0,0,0,0
1680679649696705155,0,0,0,0
1680679649698573787,0,0,0,0
1680679649700540634,0,0,0,0
1680679649702525075,0,0,0,0
1680679649704393090,0,0,0,0
1680679649706365645,0,0,0,0
1680679649708165031,0,0,0,0
1680679649710099038,0,0,0,0
1680679649711991440,0,0,0,0
1680679649713961547,0,0,0,0
1680679649715955071,0,0,0,0
1680679649717812331,0,0,0,0
1680679649719789821,0,0,0,0
1680679649721767297,0,0,0,0
1680679649723682927,0,0,0,0
1680679649725663382,0,0,0,0
1680679649727489664,0,0,0,0
1680679649729366655,0,0,0,0
1680679649731259985,0,0,0,0
1680679649733145302,0,0,0,0
1680679649735037567,0,0,0,0
1680679649736945380,0,0,0,0
1680679649738867685,0,0,0,0
1680679649740810032,0,0,0,0
1680679649742731059,0,0,0,0
1680679649744700010,0,0,0,0
1680679649746942249,0,0,0,0
1680679649748814759,0,0,0,0
1680679649750661659,0,0,0,0
1680679649752655448,0,0,0,0
1680679649754548514,0,0,0,0
1680679649756535165,0,0,0,0
1680679649758422495,0,0,0,0
1680679649760395886,0,0,0,0
1680679649762293112,0,0,0,0
1680679649764184755,0,0,0,0
1680679649766163989,0,0,0,0
1680679649768090468,0,0,0,0
1680679649770082398,0,0,0,0
1680679649772044153,0,0,0,0
1680679649774014155,0,0,0,0
1680679649776000682,0,0,0,0
1680679649777906812,0,0,0,0
1680679649779848882,0,0,0,0
1680679649781738305,0,0,0,0
1680679649783680631,0,0,0,0
1680679649785539554,0,0,0,0
1680679649787504920,0,0,0,0
1680679649789344575,0,0,0,0
1680679649791298955,0,0,0,0
1680679649793163614,0,0,0,0
1680679649795037322,0,0,0,0
1680679649797012232,0,0,0,0
1680679649798967831,0,0,0,0
1680679649800950379,0,0,0,0
1680679649802919620,0,0,0,0
1680679649804782152,0,0,0,0
1680679649806671824,0,0,0,0
1680679649808643318,0,0,0,0
1680679649810559750,0,0,0,0
1680679649812568037,0,0,0,0
1680679649814500618,0,0,0,0
1680679649816442957,0,0,0,0
1680679649818378607,0,0,0,0
1680679649820302990,0,0,0,0
1680679649822252080,0,0,0,0
1680679649824182527,0,0,0,0
1680679649826081511,0,0,0,0
1680679649828013236,0,0,0,0
1680679649829872794,0,0,0,0
1680679649831804048,0,0,0,0
1680679649833774631,0,0,0,0
1680679649835628805,0,0,0,0
1680679649837560102,0,0,0,0
1680679649839468814,0,0,0,0
1680679649841301868,0,0,0,0
1680679649843268607,0,0,0,0
1680679649845111259,0,0,0,0
1680679649846904747,0,0,0,0
1680679649848812057,0,0,0,0
1680679649850715920,0,0,0,0
1680679649852631726,0,0,0,0
1680679649854532453,0,0,0,0
1680679649856552819,0,0,0,0
1680679649858410861,0,0,0,0
1680679649860304306,0,0,0,0
1680679649862234174,0,0,0,0
1680679649864150824,0,0,0,0
1680679649866035987,0,0,0,0
1680679649867977297,0,0,0,0
1680679649869916408,0,0,0,0
1680679649872019817,0,0,0,0
1680679649874018157,0,0,0,0
1680679649875973892,0,0,0,0
1680679649877923790,0,0,0,0
1680679649879792993,0,0,0,0
1680679649881691104,0,0,0,0
1680679649883681046,0,0,0,0
1680679649885560764,0,0,0,0
1680679649887549619,0,0,0,0
1680679649889384037,0,0,0,0
1680679649891321676,0,0,0,0
1680679649893220254,0,0,0,0
1680679649895044436,0,0,0,0
1680679649897033274,0,0,0,0
1680679649898979449,0,0,0,0
1680679649900888243,0,0,0,0
1680679649902808046,0,0,0,0
1680679649904681654,0,0,0,0
1680679649906561682,0,0,0,0
1680679649908553513,0,0,0,0
1680679649910497355,0,0,0,0
1680679649912504410,0,0,0,0
1680679649914415837,0,0,0,0
1680679649916394439,0,0,0,0
1680679649918249856,0,0,0,0
1680679649920046603,0,0,0,0
1680679649921904264,0,0,0,0
1680679649923708259,0,0,0,0
1680679649925697586,0,0,0,0
1680679649927639469,0,0,0,0
1680679649929800896,0,0,0,0
1680679649931794339,0,0,0,0
1680679649933703525,0,0,0,0
1680679649935828736,0,0,0,0
1680679649937828126,0,0,0,0
1680679649939722321,0,0,0,0
1680679649941681923,0,0,0,0
1680679649943761086,0,0,0,0
1680679649945632585,0,0,0,0
1680679649947573084,0,0,0,0
1680679649949561552,0,0,0,0
1680679649951387544,0,0,0,0
1680679649953249511,0,0,0,0
1680679649955143593,0,0,0,0
1680679649957036308,0,0,0,0
1680679649958846941,0,0,0,0
1680679649960800432,0,0,0,0
1680679649962897478,0,0,0,0
1680679649964769825,0,0,0,0
1680679649966728963,0,0,0,0
1680679649968707826,0,0,0,0
1680679649970573554,0,0,0,0
1680679649972496711,0,0,0,0
1680679649974288691,0,0,0,0
1680679649976138227,0,0,0,0
1680679649978005466,0,0,0,0
1680679649979921523,0,0,0,0
1680679649981875799,0,0,0,0
1680679649983717836,0,0,0,0
1680679649985552596,0,0,0,0
1680679649987408797,0,0,0,0
1680679649989230663,0,0,0,0
1680679649991029084,0,0,0,0
1680679649992896730,0,0,0,0
1680679649994735165,0,0,0,0
1680679649996661543,0,0,0,0
1680679649998506158,0,0,0,0
1680679650000417311,0,0,0,0
1680679650002408911,0,0,0,0
1680679650004288317,0,0,0,0
1680679650006112667,0,0,0,0
1680679650008001371,0,0,0,0
1680679650009811993,0,0,0,0
1680679650011713686,0,0,0,0
1680679650013693770,0,0,0,0
1680679650015632165,0,0,0,0
1680679650017548053,0,0,0,0
1680679650019461099,0,0,0,0
1680679650021367674,0,0,0,0
1680679650023311885,0,0,0,0
1680679650025232823,0,0,0,0
1680679650027166582,0,0,0,0
1680679650029077411,0,0,0,0
1680679650030973966,0,0,0,0
1680679650032918044,0,0,0,0
1680679650034856382,0,0,0,0
1680679650036823976,0,0,0,0
1680679650038774589,0,0,0,0
1680679650040709556,0,0,0,0
1680679650042667311,0,0,0,0
1680679650045425951,0,0,0,0
1680679650047395229,0,0,0,0
1680679650049391813,0,0,0,0
1680679650051334771,0,0,0,0
1680679650053335504,0,0,0,0
1680679650055266286,0,0,0,0
1680679650057282338,0,0,0,0
1680679650059206527,0,0,0,0
1680679650061096105,0,0,0,0
1680679650063052108,0,0,0,0
1680679650064919020,0,0,0,0
1680679650066808207,0,0,0,0
1680679650068727227,0,0,0,0
1680679650070665357,0,0,0,0
1680679650072617460,0,0,0,0
1680679650074572271,0,0,0,0
1680679650076534538,0,0,0,0
1680679650079512528,0,0,0,0
1680679650081544732,0,0,0,0
1680679650083669664,0,0,0,0
1680679650155197835,0,0,0,0
1680679650226540598,0,0,0,0
1680679650228466040,0,0,0,0
1680679650230399170,0,0,0,0
1680679650232350146,0,0,0,0
1680679650234273377,0,0,0,0
1680679650236216318,0,0,0,0
1680679650238071967,0,0,0,0
1680679650239835896,0,0,0,0
1680679650241666628,0,0,0,0
1680679650243582521,0,0,0,0
1680679650245519131,0,0,0,0
1680679650247368585,0,0,0,0
1680679650249228103,0,0,0,0
1680679650251032922,0,0,0,0
1680679650252857632,0,0,0,0
1680679650254637838,0,0,0,0
1680679650256477528,0,0,0,0
1680679650258361182,0,0,0,0
1680679650260262401,0,0,0,0
1680679650262131075,0,0,0,0
1680679650264095089,0,0,0,0
1680679650265942312,0,0,0,0
1680679650267890610,0,0,0,0
1680679650269805845,0,0,0,0
1680679650271650362,0,0,0,0
1680679650273568869,0,0,0,0
1680679650275329651,0,0,0,0
1680679650277157545,0,0,0,0
1680679650278922699,0,0,0,0
1680679650280751313,0,0,0,0
1680679650282660348,0,0,0,0
1680679650284515190,0,0,0,0
1680679650286462272,0,0,0,0
1680679650288339671,0,0,0,0
1680679650290244804,0,0,0,0
1680679650292148891,0,0,0,0
1680679650294153586,0,0,0,0
1680679650296005602,0,0,0,0
1680679650298044888,0,0,0,0
1680679650300021702,0,0,0,0
1680679650301904181,0,0,0,0
1680679650303888550,0,0,0,0
1680679650305741876,0,0,0,0
1680679650307662243,0,0,0,0
1680679650309643560,0,0,0,0
1680679650311605064,0,0,0,0
1680679650313555442,0,0,0,0
1680679650315546189,0,0,0,0
1680679650317380593,0,0,0,0
1680679650319265021,0,0,0,0
1680679650321110318,0,0,0,0
1680679650323186955,0,0,0,0
1680679650324991953,0,0,0,0
1680679650326793559,0,0,0,0
1680679650328670009,0,0,0,0
1680679650330579943,0,0,0,0
1680679650332643682,0,0,0,0
1680679650334548365,0,0,0,0
1680679650336488039,0,0,0,0
1680679650338441170,0,0,0,0
1680679650340367357,0,0,0,0
1680679650342457943,0,0,0,0
1680679650344368165,0,0,0,0
1680679650346349132,0,0,0,0
1680679650348219296,0,0,0,0
1680679650350177265,0,0,0,0
1680679650352063947,0,0,0,0
1680679650354065428,0,0,0,0
1680679650355897904,0,0,0,0
1680679650357935431,0,0,0,0
1680679650359896415,0,0,0,0
1680679650361788223,0,0,0,0
1680679650363842988,0,0,0,0
1680679650365766562,0,0,0,0
1680679650367729380,0,0,0,0
1680679650369630434,0,0,0,0
1680679650371593680,0,0,0,0
1680679650373523435,0,0,0,0
1680679650375471818,0,0,0,0
1680679650377287640,0,0,0,0
1680679650379090640,0,0,0,0
1680679650380885124,0,0,0,0
1680679650382785094,0,0,0,0
1680679650384703269,0,0,0,0
1680679650386672587,0,0,0,0
1680679650388611413,0,0,0,0
1680679650390506474,0,0,0,0
1680679650392343450,0,0,0,0
1680679650394354613,0,0,0,0
1680679650396196831,0,0,0,0
1680679650398107909,0,0,0,0
1680679650400064204,0,0,0,0
1680679650402017218,0,0,0,0
1680679650403929324,0,0,0,0
1680679650405897096,0,0,0,0
1680679650407799922,0,0,0,0
1680679650409742732,0,0,0,0
1680679650411655669,0,0,0,0
1680679650413666162,0,0,0,0
1680679650415570380,0,0,0,0
1680679650417400768,0,0,0,0
1680679650419193356,0,0,0,0
1680679650420996712,0,0,0,0
1680679650422977761,0,0,0,0
1680679650424813378,0,0,0,0
1680679650426814973,0,0,0,0
1680679650428739556,0,0,0,0
1680679650430670024,0,0,0,0
1680679650432755489,0,0,0,0
1680679650434695740,0,0,0,0
1680679650436700762,0,0,0,0
1680679650438590760,0,0,0,0
1680679650440490811,0,0,0,0
1680679650442369793,0,0,0,0
1680679650444595057,0,0,0,0
1680679650446495827,0,0,0,0
1680679650448597354,0,0,0,0
1680679650450605044,0,0,0,0
1680679650452594376,0,0,0,0
1680679650471143389,0,0,0,0
1680679650473116056,0,0,0,0
1680679650475142071,0,0,0,0
1680679650477177458,0,0,0,0
1680679650479200705,0,0,0,0
1680679650481225381,0,0,0,0
1680679650483077998,0,0,0,0
1680679650484879068,0,0,0,0
1680679650486669381,0,0,0,0
1680679650488629008,0,0,0,0
1680679650490518638,0,0,0,0
1680679650492435736,0,0,0,0
1680679650494501203,0,0,0,0
1680679650496359739,0,0,0,0
1680679650498309305,0,0,0,0
1680679650500249960,0,0,0,0
1680679650502133411,0,0,0,0
1680679650504123543,0,0,0,0
1680679650506019024,0,0,0,0
1680679650507938117,0,0,0,0
1680679650509798867,0,0,0,0
1680679650511605884,0,0,0,0
1680679650513631660,0,0,0,0
1680679650515619256,0,0,0,0
1680679650517541404,0,0,0,0
1680679650519495003,0,0,0,0
1680679650521338697,0,0,0,0
1680679650523197087,0,0,0,0
1680679650525088642,0,0,0,0
1680679650527008516,0,0,0,0
1680679650528810126,0,0,0,0
1680679650530609328,0,0,0,0
1680679650532563378,0,0,0,0
1680679650534527837,0,0,0,0
1680679650536435207,0,0,0,0
1680679650538409234,0,0,0,0
1680679650540312604,0,0,0,0
1680679650542313878,0,0,0,0
1680679650544209510,0,0,0,0
1680679650546099040,0,0,0,0
1680679650547991659,0,0,0,0
1680679650550030013,0,0,0,0
1680679650551857504,0,0,0,0
1680679650553816449,0,0,0,0
1680679650555704412,0,0,0,0
1680679650557688238,0,0,0,0
1680679650559708109,0,0,0,0
1680679650561627900,0,0,0,0
1680679650563618778,0,0,0,0
1680679650565610270,0,0,0,0
1680679650567523648,0,0,0,0
1680679650569424248,0,0,0,0
1680679650571245112,0,0,0,0
1680679650573049755,0,0,0,0
1680679650574983352,0,0,0,0
1680679650576830075,0,0,0,0
1680679650578877489,0,0,0,0
1680679650580778976,0,0,0,0
1680679650582733638,0,0,0,0
1680679650584684527,0,0,0,0
1680679650586676259,0,0,0,0
1680679650588551514,0,0,0,0
1680679650590526148,0,0,0,0
1680679650592380371,0,0,0,0
1680679650594388074,0,0,0,0
1680679650596278804,0,0,0,0
1680679650598196842,0,0,0,0
1680679650600123209,0,0,0,0
1680679650602007471,0,0,0,0
1680679650603996557,0,0,0,0
1680679650605999488,0,0,0,0
1680679650607902857,0,0,0,0
1680679650609720221,0,0,0,0
1680679650611673055,0,0,0,0
1680679650613447337,0,0,0,0
1680679650615280716,0,0,0,0
1680679650617162212,0,0,0,0
1680679650618998603,0,0,0,0
1680679650620918906,0,0,0,0
1680679650622815160,0,0,0,0
1680679650624733613,0,0,0,0
1680679650626470337,0,0,0,0
1680679650628377263,0,0,0,0
1680679650630396680,0,0,0,0
1680679650632310584,0,0,0,0
1680679650634314387,0,0,0,0
1680679650636230394,0,0,0,0
1680679650638259932,0,0,0,0
1680679650640176458,0,0,0,0
1680679650642124785,0,0,0,0
1680679650644109372,0,0,0,0
1680679650646026114,0,0,0,0
1680679650647911720,0,0,0,0
1680679650649878251,0,0,0,0
1680679650651755217,0,0,0,0
1680679650653725490,0,0,0,0
1680679650655562338,0,0,0,0
1680679650657426592,0,0,0,0
1680679650659256098,0,0,0,0
1680679650661143604,0,0,0,0
1680679650663018394,0,0,0,0
1680679650664996813,0,0,0,0
1680679650666838405,0,0,0,0
1680679650668771206,0,0,0,0
1680679650670627264,0,0,0,0
1680679650672585522,0,0,0,0
1680679650674533267,0,0,0,0
1680679650676525000,0,0,0,0
1680679650678475062,0,0,0,0
1680679650680439557,0,0,0,0
1680679650682374212,0,0,0,0
1680679650684270710,0,0,0,0
1680679650686186977,0,0,0,0
1680679650688024498,0,0,0,0
1680679650689956289,0,0,0,0
1680679650691832375,0,0,0,0
1680679650693798866,0,0,0,0
1680679650695711578,0,0,0,0
1680679650697698831,0,0,0,0
1680679650699653293,0,0,0,0
1680679650701558198,0,0,0,0
1680679650703522666,0,0,0,0
1680679650705381921,0,0,0,0
1680679650707291003,0,0,0,0
1680679650709098969,0,0,0,0
1680679650711065651,0,0,0,0
1680679650712895017,0,0,0,0
1680679650714849962,0,0,0,0
1680679650716751720,0,0,0,0
1680679650718740227,0,0,0,0
1680679650720672727,0,0,0,0
1680679650722520606,0,0,0,0
1680679650724493296,0,0,0,0
1680679650726355451,0,0,0,0
1680679650728227437,0,0,0,0
1680679650730314804,0,0,0,0
1680679650732255220,0,0,0,0
1680679650734291824,0,0,0,0
1680679650736175495,0,0,0,0
1680679650738144325,0,0,0,0
1680679650740083948,0,0,0,0
1680679650742010503,0,0,0,0
1680679650743870885,0,0,0,0
1680679650745799542,0,0,0,0
1680679650747533877,0,0,0,0
1680679650749294824,0,0,0,0
1680679650751100155,0,0,0,0
1680679650752893021,0,0,0,0
1680679650754930758,0,0,0,0
1680679650756809994,0,0,0,0
1680679650758868315,0,0,0,0
1680679650760737346,0,0,0,0
1680679650762715912,0,0,0,0
1680679650764752201,0,0,0,0
1680679650766642862,0,0,0,0
1680679650768605740,0,0,0,0
1680679650770488410,0,0,0,0
1680679650772466180,0,0,0,0
1680679650774385888,0,0,0,0
1680679650776263398,0,0,0,0
1680679650778257376,0,0,0,0
1680679650780119907,0,0,0,0
1680679650782100672,0,0,0,0
1680679650784004663,0,0,0,0
1680679650785972490,0,0,0,0
1680679650787895644,0,0,0,0
1680679650789899565,0,0,0,0
1680679650791788681,0,0,0,0
1680679650793732268,0,0,0,0
1680679650795785374,0,0,0,0
1680679650797654597,0,0,0,0
1680679650799608931,0,0,0,0
1680679650801418324,0,0,0,0
1680679650803353772,0,0,0,0
1680679650805284135,0,0,0,0
1680679650807190511,0,0,0,0
1680679650809026455,0,0,0,0
1680679650810998130,0,0,0,0
1680679650812814568,0,0,0,0
1680679650814826353,0,0,0,0
1680679650816643060,0,0,0,0
1680679650818544815,0,0,0,0
1680679650820412417,0,0,0,0
1680679650822426900,0,0,0,0
1680679650824376438,0,0,0,0
1680679650826339495,0,0,0,0
1680679650828283296,0,0,0,0
1680679650830141298,0,0,0,0
1680679650832072532,0,0,0,0
1680679650833910898,0,0,0,0
1680679650835870412,0,0,0,0
1680679650837748987,0,0,0,0
1680679650839725670,0,0,0,0
1680679650841572171,0,0,0,0
1680679650843455442,0,0,0,0
1680679650845276083,0,0,0,0
1680679650847141110,0,0,0,0
1680679650848960132,0,0,0,0
1680679650850918260,0,0,0,0
1680679650852744829,0,0,0,0
1680679650854761204,0,0,0,0
1680679650856740409,0,0,0,0
1680679650858720917,0,0,0,0
1680679650860691000,0,0,0,0
1680679650862627206,0,0,0,0
1680679650864626433,0,0,0,0
1680679650866551617,0,0,0,0
1680679650868324705,0,0,0,0
1680679650870222283,0,0,0,0
1680679650872142808,0,0,0,0
1680679650873988272,0,0,0,0
1680679650875806738,0,0,0,0
1680679650877616132,0,0,0,0
1680679650879661086,0,0,0,0
1680679650881472869,0,0,0,0
1680679650883424371,0,0,0,0
1680679650885350942,0,0,0,0
1680679650887284413,0,0,0,0
1680679650889139651,0,0,0,0
1680679650891030191,0,0,0,0
1680679650892810712,0,0,0,0
1680679650894626369,0,0,0,0
1680679650896547520,0,0,0,0
1680679650898460458,0,0,0,0
1680679650900425324,0,0,0,0
1680679650902350869,0,0,0,0
1680679650904354693,0,0,0,0
1680679650906308149,0,0,0,0
1680679650908280995,0,0,0,0
1680679650910203593,0,0,0,0
1680679650912119268,0,0,0,0
1680679650914044170,0,0,0,0
1680679650916013296,0,0,0,0
1680679650917892827,0,0,0,0
1680679650919833378,0,0,0,0
1680679650921724388,0,0,0,0
1680679650923694726,0,0,0,0
1680679650925683257,0,0,0,0
1680679650927629472,0,0,0,0
1680679650929405851,0,0,0,0
1680679650931220863,0,0,0,0
1680679650933113069,0,0,0,0
1680679650934901799,0,0,0,0
1680679650936831184,0,0,0,0
1680679650938731832,0,0,0,0
1680679650940711563,0,0,0,0
1680679650942665869,0,0,0,0
1680679650944740117,0,0,0,0
1680679650946652119,0,0,0,0
1680679650948642898,0,0,0,0
1680679650950571580,0,0,0,0
1680679650952536403,0,0,0,0
1680679650954510773,0,0,0,0
1680679650956317501,0,0,0,0
1680679650958089357,0,0,0,0
1680679650960187364,0,0,0,0
1680679650962019114,0,0,0,0
1680679650963957383,0,0,0,0
1680679650966009352,0,0,0,0
1680679650967922518,0,0,0,0
1680679650969914176,0,0,0,0
1680679650971789366,0,0,0,0
1680679650973727985,0,0,0,0
1680679650975584988,0,0,0,0
1680679650977453454,0,0,0,0
1680679650979287736,0,0,0,0
1680679650981092998,0,0,0,0
1680679650983055157,0,0,0,0
1680679650984938439,0,0,0,0
1680679650986920753,0,0,0,0
1680679650988813776,0,0,0,0
1680679650990786042,0,0,0,0
1680679650992742563,0,0,0,0
1680679650994779583,0,0,0,0
1680679650996673330,0,0,0,0
1680679650998746349,0,0,0,0
1680679651000636028,0,0,0,0
1680679651002623511,0,0,0,0
1680679651004534330,0,0,0,0
1680679651006505999,0,0,0,0
1680679651008317715,0,0,0,0
1680679651010257635,0,0,0,0
1680679651012162106,0,0,0,0
1680679651014052328,0,0,0,0
1680679651016046111,0,0,0,0
1680679651017924797,0,0,0,0
1680679651019916968,0,0,0,0
1680679651021931323,0,0,0,0
1680679651023841449,0,0,0,0
1680679651025799199,0,0,0,0
1680679651027764035,0,0,0,0
1680679651029716145,0,0,0,0
1680679651031609211,0,0,0,0
1680679651033530145,0,0,0,0
1680679651035541980,0,0,0,0
1680679651037391842,0,0,0,0
1680679651039270852,0,0,0,0
1680679651041103787,0,0,0,0
1680679651043054606,0,0,0,0
1680679651044981903,0,0,0,0
1680679651046940398,0,0,0,0
1680679651048808924,0,0,0,0
1680679651050717117,0,0,0,0
1680679651052696091,0,0,0,0
1680679651054623776,0,0,0,0
1680679651056624439,0,0,0,0
1680679651058543911,0,0,0,0
1680679651060502859,0,0,0,0
1680679651062396629,0,0,0,0
1680679651064272536,0,0,0,0
1680679651066305439,0,0,0,0
1680679651068182454,0,0,0,0
1680679651070126120,0,0,0,0
1680679651072012903,0,0,0,0
1680679651073893728,0,0,0,0
1680679651075769003,0,0,0,0
1680679651077691821,0,0,0,0
1680679651079620123,0,0,0,0
1680679651081581162,0,0,0,0
1680679651083476480,0,0,0,0
1680679651085403939,0,0,0,0
1680679651087289189,0,0,0,0
1680679651089126253,0,0,0,0
1680679651091059450,0,0,0,0
1680679651092851095,0,0,0,0
1680679651094685262,0,0,0,0
1680679651096590664,0,0,0,0
1680679651098501030,0,0,0,0
1680679651100413625,0,0,0,0
1680679651102316457,0,0,0,0
1680679651104214018,0,0,0,0
1680679651106236328,0,0,0,0
1680679651108106242,0,0,0,0
1680679651109999089,0,0,0,0
1680679651111968511,0,0,0,0
1680679651113894390,0,0,0,0
1680679651115856369,0,0,0,0
1680679651117753035,0,0,0,0
1680679651119748674,0,0,0,0
1680679651121602244,0,0,0,0
1680679651123545255,0,0,0,0
1680679651125473196,0,0,0,0
1680679651127339181,0,0,0,0
1680679651129176957,0,0,0,0
1680679651131077799,0,0,0,0
1680679651133015392,0,0,0,0
1680679651134930086,0,0,0,0
1680679651136808853,0,0,0,0
1680679651138685809,0,0,0,0
1680679651140653384,0,0,0,0
1680679651142537134,0,0,0,0
1680679651144386808,0,0,0,0
1680679651146393066,0,0,0,0
1680679651148369082,0,0,0,0
1680679651150297024,0,0,0,0
1680679651152257018,0,0,0,0
1680679651154216641,0,0,0,0
1680679651156218676,0,0,0,0
1680679651158083934,0,0,0,0
1680679651160087376,0,0,0,0
1680679651161969875,0,0,0,0
1680679651163912545,0,0,0,0
1680679651165815544,0,0,0,0
1680679651167788010,0,0,0,0
1680679651169686473,0,0,0,0
1680679651171657331,0,0,0,0
1680679651173563121,0,0,0,0
1680679651175592568,0,0,0,0
1680679651177418683,0,0,0,0
1680679651179356333,0,0,0,0
1680679651181167839,0,0,0,0
1680679651183122538,0,0,0,0
1680679651184945466,0,0,0,0
1680679651186897315,0,0,0,0
1680679651188745418,0,0,0,0
1680679651190728763,0,0,0,0
1680679651192668501,0,0,0,0
1680679651194590960,0,0,0,0
1680679651196576054,0,0,0,0
1680679651198512609,0,0,0,0
1680679651200500936,0,0,0,0
1680679651202381592,0,0,0,0
1680679651204326329,0,0,0,0
1680679651206253791,0,0,0,0
1680679651208170082,0,0,0,0
1680679651210049619,0,0,0,0
1680679651212042566,0,0,0,0
1680679651213963637,0,0,0,0
1680679651216005579,0,0,0,0
1680679651217940846,0,0,0,0
1680679651219963961,0,0,0,0
1680679651221904559,0,0,0,0
1680679651223854542,0,0,0,0
1680679651225838996,0,0,0,0
1680679651227700978,0,0,0,0
1680679651229583148,0,0,0,0
1680679651231489299,0,0,0,0
1680679651233426066,0,0,0,0
1680679651235392666,0,0,0,0
1680679651237192670,0,0,0,0
1680679651239091153,0,0,0,0
1680679651240917095,0,0,0,0
1680679651242877531,0,0,0,0
1680679651244758131,0,0,0,0
1680679651246685859,0,0,0,0
1680679651248424026,0,0,0,0
1680679651250125144,0,0,0,0
1680679651251816640,0,0,0,0
1680679651253544658,0,0,0,0
1680679651255295169,0,0,0,0
1680679651257188228,0,0,0,0
1680679651259139983,0,0,0,0
1680679651261074043,0,0,0,0
1680679651262937047,0,0,0,0
1680679651264801735,0,0,0,0
1680679651266839365,0,0,0,0
1680679651268657104,0,0,0,0
1680679651270461337,0,0,0,0
1680679651272362236,0,0,0,0
1680679651274422387,0,0,0,0
1680679651276236253,0,0,0,0
1680679651278081070,0,0,0,0
1680679651280103342,0,0,0,0
1680679651281962264,0,0,0,0
1680679651283902195,0,0,0,0
1680679651285854123,0,0,0,0
1680679651287592100,0,0,0,0
1680679651289378642,0,0,0,0
1680679651291064474,0,0,0,0
1680679651292727248,0,0,0,0
1680679651294428994,0,0,0,0
1680679651296223727,0,0,0,0
1680679651297947592,0,0,0,0
1680679651299723506,0,0,0,0
1680679651301447841,0,0,0,0
1680679651303163016,0,0,0,0
1680679651304886253,0,0,0,0
1680679651306659644,0,0,0,0
1680679651308409008,0,0,0,0
1680679651310166966,0,0,0,0
1680679651311910480,0,0,0,0
1680679651313661539,0,0,0,0
1680679651315451354,0,0,0,0
1680679651317206655,0,0,0,0
1680679651318925318,0,0,0,0
1680679651320728356,0,0,0,0
1680679651322575878,0,0,0,0
1680679651324294935,0,0,0,0
1680679651326078696,0,0,0,0
1680679651327811599,0,0,0,0
1680679651329653909,0,0,0,0
1680679651331439708,0,0,0,0
1680679651333191842,0,0,0,0
1680679651335079159,0,0,0,0
1680679651336979098,0,0,0,0
1680679651338896535,0,0,0,0
1680679651340838882,0,0,0,0
1680679651342698072,0,0,0,0
1680679651344552719,0,0,0,0
1680679651346574952,0,0,0,0
1680679651348582608,0,0,0,0
1680679651350466265,0,0,0,0
1680679651352302861,0,0,0,0
1680679651354189940,0,0,0,0
1680679651356143730,0,0,0,0
1680679651358039867,0,0,0,0
1680679651359985203,0,0,0,0
1680679651361878416,0,0,0,0
1680679651363824443,0,0,0,0
1680679651365752046,0,0,0,0
1680679651367669338,0,0,0,0
1680679651369586210,0,0,0,0
1680679651371485736,0,0,0,0
1680679651373381058,0,0,0,0
1680679651375254731,0,0,0,0
1680679651377111822,0,0,0,0
1680679651379119662,0,0,0,0
1680679651381032480,0,0,0,0
1680679651382951497,0,0,0,0
1680679651384870708,0,0,0,0
1680679651386895695,0,0,0,0
1680679651388803965,0,0,0,0
1680679651390709551,0,0,0,0
1680679651392602503,0,0,0,0
1680679651394740116,0,0,0,0
1680679651396644874,0,0,0,0
1680679651434160716,0,0,0,0
1680679651505472399,0,0,0,0
1680679651542343539,0,0,0,0
1680679651544322273,0,0,0,0
1680679651546307660,0,0,0,0
1680679651548262866,0,0,0,0
1680679651550225387,0,0,0,0
1680679651552229127,0,0,0,0
1680679651554107669,0,0,0,0
1680679651555861240,0,0,0,0
1680679651557629696,0,0,0,0
1680679651559428408,0,0,0,0
1680679651561187826,0,0,0,0
1680679651563035052,0,0,0,0
1680679651564846462,0,0,0,0
1680679651566808523,0,0,0,0
1680679651568696218,0,0,0,0
1680679651570526645,0,0,0,0
1680679651572313183,0,0,0,0
1680679651574237035,0,0,0,0
1680679651576202856,0,0,0,0
1680679651578110946,0,0,0,0
1680679651580095429,0,0,0,0
1680679651582018700,0,0,0,0
1680679651583839082,0,0,0,0
1680679651585736840,0,0,0,0
1680679651587748471,0,0,0,0
1680679651589601725,0,0,0,0
1680679651591562839,0,0,0,0
1680679651593324825,0,0,0,0
1680679651595152779,0,0,0,0
1680679651596971689,0,0,0,0
1680679651598866670,0,0,0,0
1680679651600830299,0,0,0,0
1680679651602584849,0,0,0,0
1680679651604336368,0,0,0,0
1680679651606217869,0,0,0,0
1680679651608076461,0,0,0,0
1680679651610053942,0,0,0,0
1680679651611963214,0,0,0,0
1680679651613962994,0,0,0,0
1680679651615938760,0,0,0,0
1680679651617912623,0,0,0,0
1680679651619850420,0,0,0,0
1680679651621685724,0,0,0,0
1680679651623636562,0,0,0,0
1680679651625433368,0,0,0,0
1680679651627461059,0,0,0,0
1680679651629281973,0,0,0,0
1680679651631189211,0,0,0,0
1680679651633033058,0,0,0,0
1680679651634999951,0,0,0,0
1680679651636875052,0,0,0,0
1680679651638702152,0,0,0,0
1680679651640599559,0,0,0,0
1680679651642570941,0,0,0,0
1680679651644379488,0,0,0,0
1680679651646380823,0,0,0,0
1680679651648297413,0,0,0,0
1680679651650218920,0,0,0,0
1680679651652171110,0,0,0,0
1680679651654172302,0,0,0,0
1680679651656133251,0,0,0,0
1680679651658077862,0,0,0,0
1680679651660024552,0,0,0,0
1680679651662008455,0,0,0,0
1680679651663896157,0,0,0,0
1680679651665780559,0,0,0,0
1680679651667665668,0,0,0,0
1680679651669587021,0,0,0,0
1680679651671552686,0,0,0,0
1680679651673413611,0,0,0,0
1680679651675211758,0,0,0,0
1680679651677169773,0,0,0,0
1680679651679159360,0,0,0,0
1680679651681076519,0,0,0,0
1680679651682992644,0,0,0,0
1680679651684849587,0,0,0,0
1680679651686785217,0,0,0,0
1680679651688696400,0,0,0,0
1680679651690619686,0,0,0,0
1680679651692599105,0,0,0,0
1680679651694487448,0,0,0,0
1680679651696458564,0,0,0,0
1680679651698300964,0,0,0,0
1680679651700331962,0,0,0,0
1680679651702175093,0,0,0,0
1680679651704089127,0,0,0,0
1680679651705935037,0,0,0,0
1680679651707907356,0,0,0,0
1680679651709750303,0,0,0,0
1680679651711702541,0,0,0,0
1680679651713613115,0,0,0,0
1680679651715579380,0,0,0,0
1680679651717437708,0,0,0,0
1680679651719285850,0,0,0,0
1680679651721261399,0,0,0,0
1680679651723086387,0,0,0,0
1680679651724812625,0,0,0,0
1680679651726809291,0,0,0,0
1680679651728709211,0,0,0,0
1680679651730527364,0,0,0,0
1680679651732633207,0,0,0,0
1680679651734569497,0,0,0,0
1680679651736567420,0,0,0,0
1680679651738500210,0,0,0,0
1680679651740521540,0,0,0,0
1680679651742419464,0,0,0,0
1680679651744300421,0,0,0,0
1680679651746255688,0,0,0,0
1680679651748055193,0,0,0,0
1680679651749802792,0,0,0,0
1680679651751604730,0,0,0,0
1680679651753453327,0,0,0,0
1680679651755265607,0,0,0,0
1680679651757242141,0,0,0,0
1680679651759095651,0,0,0,0
1680679651761079074,0,0,0,0
1680679651763016153,0,0,0,0
1680679651764824654,0,0,0,0
1680679651766854391,0,0,0,0
1680679651768642763,0,0,0,0
1680679651770600502,0,0,0,0
1680679651772434532,0,0,0,0
1680679651774432866,0,0,0,0
1680679651776322281,0,0,0,0
1680679651778346916,0,0,0,0
1680679651780221526,0,0,0,0
1680679651782181129,0,0,0,0
1680679651784040982,0,0,0,0
1680679651785971790,0,0,0,0
1680679651787964728,0,0,0,0
1680679651789802681,0,0,0,0
1680679651791786313,0,0,0,0
1680679651793678599,0,0,0,0
1680679651795631862,0,0,0,0
1680679651797456714,0,0,0,0
1680679651799391894,0,0,0,0
1680679651801237714,0,0,0,0
1680679651803052794,0,0,0,0
1680679651804850628,0,0,0,0
1680679651806734036,0,0,0,0
1680679651808601229,0,0,0,0
1680679651810570551,0,0,0,0
1680679651812558238,0,0,0,0
1680679651814509476,0,0,0,0
1680679651816490319,0,0,0,0
1680679651818380733,0,0,0,0
1680679651820356849,0,0,0,0
1680679651822253015,0,0,0,0
1680679651824113963,0,0,0,0
1680679651826015671,0,0,0,0
1680679651828004634,0,0,0,0
1680679651829933672,0,0,0,0
1680679651831839296,0,0,0,0
1680679651833811169,0,0,0,0
1680679651835735795,0,0,0,0
1680679651837734162,0,0,0,0
1680679651839563293,0,0,0,0
1680679651841437547,0,0,0,0
1680679651843244636,0,0,0,0
1680679651845119293,0,0,0,0
1680679651847044814,0,0,0,0
1680679651848926128,0,0,0,0
1680679651850865486,0,0,0,0
1680679651852790292,0,0,0,0
1680679651854756327,0,0,0,0
1680679651856693922,0,0,0,0
1680679651858684081,0,0,0,0
1680679651860709131,0,0,0,0
1680679651862565033,0,0,0,0
1680679651864483940,0,0,0,0
1680679651866339458,0,0,0,0
1680679651868308765,0,0,0,0
1680679651870150806,0,0,0,0
1680679651872099871,0,0,0,0
1680679651873944139,0,0,0,0
1680679651875867283,0,0,0,0
1680679651877812424,0,0,0,0
1680679651879775419,0,0,0,0
1680679651881731885,0,0,0,0
1680679651883693996,0,0,0,0
1680679651885693843,0,0,0,0
1680679651887750294,0,0,0,0
1680679651889681315,0,0,0,0
1680679651891678502,0,0,0,0
1680679651893454895,0,0,0,0
1680679651895271699,0,0,0,0
1680679651897173797,0,0,0,0
1680679651898928481,0,0,0,0
1680679651900768739,0,0,0,0
1680679651902746375,0,0,0,0
1680679651904675762,0,0,0,0
1680679651906675772,0,0,0,0
1680679651908691895,0,0,0,0
1680679651910639965,0,0,0,0
1680679651912649645,0,0,0,0
1680679651914482618,0,0,0,0
1680679651916442773,0,0,0,0
1680679651918381104,0,0,0,0
1680679651920247999,0,0,0,0
1680679651922149173,0,0,0,0
1680679651924095615,0,0,0,0
1680679651926012426,0,0,0,0
1680679651928096820,0,0,0,0
1680679651930017386,0,0,0,0
1680679651931978057,0,0,0,0
1680679651933906523,0,0,0,0
1680679651935880635,0,0,0,0
1680679651937799581,0,0,0,0
1680679651939736979,0,0,0,0
1680679651941667449,0,0,0,0
1680679651943591528,0,0,0,0
1680679651945409870,0,0,0,0
1680679651947395889,0,0,0,0
1680679651949246431,0,0,0,0
1680679651951190481,0,0,0,0
1680679651953055316,0,0,0,0
1680679651954981128,0,0,0,0
1680679651956812928,0,0,0,0
1680679651958705146,0,0,0,0
1680679651960595229,0,0,0,0
1680679651962464319,0,0,0,0
1680679651964345778,0,0,0,0
1680679651966313626,0,0,0,0
1680679651968341459,0,0,0,0
1680679651970290490,0,0,0,0
1680679651972247076,0,0,0,0
1680679651974241131,0,0,0,0
1680679651976162653,0,0,0,0
1680679651978139512,0,0,0,0
1680679651979969542,0,0,0,0
1680679651981918944,0,0,0,0
1680679651983800510,0,0,0,0
1680679651985771822,0,0,0,0
1680679651987755220,0,0,0,0
1680679651989717342,0,0,0,0
1680679651991657303,0,0,0,0
1680679651993414531,0,0,0,0
1680679651995367761,0,0,0,0
1680679651997183600,0,0,0,0
1680679651998931101,0,0,0,0
1680679652000811668,0,0,0,0
1680679652002700253,0,0,0,0
1680679652004643700,0,0,0,0
1680679652006652207,0,0,0,0
1680679652008481118,0,0,0,0
1680679652010431660,0,0,0,0
1680679652012307726,0,0,0,0
1680679652014257068,0,0,0,0
1680679652016134171,0,0,0,0
1680679652018180010,0,0,0,0
1680679652020029536,0,0,0,0
1680679652022022459,0,0,0,0
1680679652023887304,0,0,0,0
1680679652025772247,0,0,0,0
1680679652027767533,0,0,0,0
1680679652029754024,0,0,0,0
1680679652031641495,0,0,0,0
1680679652033610193,0,0,0,0
1680679652035552283,0,0,0,0
1680679652037480224,0,0,0,0
1680679652039349222,0,0,0,0
1680679652041234442,0,0,0,0
1680679652043119544,0,0,0,0
1680679652045033219,0,0,0,0
1680679652046897053,0,0,0,0
1680679652048828549,0,0,0,0
1680679652050690910,0,0,0,0
1680679652052647867,0,0,0,0
1680679652054482827,0,0,0,0
1680679652056347345,0,0,0,0
1680679652058309968,0,0,0,0
1680679652060266607,0,0,0,0
1680679652062202292,0,0,0,0
1680679652064127315,0,0,0,0
1680679652066021201,0,0,0,0
1680679652068031604,0,0,0,0
1680679652069966467,0,0,0,0
1680679652071943565,0,0,0,0
1680679652073821196,0,0,0,0
1680679652075745138,0,0,0,0
1680679652077616278,0,0,0,0
1680679652079542390,0,0,0,0
1680679652081455425,0,0,0,0
1680679652083236359,0,0,0,0
1680679652085058235,0,0,0,0
1680679652086977535,0,0,0,0
1680679652088930029,0,0,0,0
1680679652090808673,0,0,0,0
1680679652092783959,0,0,0,0
1680679652094644597,0,0,0,0
1680679652096560516,0,0,0,0
1680679652098503235,0,0,0,0
1680679652100433781,0,0,0,0
1680679652102370191,0,0,0,0
1680679652104312873,0,0,0,0
1680679652106223584,0,0,0,0
1680679652108263011,0,0,0,0
1680679652110233278,0,0,0,0
1680679652112068175,0,0,0,0
1680679652114016634,0,0,0,0
1680679652115887046,0,0,0,0
1680679652117778858,0,0,0,0
1680679652119719037,0,0,0,0
1680679652121646371,0,0,0,0
1680679652123634011,0,0,0,0
1680679652125426238,0,0,0,0
1680679652127372879,0,0,0,0
1680679652129212149,0,0,0,0
1680679652131153975,0,0,0,0
1680679652132989109,0,0,0,0
1680679652134913142,0,0,0,0
1680679652136745928,0,0,0,0
1680679652138685400,0,0,0,0
1680679652140589555,0,0,0,0
1680679652142491669,0,0,0,0
1680679652144434896,0,0,0,0
1680679652146275062,0,0,0,0
1680679652148255765,0,0,0,0
1680679652150137911,0,0,0,0
1680679652152109849,0,0,0,0
1680679652154038700,0,0,0,0
1680679652155987682,0,0,0,0
1680679652157941353,0,0,0,0
1680679652159922595,0,0,0,0
1680679652161953206,0,0,0,0
1680679652163796861,0,0,0,0
1680679652165752203,0,0,0,0
1680679652167723025,0,0,0,0
1680679652169596844,0,0,0,0
1680679652171457632,0,0,0,0
1680679652173375469,0,0,0,0
1680679652175243227,0,0,0,0
1680679652177157398,0,0,0,0
1680679652179073639,0,0,0,0
1680679652180960489,0,0,0,0
1680679652182970886,0,0,0,0
1680679652184778709,0,0,0,0
1680679652186736529,0,0,0,0
1680679652188696564,0,0,0,0
1680679652190650262,0,0,0,0
1680679652192522424,0,0,0,0
1680679652194527176,0,0,0,0
1680679652196412461,0,0,0,0
1680679652198422402,0,0,0,0
1680679652200363934,0,0,0,0
1680679652202496154,0,0,0,0
1680679652204405888,0,0,0,0
1680679652206373550,0,0,0,0
1680679652208281101,0,0,0,0
1680679652210159827,0,0,0,0
1680679652212032434,0,0,0,0
1680679652213970229,0,0,0,0
1680679652215981567,0,0,0,0
1680679652218004035,0,0,0,0
1680679652219864104,0,0,0,0
1680679652221872067,0,0,0,0
1680679652223791437,0,0,0,0
1680679652225767773,0,0,0,0
1680679652227662214,0,0,0,0
1680679652229638908,0,0,0,0
1680679652231569235,0,0,0,0
1680679652233326810,0,0,0,0
1680679652235186042,0,0,0,0
1680679652236967844,0,0,0,0
1680679652238954020,0,0,0,0
1680679652240807716,0,0,0,0
1680679652242834901,0,0,0,0
1680679652244756023,0,0,0,0
1680679652246714684,0,0,0,0
1680679652248633516,0,0,0,0
1680679652250623522,0,0,0,0
1680679652252614006,0,0,0,0
1680679652254504436,0,0,0,0
1680679652256453958,0,0,0,0
1680679652258360825,0,0,0,0
1680679652260263875,0,0,0,0
1680679652262181913,0,0,0,0
1680679652264148507,0,0,0,0
1680679652265973858,0,0,0,0
1680679652268109406,0,0,0,0
1680679652270071052,0,0,0,0
1680679652271907906,0,0,0,0
1680679652273768205,0,0,0,0
1680679652275655767,0,0,0,0
1680679652277547189,0,0,0,0
1680679652279541668,0,0,0,0
1680679652281399350,0,0,0,0
1680679652283346988,0,0,0,0
1680679652285199838,0,0,0,0
1680679652287136633,0,0,0,0
1680679652289062076,0,0,0,0
1680679652291004553,0,0,0,0
1680679652292775376,0,0,0,0
1680679652294590782,0,0,0,0
1680679652296420272,0,0,0,0
1680679652298412975,0,0,0,0
1680679652300329429,0,0,0,0
1680679652302271956,0,0,0,0
1680679652304180878,0,0,0,0
1680679652306175389,0,0,0,0
1680679652308075454,0,0,0,0
1680679652310070857,0,0,0,0
1680679652311964127,0,0,0,0
1680679652313835630,0,0,0,0
1680679652315799520,0,0,0,0
1680679652317688468,0,0,0,0
1680679652319654493,0,0,0,0
1680679652321575436,0,0,0,0
1680679652323546099,0,0,0,0
1680679652325369859,0,0,0,0
1680679652327297633,0,0,0,0
1680679652329176749,0,0,0,0
1680679652330987627,0,0,0,0
1680679652332798033,0,0,0,0
1680679652334690240,0,0,0,0
1680679652336740585,0,0,0,0
1680679652338712710,0,0,0,0
1680679652340635848,0,0,0,0
1680679652342610275,0,0,0,0
1680679652344580653,0,0,0,0
1680679652346439589,0,0,0,0
1680679652348416897,0,0,0,0
1680679652350250455,0,0,0,0
1680679652352156478,0,0,0,0
1680679652354095173,0,0,0,0
1680679652355965507,0,0,0,0
1680679652357846421,0,0,0,0
1680679652359721124,0,0,0,0
1680679652361585266,0,0,0,0
1680679652363533100,0,0,0,0
1680679652365405993,0,0,0,0
1680679652367313939,0,0,0,0
1680679652369152745,0,0,0,0
1680679652371107990,0,0,0,0
1680679652372975390,0,0,0,0
1680679652374775410,0,0,0,0
1680679652376735784,0,0,0,0
1680679652378595067,0,0,0,0
1680679652380492425,0,0,0,0
1680679652382400484,0,0,0,0
1680679652384365986,0,0,0,0
1680679652386270823,0,0,0,0
1680679652388283739,0,0,0,0
1680679652390198725,0,0,0,0
1680679652392157824,0,0,0,0
1680679652394108478,0,0,0,0
1680679652396038481,0,0,0,0
1680679652397890991,0,0,0,0
1680679652399815648,0,0,0,0
1680679652401653327,0,0,0,0
1680679652403468690,0,0,0,0
1680679652405404952,0,0,0,0
1680679652407269287,0,0,0,0
1680679652409164661,0,0,0,0
1680679652411093228,0,0,0,0
1680679652412928747,0,0,0,0
1680679652414785744,0,0,0,0
1680679652416760204,0,0,0,0
1680679652418646769,0,0,0,0
1680679652420584487,0,0,0,0
1680679652422526054,0,0,0,0
1680679652424458452,0,0,0,0
1680679652426478311,0,0,0,0
1680679652428506366,0,0,0,0
1680679652430483196,0,0,0,0
1680679652432453545,0,0,0,0
1680679652434366137,0,0,0,0
1680679652436399932,0,0,0,0
1680679652438346526,0,0,0,0
1680679652440235993,0,0,0,0
1680679652442177999,0,0,0,0
1680679652444071846,0,0,0,0
1680679652445986782,0,0,0,0
1680679652447947795,0,0,0,0
1680679652449937325,0,0,0,0
1680679652451893300,0,0,0,0
1680679652453814778,0,0,0,0
1680679652455805129,0,0,0,0
1680679652457714611,0,0,0,0
1680679652459727942,0,0,0,0
1680679652461599153,0,0,0,0
1680679652463557915,0,0,0,0
1680679652465335875,0,0,0,0
1680679652467026360,0,0,0,0
1680679652468819456,0,0,0,0
1680679652470626167,0,0,0,0
1680679652472596006,0,0,0,0
1680679652474527876,0,0,0,0
1680679652476434954,0,0,0,0
1680679652478338284,0,0,0,0
1680679652480267145,0,0,0,0
1680679652482298534,0,0,0,0
1680679652484187632,0,0,0,0
1680679652486164346,0,0,0,0
1680679652488064593,0,0,0,0
1680679652490013999,0,0,0,0
1680679652491909549,0,0,0,0
1680679652493785276,0,0,0,0
1680679652495746036,0,0,0,0
1680679652497642053,0,0,0,0
1680679652499551922,0,0,0,0
1680679652501358186,0,0,0,0
1680679652503191608,0,0,0,0
1680679652505067970,0,0,0,0
1680679652506928260,0,0,0,0
1680679652508824246,0,0,0,0
1680679652510758205,0,0,0,0
1680679652512743571,0,0,0,0
1680679652514645414,0,0,0,0
1680679652516604868,0,0,0,0
1680679652518560547,0,0,0,0
1680679652520425330,0,0,0,0
1680679652522369051,0,0,0,0
1680679652524356198,0,0,0,0
1680679652526277497,0,0,0,0
1680679652528251327,0,0,0,0
1680679652530178466,0,0,0,0
1680679652532134765,0,0,0,0
1680679652533966444,0,0,0,0
1680679652535904209,0,0,0,0
1680679652537766999,0,0,0,0
1680679652539828129,0,0,0,0
1680679652541686028,0,0,0,0
1680679652543725663,0,0,0,0
1680679652545652654,0,0,0,0
1680679652547637128,0,0,0,0
1680679652549680599,0,0,0,0
1680679652551610361,0,0,0,0
1680679652553581492,0,0,0,0
1680679652555521758,0,0,0,0
1680679652557343577,0,0,0,0
1680679652559190598,0,0,0,0
1680679652560915892,0,0,0,0
1680679652562792987,0,0,0,0
1680679652564626445,0,0,0,0
1680679652566376758,0,0,0,0
1680679652568144546,0,0,0,0
1680679652569950537,0,0,0,0
1680679652571687766,0,0,0,0
1680679652573436083,0,0,0,0
1680679652575513589,0,0,0,0
1680679652577629057,0,0,0,0
1680679652579413658,0,0,0,0
1680679652581288973,0,0,0,0
1680679652583182831,0,0,0,0
1680679652585004728,0,0,0,0
1680679652586797527,0,0,0,0
1680679652588799342,0,0,0,0
1680679652590653144,0,0,0,0
1680679652592590031,0,0,0,0
1680679652594405031,0,0,0,0
1680679652596284654,0,0,0,0
1680679652598047305,0,0,0,0
1680679652599934247,0,0,0,0
1680679652601772993,0,0,0,0
1680679652603692527,0,0,0,0
1680679652605432142,0,0,0,0
1680679652607133525,0,0,0,0
1680679652608976635,0,0,0,0
1680679652610678690,0,0,0,0
1680679652612378347,0,0,0,0
1680679652614093612,0,0,0,0
1680679652615791894,0,0,0,0
1680679652617529186,0,0,0,0
1680679652619278434,0,0,0,0
1680679652621025837,0,0,0,0
1680679652622794189,0,0,0,0
1680679652624558809,0,0,0,0
1680679652626640005,0,0,0,0
1680679652628609723,0,0,0,0
1680679652630572082,0,0,0,0
1680679652632530814,0,0,0,0
1680679652634584935,0,0,0,0
1680679652636363106,0,0,0,0
1680679652638079198,0,0,0,0
1680679652639975373,0,0,0,0
1680679652641684483,0,0,0,0
1680679652643427803,0,0,0,0
1680679652645287938,0,0,0,0
1680679652646988237,0,0,0,0
1680679652648726911,0,0,0,0
1680679652650626517,0,0,0,0
1680679652652458364,0,0,0,0
1680679652654307808,0,0,0,0
1680679652656178152,0,0,0,0
1680679652658056032,0,0,0,0
1680679652659991882,0,0,0,0
1680679652661880817,0,0,0,0
1680679652663791092,0,0,0,0
1680679652665642250,0,0,0,0
1680679652667520389,0,0,0,0
1680679652669444785,0,0,0,0
1680679652671311131,0,0,0,0
1680679652673179064,0,0,0,0
1680679652675051082,0,0,0,0
1680679652676930997,0,0,0,0
1680679652678994116,0,0,0,0
1680679652680882357,0,0,0,0
1680679652682805708,0,0,0,0
1680679652684694597,0,0,0,0
1680679652686602649,0,0,0,0
1680679652688524563,0,0,0,0
1680679652690408346,0,0,0,0
1680679652692262808,0,0,0,0
1680679652694153306,0,0,0,0
1680679652695993998,0,0,0,0
1680679652697862774,0,0,0,0
1680679652699798741,0,0,0,0
1680679652701697042,0,0,0,0
1680679652703620753,0,0,0,0
1680679652705505066,0,0,0,0
1680679652707399058,0,0,0,0
1680679652709505455,0,0,0,0
1680679652711330090,0,0,0,0
1680679652713229902,0,0,0,0
1680679652783126768,0,0,0,0
1680679652855000224,0,0,0,0
1680679652856958066,0,0,0,0
1680679652858883285,0,0,0,0
1680679652860850396,0,0,0,0
1680679652862803222,0,0,0,0
1680679652864807812,0,0,0,0
1680679652866677968,0,0,0,0
1680679652868388324,0,0,0,0
1680679652870177100,0,0,0,0
1680679652871901289,0,0,0,0
1680679652873762415,0,0,0,0
1680679652875665461,0,0,0,0
1680679652877415935,0,0,0,0
1680679652879319519,0,0,0,0
1680679652881117054,0,0,0,0
1680679652882830218,0,0,0,0
1680679652884647204,0,0,0,0
1680679652886556621,0,0,0,0
1680679652888412816,0,0,0,0
1680679652890365189,0,0,0,0
1680679652892218241,0,0,0,0
1680679652894098575,0,0,0,0
1680679652895969757,0,0,0,0
1680679652897899476,0,0,0,0
1680679652899869988,0,0,0,0
1680679652901738488,0,0,0,0
1680679652903718601,0,0,0,0
1680679652905591809,0,0,0,0
1680679652907506924,0,0,0,0
1680679652909372374,0,0,0,0
1680679652911217724,0,0,0,0
1680679652913140894,0,0,0,0
1680679652914980104,0,0,0,0
1680679652916854979,0,0,0,0
1680679652918734965,0,0,0,0
1680679652920709444,0,0,0,0
1680679652922670782,0,0,0,0
1680679652924612137,0,0,0,0
1680679652926560079,0,0,0,0
1680679652928388741,0,0,0,0
1680679652930410352,0,0,0,0
1680679652932282091,0,0,0,0
1680679652934145259,0,0,0,0
1680679652935966235,0,0,0,0
1680679652937831382,0,0,0,0
1680679652939806842,0,0,0,0
1680679652941723443,0,0,0,0
1680679652943628629,0,0,0,0
1680679652945526186,0,0,0,0
1680679652947501341,0,0,0,0
1680679652949350363,0,0,0,0
1680679652951164665,0,0,0,0
1680679652953034947,0,0,0,0
1680679652954938532,0,0,0,0
1680679652956815782,0,0,0,0
1680679652958661363,0,0,0,0
1680679652960640669,0,0,0,0
1680679652962628360,0,0,0,0
1680679652964526187,0,0,0,0
1680679652966335628,0,0,0,0
1680679652968108478,0,0,0,0
1680679652970004437,0,0,0,0
1680679652972000109,0,0,0,0
1680679652973934366,0,0,0,0
1680679652975877208,0,0,0,0
1680679652977888136,0,0,0,0
1680679652979867757,0,0,0,0
1680679652981893382,0,0,0,0
1680679652983932780,0,0,0,0
1680679652985955422,0,0,0,0
1680679652987928364,0,0,0,0
1680679652989831861,0,0,0,0
1680679653010300859,0,0,0,0
1680679653012393738,0,0,0,0
1680679653014523211,0,0,0,0
1680679653016616779,0,0,0,0
1680679653018740260,0,0,0,0
1680679653020830158,0,0,0,0
1680679653022784053,0,0,0,0
1680679653024659063,0,0,0,0
1680679653026598366,0,0,0,0
1680679653028424932,0,0,0,0
1680679653030326355,0,0,0,0
1680679653032195412,0,0,0,0
1680679653034053607,0,0,0,0
1680679653035976323,0,0,0,0
1680679653037876780,0,0,0,0
1680679653039835550,0,0,0,0
1680679653041757497,0,0,0,0
1680679653043778984,0,0,0,0
1680679653045627350,0,0,0,0
1680679653047548416,0,0,0,0
1680679653049432038,0,0,0,0
1680679653051248479,0,0,0,0
1680679653053048192,0,0,0,0
1680679653054905161,0,0,0,0
1680679653056809303,0,0,0,0
1680679653058721234,0,0,0,0
1680679653060677000,0,0,0,0
1680679653062594487,0,0,0,0
1680679653064587773,0,0,0,0
1680679653066563134,0,0,0,0
1680679653068342037,0,0,0,0
1680679653070332048,0,0,0,0
1680679653072215418,0,0,0,0
1680679653074177245,0,0,0,0
1680679653076052897,0,0,0,0
1680679653077929509,0,0,0,0
1680679653079882952,0,0,0,0
1680679653081814051,0,0,0,0
1680679653083680120,0,0,0,0
1680679653085445590,0,0,0,0
1680679653087243321,0,0,0,0
1680679653089088100,0,0,0,0
1680679653090924060,0,0,0,0
1680679653092794331,0,0,0,0
1680679653094733294,0,0,0,0
1680679653096632108,0,0,0,0
1680679653098529647,0,0,0,0
1680679653100474233,0,0,0,0
1680679653102397220,0,0,0,0
1680679653104416386,0,0,0,0
1680679653106336933,0,0,0,0
1680679653108178531,0,0,0,0
1680679653110166091,0,0,0,0
1680679653112162632,0,0,0,0
1680679653114096079,0,0,0,0
1680679653116066045,0,0,0,0
1680679653117963948,0,0,0,0
1680679653119932764,0,0,0,0
1680679653121816730,0,0,0,0
1680679653123814219,0,0,0,0
1680679653125708698,0,0,0,0
1680679653127652304,0,0,0,0
1680679653129654722,0,0,0,0
1680679653131538917,0,0,0,0
1680679653133386287,0,0,0,0
1680679653135110993,0,0,0,0
1680679653136978599,0,0,0,0
1680679653138959654,0,0,0,0
1680679653140888512,0,0,0,0
1680679653142807462,0,0,0,0
1680679653144775045,0,0,0,0
1680679653146693053,0,0,0,0
1680679653148678414,0,0,0,0
1680679653150592344,0,0,0,0
1680679653152455414,0,0,0,0
1680679653154356039,0,0,0,0
1680679653156321428,0,0,0,0
1680679653158183534,0,0,0,0
1680679653160154841,0,0,0,0
1680679653162124559,0,0,0,0
1680679653164094266,0,0,0,0
1680679653166083693,0,0,0,0
1680679653168008987,0,0,0,0
1680679653170016406,0,0,0,0
1680679653171874872,0,0,0,0
1680679653173749142,0,0,0,0
1680679653175649985,0,0,0,0
1680679653177445018,0,0,0,0
1680679653179369501,0,0,0,0
1680679653181211487,0,0,0,0
1680679653183129050,0,0,0,0
1680679653185051187,0,0,0,0
1680679653187050239,0,0,0,0
1680679653188891920,0,0,0,0
1680679653190902495,0,0,0,0
1680679653192757378,0,0,0,0
1680679653194594912,0,0,0,0
1680679653196472638,0,0,0,0
1680679653198446897,0,0,0,0
1680679653200294507,0,0,0,0
1680679653202365705,0,0,0,0
1680679653204258160,0,0,0,0
1680679653206231835,0,0,0,0
1680679653208199953,0,0,0,0
1680679653210139120,0,0,0,0
1680679653212110226,0,0,0,0
1680679653213967057,0,0,0,0
1680679653215833739,0,0,0,0
1680679653217708622,0,0,0,0
1680679653219635292,0,0,0,0
1680679653221460974,0,0,0,0
1680679653223232244,0,0,0,0
1680679653225181454,0,0,0,0
1680679653227082217,0,0,0,0
1680679653228938643,0,0,0,0
1680679653231001461,0,0,0,0
1680679653232937896,0,0,0,0
1680679653234799294,0,0,0,0
1680679653236816326,0,0,0,0
1680679653238812508,0,0,0,0
1680679653240737339,0,0,0,0
1680679653242614549,0,0,0,0
1680679653244617141,0,0,0,0
1680679653246519453,0,0,0,0
1680679653248407524,0,0,0,0
1680679653250422355,0,0,0,0
1680679653252289428,0,0,0,0
1680679653254254764,0,0,0,0
1680679653256217522,0,0,0,0
1680679653258096608,0,0,0,0
1680679653259923054,0,0,0,0
1680679653261909173,0,0,0,0
1680679653263781539,0,0,0,0
1680679653265747314,0,0,0,0
1680679653267672140,0,0,0,0
1680679653269655895,0,0,0,0
1680679653271664338,0,0,0,0
1680679653273642598,0,0,0,0
1680679653275616405,0,0,0,0
1680679653277389357,0,0,0,0
1680679653279218739,0,0,0,0
1680679653280978161,0,0,0,0
1680679653282938665,0,0,0,0
1680679653284738470,0,0,0,0
1680679653286594236,0,0,0,0
1680679653288513462,0,0,0,0
1680679653290528345,0,0,0,0
1680679653292409415,0,0,0,0
1680679653294405226,0,0,0,0
1680679653296309488,0,0,0,0
1680679653298293831,0,0,0,0
1680679653300173149,0,0,0,0
1680679653302181728,0,0,0,0
1680679653304123482,0,0,0,0
1680679653306084694,0,0,0,0
1680679653307936175,0,0,0,0
1680679653309865213,0,0,0,0
1680679653311843646,0,0,0,0
1680679653313721619,0,0,0,0
1680679653315661657,0,0,0,0
1680679653317453521,0,0,0,0
1680679653319242165,0,0,0,0
1680679653321122475,0,0,0,0
1680679653323111686,0,0,0,0
1680679653324952480,0,0,0,0
1680679653326917271,0,0,0,0
1680679653328798021,0,0,0,0
1680679653330795091,0,0,0,0
1680679653332609229,0,0,0,0
1680679653334528871,0,0,0,0
1680679653336310486,0,0,0,0
1680679653338222609,0,0,0,0
1680679653340034393,0,0,0,0
1680679653342118322,0,0,0,0
1680679653344040074,0,0,0,0
1680679653346058175,0,0,0,0
1680679653347929468,0,0,0,0
1680679653349922507,0,0,0,0
1680679653351878274,0,0,0,0
1680679653353803740,0,0,0,0
1680679653355702887,0,0,0,0
1680679653357568310,0,0,0,0
1680679653359476060,0,0,0,0
1680679653361270449,0,0,0,0
1680679653363148776,0,0,0,0
1680679653365062674,0,0,0,0
1680679653366853864,0,0,0,0
1680679653368702370,0,0,0,0
1680679653370742893,0,0,0,0
1680679653372561461,0,0,0,0
1680679653374455353,0,0,0,0
1680679653376335916,0,0,0,0
1680679653378243839,0,0,0,0
1680679653380212009,0,0,0,0
1680679653382125401,0,0,0,0
1680679653384073549,0,0,0,0
1680679653385858939,0,0,0,0
1680679653387609354,0,0,0,0
1680679653389542848,0,0,0,0
1680679653391475570,0,0,0,0
1680679653393329596,0,0,0,0
1680679653395166595,0,0,0,0
1680679653397001357,0,0,0,0
1680679653398932184,0,0,0,0
1680679653400845584,0,0,0,0
1680679653402893711,0,0,0,0
1680679653404824635,0,0,0,0
1680679653406715358,0,0,0,0
1680679653408572231,0,0,0,0
1680679653410442536,0,0,0,0
1680679653412392384,0,0,0,0
1680679653414273215,0,0,0,0
1680679653416188469,0,0,0,0
1680679653418166496,0,0,0,0
1680679653420069126,0,0,0,0
1680679653422068242,0,0,0,0
1680679653423917731,0,0,0,0
1680679653425834421,0,0,0,0
1680679653427773176,0,0,0,0
1680679653429621785,0,0,0,0
1680679653431625761,0,0,0,0
1680679653433432091,0,0,0,0
1680679653435330501,0,0,0,0
1680679653437172611,0,0,0,0
1680679653439061526,0,0,0,0
1680679653440980532,0,0,0,0
1680679653442955790,0,0,0,0
1680679653444899963,0,0,0,0
1680679653446793463,0,0,0,0
1680679653448697286,0,0,0,0
1680679653450564604,0,0,0,0
1680679653452484230,0,0,0,0
1680679653454323317,0,0,0,0
1680679653456169746,0,0,0,0
1680679653457929493,0,0,0,0
1680679653459746075,0,0,0,0
1680679653461628629,0,0,0,0
1680679653463478451,0,0,0,0
1680679653465415994,0,0,0,0
1680679653467169797,0,0,0,0
1680679653468894857,0,0,0,0
1680679653470763255,0,0,0,0
1680679653472695278,0,0,0,0
1680679653474577625,0,0,0,0
1680679653476489271,0,0,0,0
1680679653478380665,0,0,0,0
1680679653480269064,0,0,0,0
1680679653482263376,0,0,0,0
1680679653484147222,0,0,0,0
1680679653486091351,0,0,0,0
1680679653487960697,0,0,0,0
1680679653489937686,0,0,0,0
1680679653491813008,0,0,0,0
1680679653493642560,0,0,0,0
1680679653495513020,0,0,0,0
1680679653497334128,0,0,0,0
1680679653499118787,0,0,0,0
1680679653500953160,0,0,0,0
1680679653502968040,0,0,0,0
1680679653504857930,0,0,0,0
1680679653506827292,0,0,0,0
1680679653508775545,0,0,0,0
1680679653510719205,0,0,0,0
1680679653512677344,0,0,0,0
1680679653514564158,0,0,0,0
1680679653516511285,0,0,0,0
1680679653518395711,0,0,0,0
1680679653520216977,0,0,0,0
1680679653522265852,0,0,0,0
1680679653524168150,0,0,0,0
1680679653526129756,0,0,0,0
1680679653528014236,0,0,0,0
1680679653530006989,0,0,0,0
1680679653531951582,0,0,0,0
1680679653533834914,0,0,0,0
1680679653535661735,0,0,0,0
1680679653537609592,0,0,0,0
1680679653539541627,0,0,0,0
1680679653541273524,0,0,0,0
1680679653543226930,0,0,0,0
1680679653545135952,0,0,0,0
1680679653547033867,0,0,0,0
1680679653548826189,0,0,0,0
1680679653550695063,0,0,0,0
1680679653552617725,0,0,0,0
1680679653554623128,0,0,0,0
1680679653556542287,0,0,0,0
1680679653558492565,0,0,0,0
1680679653560413444,0,0,0,0
1680679653562434358,0,0,0,0
1680679653564388891,0,0,0,0
1680679653566262519,0,0,0,0
1680679653568206498,0,0,0,0
1680679653570087924,0,0,0,0
1680679653572048947,0,0,0,0
1680679653573898297,0,0,0,0
1680679653575841643,0,0,0,0
1680679653577726688,0,0,0,0
1680679653579689516,0,0,0,0
1680679653581602683,0,0,0,0
1680679653583581957,0,0,0,0
1680679653585551636,0,0,0,0
1680679653587502126,0,0,0,0
1680679653589268812,0,0,0,0
1680679653591209798,0,0,0,0
1680679653593003432,0,0,0,0
1680679653594912195,0,0,0,0
1680679653596791310,0,0,0,0
1680679653598732508,0,0,0,0
1680679653600588390,0,0,0,0
1680679653602569825,0,0,0,0
1680679653604546859,0,0,0,0
1680679653606460709,0,0,0,0
1680679653608410712,0,0,0,0
1680679653610350059,0,0,0,0
1680679653612243685,0,0,0,0
1680679653614171328,0,0,0,0
1680679653616145958,0,0,0,0
1680679653618049845,0,0,0,0
1680679653619981351,0,0,0,0
1680679653621818557,0,0,0,0
1680679653623759344,0,0,0,0
1680679653625676410,0,0,0,0
1680679653627526660,0,0,0,0
1680679653629384700,0,0,0,0
1680679653631206514,0,0,0,0
1680679653633100346,0,0,0,0
1680679653634989634,0,0,0,0
1680679653636798011,0,0,0,0
1680679653638774205,0,0,0,0
1680679653640578160,0,0,0,0
1680679653642549918,0,0,0,0
1680679653644426620,0,0,0,0
1680679653646410063,0,0,0,0
1680679653648266505,0,0,0,0
1680679653650244344,0,0,0,0
1680679653652206246,0,0,0,0
1680679653654168765,0,0,0,0
1680679653656152972,0,0,0,0
1680679653658069179,0,0,0,0
1680679653660020385,0,0,0,0
1680679653661872399,0,0,0,0
1680679653663783263,0,0,0,0
1680679653665760028,0,0,0,0
1680679653667597870,0,0,0,0
1680679653669447724,0,0,0,0
1680679653671283876,0,0,0,0
1680679653673064296,0,0,0,0
1680679653675003375,0,0,0,0
1680679653676924602,0,0,0,0
1680679653678817696,0,0,0,0
1680679653680740758,0,0,0,0
1680679653682763646,0,0,0,0
1680679653684604115,0,0,0,0
1680679653686560541,0,0,0,0
1680679653688487226,0,0,0,0
1680679653690435443,0,0,0,0
1680679653692375829,0,0,0,0
1680679653694214668,0,0,0,0
1680679653695950218,0,0,0,0
1680679653697715791,0,0,0,0
1680679653699598937,0,0,0,0
1680679653701546471,0,0,0,0
1680679653703491750,0,0,0,0
1680679653705596521,0,0,0,0
1680679653707495108,0,0,0,0
1680679653709306697,0,0,0,0
1680679653711314180,0,0,0,0
1680679653713149262,0,0,0,0
1680679653715028529,0,0,0,0
1680679653716816716,0,0,0,0
1680679653718603047,0,0,0,0
1680679653720536204,0,0,0,0
1680679653722382841,0,0,0,0
1680679653724382315,0,0,0,0
1680679653726342743,0,0,0,0
1680679653728261877,0,0,0,0
1680679653730237036,0,0,0,0
1680679653732188686,0,0,0,0
1680679653734138693,0,0,0,0
1680679653736008259,0,0,0,0
1680679653737928673,0,0,0,0
1680679653739862920,0,0,0,0
1680679653741804699,0,0,0,0
1680679653743705385,0,0,0,0
1680679653745694148,0,0,0,0
1680679653747951607,0,0,0,0
1680679653749874809,0,0,0,0
1680679653751897648,0,0,0,0
1680679653753792438,0,0,0,0
1680679653755753189,0,0,0,0
1680679653757622619,0,0,0,0
1680679653759581386,0,0,0,0
1680679653761374288,0,0,0,0
1680679653763338567,0,0,0,0
1680679653765164108,0,0,0,0
1680679653767056614,0,0,0,0
1680679653768809494,0,0,0,0
1680679653770682466,0,0,0,0
1680679653772521041,0,0,0,0
1680679653774453651,0,0,0,0
1680679653776331970,0,0,0,0
1680679653778302481,0,0,0,0
1680679653780211087,0,0,0,0
1680679653782182990,0,0,0,0
1680679653784097346,0,0,0,0
1680679653786103827,0,0,0,0
1680679653788059513,0,0,0,0
1680679653789924067,0,0,0,0
1680679653791919542,0,0,0,0
1680679653793722098,0,0,0,0
1680679653795651859,0,0,0,0
1680679653797568113,0,0,0,0
1680679653799512159,0,0,0,0
1680679653801309865,0,0,0,0
1680679653803179631,0,0,0,0
1680679653805097758,0,0,0,0
1680679653806984216,0,0,0,0
1680679653808821759,0,0,0,0
1680679653810703449,0,0,0,0
1680679653812675775,0,0,0,0
1680679653814686242,0,0,0,0
1680679653816606899,0,0,0,0
1680679653818429981,0,0,0,0
1680679653820280141,0,0,0,0
1680679653822244713,0,0,0,0
1680679653824128914,0,0,0,0
1680679653826178261,0,0,0,0
1680679653828052187,0,0,0,0
1680679653830035233,0,0,0,0
1680679653831929847,0,0,0,0
1680679653833820392,0,0,0,0
1680679653835674591,0,0,0,0
1680679653837427664,0,0,0,0
1680679653839205501,0,0,0,0
1680679653841035534,0,0,0,0
1680679653843057845,0,0,0,0
1680679653844869083,0,0,0,0
1680679653846831514,0,0,0,0
1680679653848711560,0,0,0,0
1680679653850692599,0,0,0,0
1680679653852610897,0,0,0,0
1680679653854536083,0,0,0,0
1680679653856487042,0,0,0,0
1680679653858374089,0,0,0,0
1680679653860241662,0,0,0,0
1680679653862239865,0,0,0,0
1680679653864228204,0,0,0,0
1680679653866185894,0,0,0,0
1680679653868140217,0,0,0,0
1680679653870090924,0,0,0,0
1680679653872127262,0,0,0,0
1680679653873984737,0,0,0,0
1680679653875763122,0,0,0,0
1680679653877484583,0,0,0,0
1680679653879155312,0,0,0,0
1680679653880816638,0,0,0,0
1680679653882488298,0,0,0,0
1680679653884227704,0,0,0,0
1680679653886136669,0,0,0,0
1680679653888128672,0,0,0,0
1680679653890229882,0,0,0,0
1680679653892113429,0,0,0,0
1680679653893983447,0,0,0,0
1680679653895858754,0,0,0,0
1680679653897745468,0,0,0,0
1680679653899559602,0,0,0,0
1680679653901322911,0,0,0,0
1680679653903196691,0,0,0,0
1680679653905055323,0,0,0,0
1680679653906847638,0,0,0,0
1680679653908693757,0,0,0,0
1680679653910795600,0,0,0,0
1680679653912598410,0,0,0,0
1680679653914544548,0,0,0,0
1680679653916444898,0,0,0,0
1680679653918239701,0,0,0,0
1680679653920288623,0,0,0,0
1680679653922236214,0,0,0,0
1680679653924128268,0,0,0,0
1680679653926092802,0,0,0,0
1680679653928026067,0,0,0,0
1680679653929831025,0,0,0,0
1680679653931703073,0,0,0,0
1680679653933559280,0,0,0,0
1680679653935490730,0,0,0,0
1680679653937311000,0,0,0,0
1680679653939108542,0,0,0,0
1680679653940962360,0,0,0,0
1680679653942791807,0,0,0,0
1680679653944620139,0,0,0,0
1680679653946483771,0,0,0,0
1680679653948409114,0,0,0,0
1680679653950246616,0,0,0,0
1680679653952166402,0,0,0,0
1680679653954116905,0,0,0,0
1680679653955998961,0,0,0,0
1680679653957934702,0,0,0,0
1680679653959760092,0,0,0,0
1680679653961531172,0,0,0,0
1680679653963335887,0,0,0,0
1680679653965170654,0,0,0,0
1680679653966920031,0,0,0,0
1680679653968795738,0,0,0,0
1680679653970663591,0,0,0,0
1680679653972571306,0,0,0,0
1680679653974685758,0,0,0,0
1680679653976711565,0,0,0,0
1680679653978667939,0,0,0,0
1680679653980548500,0,0,0,0
1680679653982429517,0,0,0,0
1680679653984415955,0,0,0,0
1680679653986292364,0,0,0,0
1680679653988878429,0,0,0,0
1680679653990786602,0,0,0,0
1680679653992842766,0,0,0,0
1680679653994779258,0,0,0,0
1680679653996700075,0,0,0,0
1680679653998614061,0,0,0,0
1680679654000526894,0,0,0,0
1680679654002448594,0,0,0,0
1680679654004398366,0,0,0,0
1680679654006318791,0,0,0,0
1680679654008238123,0,0,0,0
1680679654010154261,0,0,0,0
1680679654012205612,0,0,0,0
1680679654014103526,0,0,0,0
1680679654016008932,0,0,0,0
1680679654017909453,0,0,0,0
1680679654019801478,0,0,0,0
1680679654022614437,0,0,0,0
1680679654024655042,0,0,0,0
1680679654026659534,0,0,0,0
1680679654028592482,0,0,0,0
1680679654030533491,0,0,0,0
1680679654032528501,0,0,0,0
1680679654034466374,0,0,0,0
1680679654036389014,0,0,0,0
1680679654039774900,0,0,0,0
1680679654041793114,0,0,0,0
1680679654043927568,0,0,0,0
1680679654117726947,0,0,0,0
1680679654190532633,0,0,0,0
1680679654192602956,0,0,0,0
1680679654194452849,0,0,0,0
1680679654196354569,0,0,0,0
1680679654198214848,0,0,0,0
1680679654200154417,0,0,0,0
1680679654202060218,0,0,0,0
1680679654203782839,0,0,0,0
1680679654205550740,0,0,0,0
1680679654207321609,0,0,0,0
1680679654209041149,0,0,0,0
1680679654210880795,0,0,0,0
1680679654212758502,0,0,0,0
1680679654214674333,0,0,0,0
1680679654216531634,0,0,0,0
1680679654218333505,0,0,0,0
1680679654220261237,0,0,0,0
1680679654222147073,0,0,0,0
1680679654224075852,0,0,0,0
1680679654226041996,0,0,0,0
1680679654227922512,0,0,0,0
1680679654229864543,0,0,0,0
1680679654231750229,0,0,0,0
1680679654233664484,0,0,0,0
1680679654235586616,0,0,0,0
1680679654237375140,0,0,0,0
1680679654239212975,0,0,0,0
1680679654240943041,0,0,0,0
1680679654242765110,0,0,0,0
1680679654244806501,0,0,0,0
1680679654246682971,0,0,0,0
1680679654248612954,0,0,0,0
1680679654250539740,0,0,0,0
1680679654252464098,0,0,0,0
1680679654254421185,0,0,0,0
1680679654256273592,0,0,0,0
1680679654258205364,0,0,0,0
1680679654260139612,0,0,0,0
1680679654262007297,0,0,0,0
1680679654263968703,0,0,0,0
1680679654265950672,0,0,0,0
1680679654267890626,0,0,0,0
1680679654269847793,0,0,0,0
1680679654271706017,0,0,0,0
1680679654273645349,0,0,0,0
1680679654275581800,0,0,0,0
1680679654277379708,0,0,0,0
1680679654279293056,0,0,0,0
1680679654281129303,0,0,0,0
1680679654282997769,0,0,0,0
1680679654284969333,0,0,0,0
1680679654286898080,0,0,0,0
1680679654288733076,0,0,0,0
1680679654290696946,0,0,0,0
1680679654292676341,0,0,0,0
1680679654294566688,0,0,0,0
1680679654296430834,0,0,0,0
1680679654298409640,0,0,0,0
1680679654300306494,0,0,0,0
1680679654302222933,0,0,0,0
1680679654304241204,0,0,0,0
1680679654306219727,0,0,0,0
1680679654308114826,0,0,0,0
1680679654309968439,0,0,0,0
1680679654311839889,0,0,0,0
1680679654313875232,0,0,0,0
1680679654315746738,0,0,0,0
1680679654317709849,0,0,0,0
1680679654319598639,0,0,0,0
1680679654321419677,0,0,0,0
1680679654323215321,0,0,0,0
1680679654325146277,0,0,0,0
1680679654327074562,0,0,0,0
1680679654328919927,0,0,0,0
1680679654330825681,0,0,0,0
1680679654332805499,0,0,0,0
1680679654334664898,0,0,0,0
1680679654336575868,0,0,0,0
1680679654338509093,0,0,0,0
1680679654340312121,0,0,0,0
1680679654342290931,0,0,0,0
1680679654344200677,0,0,0,0
1680679654346153856,0,0,0,0
1680679654348160923,0,0,0,0
1680679654350084433,0,0,0,0
1680679654352040140,0,0,0,0
1680679654354074191,0,0,0,0
1680679654355929481,0,0,0,0
1680679654357780431,0,0,0,0
1680679654359632333,0,0,0,0
1680679654361564659,0,0,0,0
1680679654363413289,0,0,0,0
1680679654365362328,0,0,0,0
1680679654367204491,0,0,0,0
1680679654369039713,0,0,0,0
1680679654370967931,0,0,0,0
1680679654372937477,0,0,0,0
1680679654374880136,0,0,0,0
1680679654376743174,0,0,0,0
1680679654378669200,0,0,0,0
1680679654380544955,0,0,0,0
1680679654382499462,0,0,0,0
1680679654384380901,0,0,0,0
1680679654386264240,0,0,0,0
1680679654388145687,0,0,0,0
1680679654390061943,0,0,0,0
1680679654391924686,0,0,0,0
1680679654393872460,0,0,0,0
1680679654395827319,0,0,0,0
1680679654397721780,0,0,0,0
1680679654399695703,0,0,0,0
1680679654401543105,0,0,0,0
1680679654403471172,0,0,0,0
1680679654405385017,0,0,0,0
1680679654407156368,0,0,0,0
1680679654409027374,0,0,0,0
1680679654410948708,0,0,0,0
1680679654412792471,0,0,0,0
1680679654414690328,0,0,0,0
1680679654416472899,0,0,0,0
1680679654418391882,0,0,0,0
1680679654420333016,0,0,0,0
1680679654422245615,0,0,0,0
1680679654424208382,0,0,0,0
1680679654426146024,0,0,0,0
1680679654428038994,0,0,0,0
1680679654429990071,0,0,0,0
1680679654431806618,0,0,0,0
1680679654433718533,0,0,0,0
1680679654435668752,0,0,0,0
1680679654437565466,0,0,0,0
1680679654439568500,0,0,0,0
1680679654441534179,0,0,0,0
1680679654443510536,0,0,0,0
1680679654445370125,0,0,0,0
1680679654447274935,0,0,0,0
1680679654449050096,0,0,0,0
1680679654451009427,0,0,0,0
1680679654452808885,0,0,0,0
1680679654454708263,0,0,0,0
1680679654456569450,0,0,0,0
1680679654458494612,0,0,0,0
1680679654460452222,0,0,0,0
1680679654462355975,0,0,0,0
1680679654464315740,0,0,0,0
1680679654466240822,0,0,0,0
1680679654468177976,0,0,0,0
1680679654470196287,0,0,0,0
1680679654472007845,0,0,0,0
1680679654473945183,0,0,0,0
1680679654475751174,0,0,0,0
1680679654477610327,0,0,0,0
1680679654479596806,0,0,0,0
1680679654481440504,0,0,0,0
1680679654483386339,0,0,0,0
1680679654485251326,0,0,0,0
1680679654487146892,0,0,0,0
1680679654489028994,0,0,0,0
1680679654490934325,0,0,0,0
1680679654492811707,0,0,0,0
1680679654494773257,0,0,0,0
1680679654496643004,0,0,0,0
1680679654498609970,0,0,0,0
1680679654500513760,0,0,0,0
1680679654502424523,0,0,0,0
1680679654504406790,0,0,0,0
1680679654506300976,0,0,0,0
1680679654508277763,0,0,0,0
1680679654510174105,0,0,0,0
1680679654512111515,0,0,0,0
1680679654514032362,0,0,0,0
1680679654515926108,0,0,0,0
1680679654517772947,0,0,0,0
1680679654519711837,0,0,0,0
1680679654521612795,0,0,0,0
1680679654523587114,0,0,0,0
1680679654525566381,0,0,0,0
1680679654527570695,0,0,0,0
1680679654529399791,0,0,0,0
1680679654531252587,0,0,0,0
1680679654533258151,0,0,0,0
1680679654535002080,0,0,0,0
1680679654536810429,0,0,0,0
1680679654538657824,0,0,0,0
1680679654540593882,0,0,0,0
1680679654542441297,0,0,0,0
1680679654544378289,0,0,0,0
1680679654546244837,0,0,0,0
1680679654548215136,0,0,0,0
1680679654550201743,0,0,0,0
1680679654552104917,0,0,0,0
1680679654554110596,0,0,0,0
1680679654556068682,0,0,0,0
1680679654557942161,0,0,0,0
1680679654559864701,0,0,0,0
1680679654561729594,0,0,0,0
1680679654563715354,0,0,0,0
1680679654565645567,0,0,0,0
1680679654567652297,0,0,0,0
1680679654569448663,0,0,0,0
1680679654571296177,0,0,0,0
1680679654573236507,0,0,0,0
1680679654575047726,0,0,0,0
1680679654576808136,0,0,0,0
1680679654578755346,0,0,0,0
1680679654580619949,0,0,0,0
1680679654582590071,0,0,0,0
1680679654584576193,0,0,0,0
1680679654586476470,0,0,0,0
1680679654588495683,0,0,0,0
1680679654590495778,0,0,0,0
1680679654592411080,0,0,0,0
1680679654594399211,0,0,0,0
1680679654596275437,0,0,0,0
1680679654598120317,0,0,0,0
1680679654599875125,0,0,0,0
1680679654601780812,0,0,0,0
1680679654603721614,0,0,0,0
1680679654605623161,0,0,0,0
1680679654607617715,0,0,0,0
1680679654609449877,0,0,0,0
1680679654611382775,0,0,0,0
1680679654613234517,0,0,0,0
1680679654615166216,0,0,0,0
1680679654616987758,0,0,0,0
1680679654618787032,0,0,0,0
1680679654620753855,0,0,0,0
1680679654622596925,0,0,0,0
1680679654624421821,0,0,0,0
1680679654626300818,0,0,0,0
1680679654628086956,0,0,0,0
1680679654629890597,0,0,0,0
1680679654631760459,0,0,0,0
1680679654633837783,0,0,0,0
1680679654635721129,0,0,0,0
1680679654637643935,0,0,0,0
1680679654639579882,0,0,0,0
1680679654641472528,0,0,0,0
1680679654643238810,0,0,0,0
1680679654645071312,0,0,0,0
1680679654647044498,0,0,0,0
1680679654648921209,0,0,0,0
1680679654650900949,0,0,0,0
1680679654652789497,0,0,0,0
1680679654654741992,0,0,0,0
1680679654656589835,0,0,0,0
1680679654658525625,0,0,0,0
1680679654660406379,0,0,0,0
1680679654662238558,0,0,0,0
1680679654664190815,0,0,0,0
1680679654666024970,0,0,0,0
1680679654667986177,0,0,0,0
1680679654669859979,0,0,0,0
1680679654671799697,0,0,0,0
1680679654673778120,0,0,0,0
1680679654675698383,0,0,0,0
1680679654677650166,0,0,0,0
1680679654679590102,0,0,0,0
1680679654681377588,0,0,0,0
1680679654683185735,0,0,0,0
1680679654684953294,0,0,0,0
1680679654686776020,0,0,0,0
1680679654688813794,0,0,0,0
1680679654690734053,0,0,0,0
1680679654692733451,0,0,0,0
1680679654694717003,0,0,0,0
1680679654696663713,0,0,0,0
1680679654698548019,0,0,0,0
1680679654700513186,0,0,0,0
1680679654702389600,0,0,0,0
1680679654704321206,0,0,0,0
1680679654706313105,0,0,0,0
1680679654708214431,0,0,0,0
1680679654710127138,0,0,0,0
1680679654711971464,0,0,0,0
1680679654713985751,0,0,0,0
1680679654715881437,0,0,0,0
1680679654717709909,0,0,0,0
1680679654719667966,0,0,0,0
1680679654721541164,0,0,0,0
1680679654723502163,0,0,0,0
1680679654725347316,0,0,0,0
1680679654727178371,0,0,0,0
1680679654729031157,0,0,0,0
1680679654730983208,0,0,0,0
1680679654732844077,0,0,0,0
1680679654734757886,0,0,0,0
1680679654736737725,0,0,0,0
1680679654738589661,0,0,0,0
1680679654740482301,0,0,0,0
1680679654742353382,0,0,0,0
1680679654744273318,0,0,0,0
1680679654746216799,0,0,0,0
1680679654748467578,0,0,0,0
1680679654750419960,0,0,0,0
1680679654752285895,0,0,0,0
1680679654754247617,0,0,0,0
1680679654756089463,0,0,0,0
1680679654758033755,0,0,0,0
1680679654759903425,0,0,0,0
1680679654761872039,0,0,0,0
1680679654763703685,0,0,0,0
1680679654765714728,0,0,0,0
1680679654767553770,0,0,0,0
1680679654769439660,0,0,0,0
1680679654771287736,0,0,0,0
1680679654773051808,0,0,0,0
1680679654774889562,0,0,0,0
1680679654776734529,0,0,0,0
1680679654778659071,0,0,0,0
1680679654780563434,0,0,0,0
1680679654782467220,0,0,0,0
1680679654784437383,0,0,0,0
1680679654786464133,0,0,0,0
1680679654788377280,0,0,0,0
1680679654790359926,0,0,0,0
1680679654792228660,0,0,0,0
1680679654794158339,0,0,0,0
1680679654796024553,0,0,0,0
1680679654797875219,0,0,0,0
1680679654799816144,0,0,0,0
1680679654801656564,0,0,0,0
1680679654803655218,0,0,0,0
1680679654805657985,0,0,0,0
1680679654807704663,0,0,0,0
1680679654809582338,0,0,0,0
1680679654811504623,0,0,0,0
1680679654813399751,0,0,0,0
1680679654815232826,0,0,0,0
1680679654817101492,0,0,0,0
1680679654819045550,0,0,0,0
1680679654820877152,0,0,0,0
1680679654822690415,0,0,0,0
1680679654824678629,0,0,0,0
1680679654826644368,0,0,0,0
1680679654828737426,0,0,0,0
1680679654830640249,0,0,0,0
1680679654832618294,0,0,0,0
1680679654834639802,0,0,0,0
1680679654836559292,0,0,0,0
1680679654838558720,0,0,0,0
1680679654840533534,0,0,0,0
1680679654842461701,0,0,0,0
1680679654844273090,0,0,0,0
1680679654846117929,0,0,0,0
1680679654847998679,0,0,0,0
1680679654849903677,0,0,0,0
1680679654851775412,0,0,0,0
1680679654853747102,0,0,0,0
1680679654855675265,0,0,0,0
1680679654857660152,0,0,0,0
1680679654859619074,0,0,0,0
1680679654861442070,0,0,0,0
1680679654863364938,0,0,0,0
1680679654865199313,0,0,0,0
1680679654867171983,0,0,0,0
1680679654869028515,0,0,0,0
1680679654870767363,0,0,0,0
1680679654872617674,0,0,0,0
1680679654874504824,0,0,0,0
1680679654876467618,0,0,0,0
1680679654878368327,0,0,0,0
1680679654880306671,0,0,0,0
1680679654882194670,0,0,0,0
1680679654884148104,0,0,0,0
1680679654886083366,0,0,0,0
1680679654888017313,0,0,0,0
1680679654889916543,0,0,0,0
1680679654891761162,0,0,0,0
1680679654893775538,0,0,0,0
1680679654895638806,0,0,0,0
1680679654897622805,0,0,0,0
1680679654899538992,0,0,0,0
1680679654901373563,0,0,0,0
1680679654903241784,0,0,0,0
1680679654905088890,0,0,0,0
1680679654907027289,0,0,0,0
1680679654908850094,0,0,0,0
1680679654910822689,0,0,0,0
1680679654912727344,0,0,0,0
1680679654914695328,0,0,0,0
1680679654916574713,0,0,0,0
1680679654918457403,0,0,0,0
1680679654920364692,0,0,0,0
1680679654922220353,0,0,0,0
1680679654924127341,0,0,0,0
1680679654926114284,0,0,0,0
1680679654928062253,0,0,0,0
1680679654929957059,0,0,0,0
1680679654931807100,0,0,0,0
1680679654933783606,0,0,0,0
1680679654935650433,0,0,0,0
1680679654937573779,0,0,0,0
1680679654939414045,0,0,0,0
1680679654941324508,0,0,0,0
1680679654943197718,0,0,0,0
1680679654945029376,0,0,0,0
1680679654947031531,0,0,0,0
1680679654948910845,0,0,0,0
1680679654950977344,0,0,0,0
1680679654952925027,0,0,0,0
1680679654954827084,0,0,0,0
1680679654956791727,0,0,0,0
1680679654958644569,0,0,0,0
1680679654960532652,0,0,0,0
1680679654962552682,0,0,0,0
1680679654964468561,0,0,0,0
1680679654966485796,0,0,0,0
1680679654968370742,0,0,0,0
1680679654970346536,0,0,0,0
1680679654972246835,0,0,0,0
1680679654974145201,0,0,0,0
1680679654976007900,0,0,0,0
1680679654977857714,0,0,0,0
1680679654979719098,0,0,0,0
1680679654981525826,0,0,0,0
1680679654983356020,0,0,0,0
1680679654985278196,0,0,0,0
1680679654987157241,0,0,0,0
1680679654989115781,0,0,0,0
1680679654990932085,0,0,0,0
1680679654992817935,0,0,0,0
1680679654994859551,0,0,0,0
1680679654996761729,0,0,0,0
1680679654998828737,0,0,0,0
1680679655000676790,0,0,0,0
1680679655002625156,0,0,0,0
1680679655004591811,0,0,0,0
1680679655006475197,0,0,0,0
1680679655008497873,0,0,0,0
1680679655010366503,0,0,0,0
1680679655012309789,0,0,0,0
1680679655014192661,0,0,0,0
1680679655016130102,0,0,0,0
1680679655018113376,0,0,0,0
1680679655020023211,0,0,0,0
1680679655021938197,0,0,0,0
1680679655023894435,0,0,0,0
1680679655025947940,0,0,0,0
1680679655027855477,0,0,0,0
1680679655029717747,0,0,0,0
1680679655031664354,0,0,0,0
1680679655033421438,0,0,0,0
1680679655035225411,0,0,0,0
1680679655037093543,0,0,0,0
1680679655039019998,0,0,0,0
1680679655040830076,0,0,0,0
1680679655042824207,0,0,0,0
1680679655044738585,0,0,0,0
1680679655046781424,0,0,0,0
1680679655048738695,0,0,0,0
1680679655050577845,0,0,0,0
1680679655052528611,0,0,0,0
1680679655054452666,0,0,0,0
1680679655056323024,0,0,0,0
1680679655058249650,0,0,0,0
1680679655060247335,0,0,0,0
1680679655062162860,0,0,0,0
1680679655064122082,0,0,0,0
1680679655066071337,0,0,0,0
1680679655068040179,0,0,0,0
1680679655069921442,0,0,0,0
1680679655071833068,0,0,0,0
1680679655073687174,0,0,0,0
1680679655075707105,0,0,0,0
1680679655077558443,0,0,0,0
1680679655079506514,0,0,0,0
1680679655081341347,0,0,0,0
1680679655083180698,0,0,0,0
1680679655085010020,0,0,0,0
1680679655087086139,0,0,0,0
1680679655088960817,0,0,0,0
1680679655090766997,0,0,0,0
1680679655092676921,0,0,0,0
1680679655094515064,0,0,0,0
1680679655096413342,0,0,0,0
1680679655098254684,0,0,0,0
1680679655100203763,0,0,0,0
1680679655102116337,0,0,0,0
1680679655104099376,0,0,0,0
1680679655106015275,0,0,0,0
1680679655107981153,0,0,0,0
1680679655109896723,0,0,0,0
1680679655111847211,0,0,0,0
1680679655113653036,0,0,0,0
1680679655115686515,0,0,0,0
1680679655117649481,0,0,0,0
1680679655119587812,0,0,0,0
1680679655121392114,0,0,0,0
1680679655123231968,0,0,0,0
1680679655125079345,0,0,0,0
1680679655127026039,0,0,0,0
1680679655128949203,0,0,0,0
1680679655130910416,0,0,0,0
1680679655132738748,0,0,0,0
1680679655134727138,0,0,0,0
1680679655136583005,0,0,0,0
1680679655138434851,0,0,0,0
1680679655140394418,0,0,0,0
1680679655142313477,0,0,0,0
1680679655144267214,0,0,0,0
1680679655146208717,0,0,0,0
1680679655148148964,0,0,0,0
1680679655150084082,0,0,0,0
1680679655152004704,0,0,0,0
1680679655153950319,0,0,0,0
1680679655155947689,0,0,0,0
1680679655157811743,0,0,0,0
1680679655159761170,0,0,0,0
1680679655161619909,0,0,0,0
1680679655163575771,0,0,0,0
1680679655165397727,0,0,0,0
1680679655167290831,0,0,0,0
1680679655169163052,0,0,0,0
1680679655171071840,0,0,0,0
1680679655172895829,0,0,0,0
1680679655174806340,0,0,0,0
1680679655176784356,0,0,0,0
1680679655178664202,0,0,0,0
1680679655180609332,0,0,0,0
1680679655182503039,0,0,0,0
1680679655184450785,0,0,0,0
1680679655186352979,0,0,0,0
1680679655188305298,0,0,0,0
1680679655190194912,0,0,0,0
1680679655192135854,0,0,0,0
1680679655194092261,0,0,0,0
1680679655195988144,0,0,0,0
1680679655197867356,0,0,0,0
1680679655199756804,0,0,0,0
1680679655201609495,0,0,0,0
1680679655203565695,0,0,0,0
1680679655205428831,0,0,0,0
1680679655207356265,0,0,0,0
1680679655209209852,0,0,0,0
1680679655210945095,0,0,0,0
1680679655212676904,0,0,0,0
1680679655214541817,0,0,0,0
1680679655216466472,0,0,0,0
1680679655218266369,0,0,0,0
1680679655220039488,0,0,0,0
1680679655221914388,0,0,0,0
1680679655224119298,0,0,0,0
1680679655226249152,0,0,0,0
1680679655228032631,0,0,0,0
1680679655230067241,0,0,0,0
1680679655231900484,0,0,0,0
1680679655233826758,0,0,0,0
1680679655235766001,0,0,0,0
1680679655237711923,0,0,0,0
1680679655239829990,0,0,0,0
1680679655241815885,0,0,0,0
1680679655243705439,0,0,0,0
1680679655245930611,0,0,0,0
1680679655247998438,0,0,0,0
1680679655249952620,0,0,0,0
1680679655251812137,0,0,0,0
1680679655253641153,0,0,0,0
1680679655255608703,0,0,0,0
1680679655257539113,0,0,0,0
1680679655259346344,0,0,0,0
1680679655261087292,0,0,0,0
1680679655262811356,0,0,0,0
1680679655264603561,0,0,0,0
1680679655266460224,0,0,0,0
1680679655268322566,0,0,0,0
1680679655270385949,0,0,0,0
1680679655272328467,0,0,0,0
1680679655274166207,0,0,0,0
1680679655276048590,0,0,0,0
1680679655277893221,0,0,0,0
1680679655279686671,0,0,0,0
1680679655281537476,0,0,0,0
1680679655283484200,0,0,0,0
1680679655285261338,0,0,0,0
1680679655287085331,0,0,0,0
1680679655288912818,0,0,0,0
1680679655290762255,0,0,0,0
1680679655292706768,0,0,0,0
1680679655294618672,0,0,0,0
1680679655296455676,0,0,0,0
1680679655298313829,0,0,0,0
1680679655300152833,0,0,0,0
1680679655302074639,0,0,0,0
1680679655303919148,0,0,0,0
1680679655305708898,0,0,0,0
1680679655307631273,0,0,0,0
1680679655309724098,0,0,0,0
1680679655311749128,0,0,0,0
1680679655313676719,0,0,0,0
1680679655315714261,0,0,0,0
1680679655317663660,0,0,0,0
1680679655319591482,0,0,0,0
1680679655321492841,0,0,0,0
1680679655323404206,0,0,0,0
1680679655325589845,0,0,0,0
1680679655327554202,0,0,0,0
1680679655329455189,0,0,0,0
1680679655331363042,0,0,0,0
1680679655333262201,0,0,0,0
1680679655335233581,0,0,0,0
1680679655337135440,0,0,0,0
1680679655339036333,0,0,0,0
1680679655340932779,0,0,0,0
1680679655342837402,0,0,0,0
1680679655344727454,0,0,0,0
1680679655346672070,0,0,0,0
1680679655348608629,0,0,0,0
1680679655350526884,0,0,0,0
1680679655352412375,0,0,0,0
1680679655354287690,0,0,0,0
1680679655356205196,0,0,0,0
1680679655358966832,0,0,0,0
1680679655360932458,0,0,0,0
1680679655362928772,0,0,0,0
1680679655364901256,0,0,0,0
1680679655366860463,0,0,0,0
1680679655368800969,0,0,0,0
1680679655370708918,0,0,0,0
1680679655372634750,0,0,0,0
1680679655375398673,0,0,0,0
1680679655377373140,0,0,0,0
1680679655379443070,0,0,0,0
1680679655450528361,0,0,0,0
1680679655521055099,0,0,0,0
1680679655522968071,0,0,0,0
1680679655524812585,0,0,0,0
1680679655526712009,0,0,0,0
1680679655528554206,0,0,0,0
1680679655530518193,0,0,0,0
1680679655532436773,0,0,0,0
1680679655534233739,0,0,0,0
1680679655536129946,0,0,0,0
1680679655537892683,0,0,0,0
1680679655539675675,0,0,0,0
1680679655541394600,0,0,0,0
1680679655543141622,0,0,0,0
1680679655544881047,0,0,0,0
1680679655546750954,0,0,0,0
1680679655548609215,0,0,0,0
1680679655550643858,0,0,0,0
1680679655552615317,0,0,0,0
1680679655554507046,0,0,0,0
1680679655556379394,0,0,0,0
1680679655558319036,0,0,0,0
1680679655560153230,0,0,0,0
1680679655562095453,0,0,0,0
1680679655563989411,0,0,0,0
1680679655565937140,0,0,0,0
1680679655567866620,0,0,0,0
1680679655569849807,0,0,0,0
1680679655571711817,0,0,0,0
1680679655573613779,0,0,0,0
1680679655575455186,0,0,0,0
1680679655577256618,0,0,0,0
1680679655579044469,0,0,0,0
1680679655580809931,0,0,0,0
1680679655582618017,0,0,0,0
1680679655584513344,0,0,0,0
1680679655586524450,0,0,0,0
1680679655588471925,0,0,0,0
1680679655590421696,0,0,0,0
1680679655592321528,0,0,0,0
1680679655594335504,0,0,0,0
1680679655596210195,0,0,0,0
1680679655598168493,0,0,0,0
1680679655600115748,0,0,0,0
1680679655602086154,0,0,0,0
1680679655603955360,0,0,0,0
1680679655605819899,0,0,0,0
1680679655607809607,0,0,0,0
1680679655609685872,0,0,0,0
1680679655611550678,0,0,0,0
1680679655613299168,0,0,0,0
1680679655615137084,0,0,0,0
1680679655616966629,0,0,0,0
1680679655618842219,0,0,0,0
1680679655620673749,0,0,0,0
1680679655622662439,0,0,0,0
1680679655624543983,0,0,0,0
1680679655626553064,0,0,0,0
1680679655628482338,0,0,0,0
1680679655630445505,0,0,0,0
1680679655632343640,0,0,0,0
1680679655634251990,0,0,0,0
1680679655636314877,0,0,0,0
1680679655638151320,0,0,0,0
1680679655640100850,0,0,0,0
1680679655642149684,0,0,0,0
1680679655644062711,0,0,0,0
1680679655645894837,0,0,0,0
1680679655647905523,0,0,0,0
1680679655649850148,0,0,0,0
1680679655651757269,0,0,0,0
1680679655653719665,0,0,0,0
1680679655655642342,0,0,0,0
1680679655657520748,0,0,0,0
1680679655659454691,0,0,0,0
1680679655661249437,0,0,0,0
1680679655663096494,0,0,0,0
1680679655664985621,0,0,0,0
1680679655666793007,0,0,0,0
1680679655668813319,0,0,0,0
1680679655670747009,0,0,0,0
1680679655672702779,0,0,0,0
1680679655674595185,0,0,0,0
1680679655676578628,0,0,0,0
1680679655678513724,0,0,0,0
1680679655680369192,0,0,0,0
1680679655682332151,0,0,0,0
1680679655684212405,0,0,0,0
1680679655686104411,0,0,0,0
1680679655688013310,0,0,0,0
1680679655689996833,0,0,0,0
1680679655691916376,0,0,0,0
1680679655693897678,0,0,0,0
1680679655695815076,0,0,0,0
1680679655697772990,0,0,0,0
1680679655699640265,0,0,0,0
1680679655701463266,0,0,0,0
1680679655703239762,0,0,0,0
1680679655705045645,0,0,0,0
1680679655707016065,0,0,0,0
1680679655708809208,0,0,0,0
1680679655710804387,0,0,0,0
1680679655712742693,0,0,0,0
1680679655714547907,0,0,0,0
1680679655716481313,0,0,0,0
1680679655718466888,0,0,0,0
1680679655720270194,0,0,0,0
1680679655722209532,0,0,0,0
1680679655724099815,0,0,0,0
1680679655726017741,0,0,0,0
1680679655728009912,0,0,0,0
1680679655729963487,0,0,0,0
1680679655731939063,0,0,0,0
1680679655733804789,0,0,0,0
1680679655735699694,0,0,0,0
1680679655737680836,0,0,0,0
1680679655739607219,0,0,0,0
1680679655741345796,0,0,0,0
1680679655743161024,0,0,0,0
1680679655744937877,0,0,0,0
1680679655746863241,0,0,0,0
1680679655748690653,0,0,0,0
1680679655750669569,0,0,0,0
1680679655752510970,0,0,0,0
1680679655754479316,0,0,0,0
1680679655756497999,0,0,0,0
1680679655758405586,0,0,0,0
1680679655760314892,0,0,0,0
1680679655762300395,0,0,0,0
1680679655764234073,0,0,0,0
1680679655766099252,0,0,0,0
1680679655768065966,0,0,0,0
1680679655769939652,0,0,0,0
1680679655771833574,0,0,0,0
1680679655773564865,0,0,0,0
1680679655775333048,0,0,0,0
1680679655777249012,0,0,0,0
1680679655779080275,0,0,0,0
1680679655780983657,0,0,0,0
1680679655782857188,0,0,0,0
1680679655784806410,0,0,0,0
1680679655786736021,0,0,0,0
1680679655788645493,0,0,0,0
1680679655790644894,0,0,0,0
1680679655792611808,0,0,0,0
1680679655794492592,0,0,0,0
1680679655796510409,0,0,0,0
1680679655798435427,0,0,0,0
1680679655800339946,0,0,0,0
1680679655802300309,0,0,0,0
1680679655804202199,0,0,0,0
1680679655806168433,0,0,0,0
1680679655807988656,0,0,0,0
1680679655809833204,0,0,0,0
1680679655811661964,0,0,0,0
1680679655813585253,0,0,0,0
1680679655815376239,0,0,0,0
1680679655817246983,0,0,0,0
1680679655819166249,0,0,0,0
1680679655821019919,0,0,0,0
1680679655822976450,0,0,0,0
1680679655824806996,0,0,0,0
1680679655826706447,0,0,0,0
1680679655828658673,0,0,0,0
1680679655830529527,0,0,0,0
1680679655832459873,0,0,0,0
1680679655834305700,0,0,0,0
1680679655836283790,0,0,0,0
1680679655838215377,0,0,0,0
1680679655840169159,0,0,0,0
1680679655842086774,0,0,0,0
1680679655844108493,0,0,0,0
1680679655846028959,0,0,0,0
1680679655847978753,0,0,0,0
1680679655849845439,0,0,0,0
1680679655851727058,0,0,0,0
1680679655853589384,0,0,0,0
1680679655855517507,0,0,0,0
1680679655857323968,0,0,0,0
1680679655859196863,0,0,0,0
1680679655861053626,0,0,0,0
1680679655862979963,0,0,0,0
1680679655864779416,0,0,0,0
1680679655866593904,0,0,0,0
1680679655868579494,0,0,0,0
1680679655870540192,0,0,0,0
1680679655872396171,0,0,0,0
1680679655874294754,0,0,0,0
1680679655876186946,0,0,0,0
1680679655878078926,0,0,0,0
1680679655879932753,0,0,0,0
1680679655881946423,0,0,0,0
1680679655883900498,0,0,0,0
1680679655885756868,0,0,0,0
1680679655887705778,0,0,0,0
1680679655889582883,0,0,0,0
1680679655891497351,0,0,0,0
1680679655893329721,0,0,0,0
1680679655895123963,0,0,0,0
1680679655897001557,0,0,0,0
1680679655898954756,0,0,0,0
1680679655900809986,0,0,0,0
1680679655902776995,0,0,0,0
1680679655904645195,0,0,0,0
1680679655906534753,0,0,0,0
1680679655908539934,0,0,0,0
1680679655910443991,0,0,0,0
1680679655912264877,0,0,0,0
1680679655914285467,0,0,0,0
1680679655916265222,0,0,0,0
1680679655918228361,0,0,0,0
1680679655920173863,0,0,0,0
1680679655922039270,0,0,0,0
1680679655923951964,0,0,0,0
1680679655925761350,0,0,0,0
1680679655927674460,0,0,0,0
1680679655929547682,0,0,0,0
1680679655931564193,0,0,0,0
1680679655933362655,0,0,0,0
1680679655935215338,0,0,0,0
1680679655937110750,0,0,0,0
1680679655938974436,0,0,0,0
1680679655940813180,0,0,0,0
1680679655942762790,0,0,0,0
1680679655944632375,0,0,0,0
1680679655946620421,0,0,0,0
1680679655948640430,0,0,0,0
1680679655950608469,0,0,0,0
1680679655952513736,0,0,0,0
1680679655954508698,0,0,0,0
1680679655956384717,0,0,0,0
1680679655958115072,0,0,0,0
1680679655960005400,0,0,0,0
1680679655961887143,0,0,0,0
1680679655963845933,0,0,0,0
1680679655965728296,0,0,0,0
1680679655967719554,0,0,0,0
1680679655969548920,0,0,0,0
1680679655971515059,0,0,0,0
1680679655973373113,0,0,0,0
1680679655975209631,0,0,0,0
1680679655977196687,0,0,0,0
1680679655978976624,0,0,0,0
1680679655980811381,0,0,0,0
1680679655982675816,0,0,0,0
1680679655984554653,0,0,0,0
1680679655986392165,0,0,0,0
1680679655988424175,0,0,0,0
1680679655990560523,0,0,0,0
1680679655992495753,0,0,0,0
1680679655994367392,0,0,0,0
1680679655996389730,0,0,0,0
1680679655998293754,0,0,0,0
1680679656000227503,0,0,0,0
1680679656002068661,0,0,0,0
1680679656004002395,0,0,0,0
1680679656005950398,0,0,0,0
1680679656007858317,0,0,0,0
1680679656009751747,0,0,0,0
1680679656011769478,0,0,0,0
1680679656013650096,0,0,0,0
1680679656015496219,0,0,0,0
1680679656017267683,0,0,0,0
1680679656019118016,0,0,0,0
1680679656020907307,0,0,0,0
1680679656022775738,0,0,0,0
1680679656024639717,0,0,0,0
1680679656026528911,0,0,0,0
1680679656028435241,0,0,0,0
1680679656030290383,0,0,0,0
1680679656032240050,0,0,0,0
1680679656034104545,0,0,0,0
1680679656036081955,0,0,0,0
1680679656038095582,0,0,0,0
1680679656040064028,0,0,0,0
1680679656041952174,0,0,0,0
1680679656043800986,0,0,0,0
1680679656045754507,0,0,0,0
1680679656047685520,0,0,0,0
1680679656049569632,0,0,0,0
1680679656051596735,0,0,0,0
1680679656053395020,0,0,0,0
1680679656055210347,0,0,0,0
1680679656057180937,0,0,0,0
1680679656059044852,0,0,0,0
1680679656060893949,0,0,0,0
1680679656062767081,0,0,0,0
1680679656064633011,0,0,0,0
1680679656066581053,0,0,0,0
1680679656068421469,0,0,0,0
1680679656070295570,0,0,0,0
1680679656072150307,0,0,0,0
1680679656074106982,0,0,0,0
1680679656076050249,0,0,0,0
1680679656078102620,0,0,0,0
1680679656079990642,0,0,0,0
1680679656081961568,0,0,0,0
1680679656083864919,0,0,0,0
1680679656085827602,0,0,0,0
1680679656087767388,0,0,0,0
1680679656089664651,0,0,0,0
1680679656091701347,0,0,0,0
1680679656093689713,0,0,0,0
1680679656095587454,0,0,0,0
1680679656097628141,0,0,0,0
1680679656099600235,0,0,0,0
1680679656101431506,0,0,0,0
1680679656103254952,0,0,0,0
1680679656105017362,0,0,0,0
1680679656106927020,0,0,0,0
1680679656108805122,0,0,0,0
1680679656110783465,0,0,0,0
1680679656112650319,0,0,0,0
1680679656114540937,0,0,0,0
1680679656116418024,0,0,0,0
1680679656118406242,0,0,0,0
1680679656120257189,0,0,0,0
1680679656122087703,0,0,0,0
1680679656124005129,0,0,0,0
1680679656125913600,0,0,0,0
1680679656127834738,0,0,0,0
1680679656129823169,0,0,0,0
1680679656131746995,0,0,0,0
1680679656133697634,0,0,0,0
1680679656135599748,0,0,0,0
1680679656137458618,0,0,0,0
1680679656139355121,0,0,0,0
1680679656141172599,0,0,0,0
1680679656143172954,0,0,0,0
1680679656144983511,0,0,0,0
1680679656146968626,0,0,0,0
1680679656149009393,0,0,0,0
1680679656150939459,0,0,0,0
1680679656152814269,0,0,0,0
1680679656154712192,0,0,0,0
1680679656156738807,0,0,0,0
1680679656158611489,0,0,0,0
1680679656160525832,0,0,0,0
1680679656162383344,0,0,0,0
1680679656164243464,0,0,0,0
1680679656166107630,0,0,0,0
1680679656168077224,0,0,0,0
1680679656170048179,0,0,0,0
1680679656171930517,0,0,0,0
1680679656173844124,0,0,0,0
1680679656175766283,0,0,0,0
1680679656177819353,0,0,0,0
1680679656179677196,0,0,0,0
1680679656181619338,0,0,0,0
1680679656183467908,0,0,0,0
1680679656185279398,0,0,0,0
1680679656187110277,0,0,0,0
1680679656189064678,0,0,0,0
1680679656191076534,0,0,0,0
1680679656192976464,0,0,0,0
1680679656194898863,0,0,0,0
1680679656196808597,0,0,0,0
1680679656198734839,0,0,0,0
1680679656200661752,0,0,0,0
1680679656202511250,0,0,0,0
1680679656204323598,0,0,0,0
1680679656206249821,0,0,0,0
1680679656208139758,0,0,0,0
1680679656210105397,0,0,0,0
1680679656212031012,0,0,0,0
1680679656213955583,0,0,0,0
1680679656215845613,0,0,0,0
1680679656217822176,0,0,0,0
1680679656219759805,0,0,0,0
1680679656221605947,0,0,0,0
1680679656223547462,0,0,0,0
1680679656225364221,0,0,0,0
1680679656227248723,0,0,0,0
1680679656229109407,0,0,0,0
1680679656231132188,0,0,0,0
1680679656232940190,0,0,0,0
1680679656234865666,0,0,0,0
1680679656236739014,0,0,0,0
1680679656238661584,0,0,0,0
1680679656240457302,0,0,0,0
1680679656242409042,0,0,0,0
1680679656244289519,0,0,0,0
1680679656246248170,0,0,0,0
1680679656248117705,0,0,0,0
1680679656250138548,0,0,0,0
1680679656252149718,0,0,0,0
1680679656253991484,0,0,0,0
1680679656255914737,0,0,0,0
1680679656257799909,0,0,0,0
1680679656259684123,0,0,0,0
1680679656261529746,0,0,0,0
1680679656263407127,0,0,0,0
1680679656265193874,0,0,0,0
1680679656267018316,0,0,0,0
1680679656268848630,0,0,0,0
1680679656270660921,0,0,0,0
1680679656272465246,0,0,0,0
1680679656274303324,0,0,0,0
1680679656276139231,0,0,0,0
1680679656278177879,0,0,0,0
1680679656280017777,0,0,0,0
1680679656281876678,0,0,0,0
1680679656283741232,0,0,0,0
1680679656285637831,0,0,0,0
1680679656287578901,0,0,0,0
1680679656289390111,0,0,0,0
1680679656291229037,0,0,0,0
1680679656293049203,0,0,0,0
1680679656295022422,0,0,0,0
1680679656296885999,0,0,0,0
1680679656298836498,0,0,0,0
1680679656300672526,0,0,0,0
1680679656302629187,0,0,0,0
1680679656304452430,0,0,0,0
1680679656306435312,0,0,0,0
1680679656308332487,0,0,0,0
1680679656310321093,0,0,0,0
1680679656312260525,0,0,0,0
1680679656314241762,0,0,0,0
1680679656316115640,0,0,0,0
1680679656318097619,0,0,0,0
1680679656320063426,0,0,0,0
1680679656321936308,0,0,0,0
1680679656323818258,0,0,0,0
1680679656325725052,0,0,0,0
1680679656327701699,0,0,0,0
1680679656329655994,0,0,0,0
1680679656331620304,0,0,0,0
1680679656333412246,0,0,0,0
1680679656335185736,0,0,0,0
1680679656337156795,0,0,0,0
1680679656339042865,0,0,0,0
1680679656340798693,0,0,0,0
1680679656342758222,0,0,0,0
1680679656344636888,0,0,0,0
1680679656346604667,0,0,0,0
1680679656348497028,0,0,0,0
1680679656350398827,0,0,0,0
1680679656352445818,0,0,0,0
1680679656354353540,0,0,0,0
1680679656356239594,0,0,0,0
1680679656358251169,0,0,0,0
1680679656360156700,0,0,0,0
1680679656362104526,0,0,0,0
1680679656363993113,0,0,0,0
1680679656365868247,0,0,0,0
1680679656367820393,0,0,0,0
1680679656369774252,0,0,0,0
1680679656371620618,0,0,0,0
1680679656373569272,0,0,0,0
1680679656375445217,0,0,0,0
1680679656377532962,0,0,0,0
1680679656379462045,0,0,0,0
1680679656381268676,0,0,0,0
1680679656383182377,0,0,0,0
1680679656384978794,0,0,0,0
1680679656386937257,0,0,0,0
1680679656388808414,0,0,0,0
1680679656390686880,0,0,0,0
1680679656392506455,0,0,0,0
1680679656394470055,0,0,0,0
1680679656396451429,0,0,0,0
1680679656398446908,0,0,0,0
1680679656400368740,0,0,0,0
1680679656402365181,0,0,0,0
1680679656404265447,0,0,0,0
1680679656406185634,0,0,0,0
1680679656408067880,0,0,0,0
1680679656410029774,0,0,0,0
1680679656411887659,0,0,0,0
1680679656413839523,0,0,0,0
1680679656415701373,0,0,0,0
1680679656417709492,0,0,0,0
1680679656419695507,0,0,0,0
1680679656421583562,0,0,0,0
1680679656423454339,0,0,0,0
1680679656425353669,0,0,0,0
1680679656427209744,0,0,0,0
1680679656429069902,0,0,0,0
1680679656430988967,0,0,0,0
1680679656432795279,0,0,0,0
1680679656434645913,0,0,0,0
1680679656436496575,0,0,0,0
1680679656438515650,0,0,0,0
1680679656440407274,0,0,0,0
1680679656442272151,0,0,0,0
1680679656444226577,0,0,0,0
1680679656446095471,0,0,0,0
1680679656447982587,0,0,0,0
1680679656449870191,0,0,0,0
1680679656451815850,0,0,0,0
1680679656453737333,0,0,0,0
1680679656455733220,0,0,0,0
1680679656457750926,0,0,0,0
1680679656459691693,0,0,0,0
1680679656461558371,0,0,0,0
1680679656463385157,0,0,0,0
1680679656465143107,0,0,0,0
1680679656467033678,0,0,0,0
1680679656468877400,0,0,0,0
1680679656470785070,0,0,0,0
1680679656472658900,0,0,0,0
1680679656474604991,0,0,0,0
1680679656476494289,0,0,0,0
1680679656478603116,0,0,0,0
1680679656480500990,0,0,0,0
1680679656482453637,0,0,0,0
1680679656484286659,0,0,0,0
1680679656486217409,0,0,0,0
1680679656488045764,0,0,0,0
1680679656489937012,0,0,0,0
1680679656491791808,0,0,0,0
1680679656493739693,0,0,0,0
1680679656495655433,0,0,0,0
1680679656497593847,0,0,0,0
1680679656499583946,0,0,0,0
1680679656501434481,0,0,0,0
1680679656503188426,0,0,0,0
1680679656505051236,0,0,0,0
1680679656506906879,0,0,0,0
1680679656508806894,0,0,0,0
1680679656510731388,0,0,0,0
1680679656512736747,0,0,0,0
1680679656514634749,0,0,0,0
1680679656516595323,0,0,0,0
1680679656518692650,0,0,0,0
1680679656520582557,0,0,0,0
1680679656522524907,0,0,0,0
1680679656524377150,0,0,0,0
1680679656526262242,0,0,0,0
1680679656528138946,0,0,0,0
1680679656530153020,0,0,0,0
1680679656532001021,0,0,0,0
1680679656533881229,0,0,0,0
1680679656535693370,0,0,0,0
1680679656537562072,0,0,0,0
1680679656539340196,0,0,0,0
1680679656541167359,0,0,0,0
1680679656542851554,0,0,0,0
1680679656544560661,0,0,0,0
1680679656546288616,0,0,0,0
1680679656548000642,0,0,0,0
1680679656549726345,0,0,0,0
1680679656551426105,0,0,0,0
1680679656553265042,0,0,0,0
1680679656555050448,0,0,0,0
1680679656556928314,0,0,0,0
1680679656558767141,0,0,0,0
1680679656560713331,0,0,0,0
1680679656562658234,0,0,0,0
1680679656564511392,0,0,0,0
1680679656566351948,0,0,0,0
1680679656568168798,0,0,0,0
1680679656570306835,0,0,0,0
1680679656572349386,0,0,0,0
1680679656574280273,0,0,0,0
1680679656576297228,0,0,0,0
1680679656578112185,0,0,0,0
1680679656580049416,0,0,0,0
1680679656581886835,0,0,0,0
1680679656583782231,0,0,0,0
1680679656585782369,0,0,0,0
1680679656587691100,0,0,0,0
1680679656589656315,0,0,0,0
1680679656591517736,0,0,0,0
1680679656593362698,0,0,0,0
1680679656595135654,0,0,0,0
1680679656596921092,0,0,0,0
1680679656598863639,0,0,0,0
1680679656600672374,0,0,0,0
1680679656602497841,0,0,0,0
1680679656604299147,0,0,0,0
1680679656606101611,0,0,0,0
1680679656607914949,0,0,0,0
1680679656609786629,0,0,0,0
1680679656611721378,0,0,0,0
1680679656613600436,0,0,0,0
1680679656615537629,0,0,0,0
1680679656617346932,0,0,0,0
1680679656619120463,0,0,0,0
1680679656620857308,0,0,0,0
1680679656622649788,0,0,0,0
1680679656624487947,0,0,0,0
1680679656626363027,0,0,0,0
1680679656628098817,0,0,0,0
1680679656629940452,0,0,0,0
1680679656631809942,0,0,0,0
1680679656633578582,0,0,0,0
1680679656635343360,0,0,0,0
1680679656637165091,0,0,0,0
1680679656639022084,0,0,0,0
1680679656640964542,0,0,0,0
1680679656642966264,0,0,0,0
1680679656644934788,0,0,0,0
1680679656646889487,0,0,0,0
1680679656648835858,0,0,0,0
1680679656650759452,0,0,0,0
1680679656652675631,0,0,0,0
1680679656654574655,0,0,0,0
1680679656656423904,0,0,0,0
1680679656658330170,0,0,0,0
1680679656660242439,0,0,0,0
1680679656662181421,0,0,0,0
1680679656664119648,0,0,0,0
1680679656666058734,0,0,0,0
1680679656667988259,0,0,0,0
1680679656669945210,0,0,0,0
1680679656672673786,0,0,0,0
1680679656674571480,0,0,0,0
1680679656676444439,0,0,0,0
1680679656678417923,0,0,0,0
1680679656680307028,0,0,0,0
1680679656682258773,0,0,0,0
1680679656684194535,0,0,0,0
1680679656686140300,0,0,0,0
1680679656688105648,0,0,0,0
1680679656690077323,0,0,0,0
1680679656691980114,0,0,0,0
1680679656693976389,0,0,0,0
1680679656695875224,0,0,0,0
1680679656697802358,0,0,0,0
1680679656699673194,0,0,0,0
1680679656701577817,0,0,0,0
1680679656703510898,0,0,0,0
1680679656706377605,0,0,0,0
1680679656708352773,0,0,0,0
1680679656710522052,0,0,0,0
1680679656783215430,0,0,0,0
1680679656857773847,0,0,0,0
1680679656860070209,0,0,0,0
1680679656862023567,0,0,0,0
1680679656863954214,0,0,0,0
1680679656865948514,0,0,0,0
1680679656867987288,0,0,0,0
1680679656869757779,0,0,0,0
1680679656871617780,0,0,0,0
1680679656873411316,0,0,0,0
1680679656875137433,0,0,0,0
1680679656876898020,0,0,0,0
1680679656878825804,0,0,0,0
1680679656880649901,0,0,0,0
1680679656882494625,0,0,0,0
1680679656884364253,0,0,0,0
1680679656886224068,0,0,0,0
1680679656888044620,0,0,0,0
1680679656889939032,0,0,0,0
1680679656891858129,0,0,0,0
1680679656893787116,0,0,0,0
1680679656895684831,0,0,0,0
1680679656897546443,0,0,0,0
1680679656899525202,0,0,0,0
1680679656901284778,0,0,0,0
1680679656903086765,0,0,0,0
1680679656904956041,0,0,0,0
1680679656906829275,0,0,0,0
1680679656908701256,0,0,0,0
1680679656910677862,0,0,0,0
1680679656912667549,0,0,0,0
1680679656914613916,0,0,0,0
1680679656916559190,0,0,0,0
1680679656918530485,0,0,0,0
1680679656920509506,0,0,0,0
1680679656922327698,0,0,0,0
1680679656924275652,0,0,0,0
1680679656926141814,0,0,0,0
1680679656928081901,0,0,0,0
1680679656929949427,0,0,0,0
1680679656931892229,0,0,0,0
1680679656933795696,0,0,0,0
1680679656935738274,0,0,0,0
1680679656937686609,0,0,0,0
1680679656939729164,0,0,0,0
1680679656941620666,0,0,0,0
1680679656943543971,0,0,0,0
1680679656945389342,0,0,0,0
1680679656947218331,0,0,0,0
1680679656949036999,0,0,0,0
1680679656950906257,0,0,0,0
1680679656952860614,0,0,0,0
1680679656954735090,0,0,0,0
1680679656956674836,0,0,0,0
1680679656958621723,0,0,0,0
1680679656960594229,0,0,0,0
1680679656962494496,0,0,0,0
1680679656964347059,0,0,0,0
1680679656966294613,0,0,0,0
1680679656968168375,0,0,0,0
1680679656970047830,0,0,0,0
1680679656971907884,0,0,0,0
1680679656973955251,0,0,0,0
1680679656975829848,0,0,0,0
1680679656977783515,0,0,0,0
1680679656979817474,0,0,0,0
1680679656981775820,0,0,0,0
1680679656983700467,0,0,0,0
1680679656985551753,0,0,0,0
1680679656987508764,0,0,0,0
1680679656989337373,0,0,0,0
1680679656991155918,0,0,0,0
1680679656993061977,0,0,0,0
1680679656994898045,0,0,0,0
1680679656996776754,0,0,0,0
1680679656998724081,0,0,0,0
1680679657000667151,0,0,0,0
1680679657002578282,0,0,0,0
1680679657004558513,0,0,0,0
1680679657006445323,0,0,0,0
1680679657008306189,0,0,0,0
1680679657010262896,0,0,0,0
1680679657012175082,0,0,0,0
1680679657014158909,0,0,0,0
1680679657016140543,0,0,0,0
1680679657018062128,0,0,0,0
1680679657020010416,0,0,0,0
1680679657021989529,0,0,0,0
1680679657023839941,0,0,0,0
1680679657025774468,0,0,0,0
1680679657027727438,0,0,0,0
1680679657029586893,0,0,0,0
1680679657031571887,0,0,0,0
1680679657033436649,0,0,0,0
1680679657035262807,0,0,0,0
1680679657037067358,0,0,0,0
1680679657039013988,0,0,0,0
1680679657040909075,0,0,0,0
1680679657042804301,0,0,0,0
1680679657044756601,0,0,0,0
1680679657046784618,0,0,0,0
1680679657048668322,0,0,0,0
1680679657050503194,0,0,0,0
1680679657052430293,0,0,0,0
1680679657054357376,0,0,0,0
1680679657056273910,0,0,0,0
1680679657058200316,0,0,0,0
1680679657060224363,0,0,0,0
1680679657062098809,0,0,0,0
1680679657064044180,0,0,0,0
1680679657065920118,0,0,0,0
1680679657067884174,0,0,0,0
1680679657069770391,0,0,0,0
1680679657071782946,0,0,0,0
1680679657073656416,0,0,0,0
1680679657075603800,0,0,0,0
1680679657077424508,0,0,0,0
1680679657079274443,0,0,0,0
1680679657081097849,0,0,0,0
1680679657083016427,0,0,0,0
1680679657084844115,0,0,0,0
1680679657086727192,0,0,0,0
1680679657088634818,0,0,0,0
1680679657090552232,0,0,0,0
1680679657092501719,0,0,0,0
1680679657094429465,0,0,0,0
1680679657096255211,0,0,0,0
1680679657098204890,0,0,0,0
1680679657100122667,0,0,0,0
1680679657101978783,0,0,0,0
1680679657103937489,0,0,0,0
1680679657105816743,0,0,0,0
1680679657107786090,0,0,0,0
1680679657109676973,0,0,0,0
1680679657111730296,0,0,0,0
1680679657113608598,0,0,0,0
1680679657115566156,0,0,0,0
1680679657117375342,0,0,0,0
1680679657119299168,0,0,0,0
1680679657121079185,0,0,0,0
1680679657122995753,0,0,0,0
1680679657124815323,0,0,0,0
1680679657126760012,0,0,0,0
1680679657128614880,0,0,0,0
1680679657130573435,0,0,0,0
1680679657132553605,0,0,0,0
1680679657134511638,0,0,0,0
1680679657136461338,0,0,0,0
1680679657138329716,0,0,0,0
1680679657140298511,0,0,0,0
1680679657142153557,0,0,0,0
1680679657144114164,0,0,0,0
1680679657146008038,0,0,0,0
1680679657147930217,0,0,0,0
1680679657149833215,0,0,0,0
1680679657151751270,0,0,0,0
1680679657153688924,0,0,0,0
1680679657155609370,0,0,0,0
1680679657157373572,0,0,0,0
1680679657159199374,0,0,0,0
1680679657161094344,0,0,0,0
1680679657163050867,0,0,0,0
1680679657164913990,0,0,0,0
1680679657166793240,0,0,0,0
1680679657168741110,0,0,0,0
1680679657170757833,0,0,0,0
1680679657172660936,0,0,0,0
1680679657174696514,0,0,0,0
1680679657176587969,0,0,0,0
1680679657178406079,0,0,0,0
1680679657180339125,0,0,0,0
1680679657182237584,0,0,0,0
1680679657184045362,0,0,0,0
1680679657186031584,0,0,0,0
1680679657187954015,0,0,0,0
1680679657189958617,0,0,0,0
1680679657191993904,0,0,0,0
1680679657194093939,0,0,0,0
1680679657196052378,0,0,0,0
1680679657197942056,0,0,0,0
1680679657199911671,0,0,0,0
1680679657201786097,0,0,0,0
1680679657203776784,0,0,0,0
1680679657205656270,0,0,0,0
1680679657207580116,0,0,0,0
1680679657209340874,0,0,0,0
1680679657211185781,0,0,0,0
1680679657212978166,0,0,0,0
1680679657214897769,0,0,0,0
1680679657216814751,0,0,0,0
1680679657218814434,0,0,0,0
1680679657220797377,0,0,0,0
1680679657222740647,0,0,0,0
1680679657224672090,0,0,0,0
1680679657226674706,0,0,0,0
1680679657228568159,0,0,0,0
1680679657230432413,0,0,0,0
1680679657232434119,0,0,0,0
1680679657234341686,0,0,0,0
1680679657236190780,0,0,0,0
1680679657238103699,0,0,0,0
1680679657240092245,0,0,0,0
1680679657241953939,0,0,0,0
1680679657243870438,0,0,0,0
1680679657245763240,0,0,0,0
1680679657247726034,0,0,0,0
1680679657249574725,0,0,0,0
1680679657251516127,0,0,0,0
1680679657253295493,0,0,0,0
1680679657255077476,0,0,0,0
1680679657256943033,0,0,0,0
1680679657258830788,0,0,0,0
1680679657260812962,0,0,0,0
1680679657262686081,0,0,0,0
1680679657264633167,0,0,0,0
1680679657266552834,0,0,0,0
1680679657268479898,0,0,0,0
1680679657270314203,0,0,0,0
1680679657272244749,0,0,0,0
1680679657274143087,0,0,0,0
1680679657275986191,0,0,0,0
1680679657277931883,0,0,0,0
1680679657279888618,0,0,0,0
1680679657281855389,0,0,0,0
1680679657283748315,0,0,0,0
1680679657285711894,0,0,0,0
1680679657287661165,0,0,0,0
1680679657289544182,0,0,0,0
1680679657291534938,0,0,0,0
1680679657293301877,0,0,0,0
1680679657295050909,0,0,0,0
1680679657296869867,0,0,0,0
1680679657298744729,0,0,0,0
1680679657300667468,0,0,0,0
1680679657302646511,0,0,0,0
1680679657304535917,0,0,0,0
1680679657306507968,0,0,0,0
1680679657308466714,0,0,0,0
1680679657310378601,0,0,0,0
1680679657312345391,0,0,0,0
1680679657314367134,0,0,0,0
1680679657316230868,0,0,0,0
1680679657318201714,0,0,0,0
1680679657320162853,0,0,0,0
1680679657322066083,0,0,0,0
1680679657323915586,0,0,0,0
1680679657325882940,0,0,0,0
1680679657327746539,0,0,0,0
1680679657329607729,0,0,0,0
1680679657331627752,0,0,0,0
1680679657333638042,0,0,0,0
1680679657335536821,0,0,0,0
1680679657337446942,0,0,0,0
1680679657339324610,0,0,0,0
1680679657341242891,0,0,0,0
1680679657343036576,0,0,0,0
1680679657344810840,0,0,0,0
1680679657346684822,0,0,0,0
1680679657348566856,0,0,0,0
1680679657350378954,0,0,0,0
1680679657352318281,0,0,0,0
1680679657354324908,0,0,0,0
1680679657356297794,0,0,0,0
1680679657358219132,0,0,0,0
1680679657360212288,0,0,0,0
1680679657362112202,0,0,0,0
1680679657364031840,0,0,0,0
1680679657365950659,0,0,0,0
1680679657367819169,0,0,0,0
1680679657369797599,0,0,0,0
1680679657371679522,0,0,0,0
1680679657373578788,0,0,0,0
1680679657375528559,0,0,0,0
1680679657377314752,0,0,0,0
1680679657379216151,0,0,0,0
1680679657381264118,0,0,0,0
1680679657383138820,0,0,0,0
1680679657384906218,0,0,0,0
1680679657386847893,0,0,0,0
1680679657388702419,0,0,0,0
1680679657390667789,0,0,0,0
1680679657392821233,0,0,0,0
1680679657394853171,0,0,0,0
1680679657396849194,0,0,0,0
1680679657398816597,0,0,0,0
1680679657413995468,0,0,0,0
1680679657417389551,0,0,0,0
1680679657419395122,0,0,0,0
1680679657421397490,0,0,0,0
1680679657423412140,0,0,0,0
1680679657425314993,0,0,0,0
1680679657427173231,0,0,0,0
1680679657429087825,0,0,0,0
1680679657430980824,0,0,0,0
1680679657432989019,0,0,0,0
1680679657434939169,0,0,0,0
1680679657436803932,0,0,0,0
1680679657438687390,0,0,0,0
1680679657440646742,0,0,0,0
1680679657442528027,0,0,0,0
1680679657444478197,0,0,0,0
1680679657446393432,0,0,0,0
1680679657448354707,0,0,0,0
1680679657450286665,0,0,0,0
1680679657452230316,0,0,0,0
1680679657454291362,0,0,0,0
1680679657456247693,0,0,0,0
1680679657458111731,0,0,0,0
1680679657460090042,0,0,0,0
1680679657462022400,0,0,0,0
1680679657463970558,0,0,0,0
1680679657465868947,0,0,0,0
1680679657467786228,0,0,0,0
1680679657469702294,0,0,0,0
1680679657471699141,0,0,0,0
1680679657473634987,0,0,0,0
1680679657475596961,0,0,0,0
1680679657477533300,0,0,0,0
1680679657479500623,0,0,0,0
1680679657481339589,0,0,0,0
1680679657483146507,0,0,0,0
1680679657485210582,0,0,0,0
1680679657487069072,0,0,0,0
1680679657488873289,0,0,0,0
1680679657490762710,0,0,0,0
1680679657492670351,0,0,0,0
1680679657494607494,0,0,0,0
1680679657496575024,0,0,0,0
1680679657498508530,0,0,0,0
1680679657500498725,0,0,0,0
1680679657502358563,0,0,0,0
1680679657504231390,0,0,0,0
1680679657506114242,0,0,0,0
1680679657507990802,0,0,0,0
1680679657509995628,0,0,0,0
1680679657511872855,0,0,0,0
1680679657513912130,0,0,0,0
1680679657515848456,0,0,0,0
1680679657517766062,0,0,0,0
1680679657519772222,0,0,0,0
1680679657521666124,0,0,0,0
1680679657523601675,0,0,0,0
1680679657525352857,0,0,0,0
1680679657527197227,0,0,0,0
1680679657528955480,0,0,0,0
1680679657530916051,0,0,0,0
1680679657532804858,0,0,0,0
1680679657534835136,0,0,0,0
1680679657536761750,0,0,0,0
1680679657538741357,0,0,0,0
1680679657540773400,0,0,0,0
1680679657542633682,0,0,0,0
1680679657544493708,0,0,0,0
1680679657546449451,0,0,0,0
1680679657548279805,0,0,0,0
1680679657550156883,0,0,0,0
1680679657552140770,0,0,0,0
1680679657554236637,0,0,0,0
1680679657556194689,0,0,0,0
1680679657558121310,0,0,0,0
1680679657560127157,0,0,0,0
1680679657562024263,0,0,0,0
1680679657563954026,0,0,0,0
1680679657565811363,0,0,0,0
1680679657567765102,0,0,0,0
1680679657569734636,0,0,0,0
1680679657571589115,0,0,0,0
1680679657573586045,0,0,0,0
1680679657575492648,0,0,0,0
1680679657577372342,0,0,0,0
1680679657579212397,0,0,0,0
1680679657581147679,0,0,0,0
1680679657583033114,0,0,0,0
1680679657584807271,0,0,0,0
1680679657586739866,0,0,0,0
1680679657588602552,0,0,0,0
1680679657590574019,0,0,0,0
1680679657592460531,0,0,0,0
1680679657594486873,0,0,0,0
1680679657596326802,0,0,0,0
1680679657598268417,0,0,0,0
1680679657600193511,0,0,0,0
1680679657602166117,0,0,0,0
1680679657604056271,0,0,0,0
1680679657606036466,0,0,0,0
1680679657607922013,0,0,0,0
1680679657609777730,0,0,0,0
1680679657611632797,0,0,0,0
1680679657613446855,0,0,0,0
1680679657615341422,0,0,0,0
1680679657617173800,0,0,0,0
1680679657619084054,0,0,0,0
1680679657621048664,0,0,0,0
1680679657622991783,0,0,0,0
1680679657624803097,0,0,0,0
1680679657626728445,0,0,0,0
1680679657628680286,0,0,0,0
1680679657630536345,0,0,0,0
1680679657632479087,0,0,0,0
1680679657634463646,0,0,0,0
1680679657636360500,0,0,0,0
1680679657638263662,0,0,0,0
1680679657640252172,0,0,0,0
1680679657642169691,0,0,0,0
1680679657644139525,0,0,0,0
1680679657646080470,0,0,0,0
1680679657648044019,0,0,0,0
1680679657649918005,0,0,0,0
1680679657651780024,0,0,0,0
1680679657653657030,0,0,0,0
1680679657655647904,0,0,0,0
1680679657657436921,0,0,0,0
1680679657659287736,0,0,0,0
1680679657661234283,0,0,0,0
1680679657663139197,0,0,0,0
1680679657664932555,0,0,0,0
1680679657666888220,0,0,0,0
1680679657668817659,0,0,0,0
1680679657670761323,0,0,0,0
1680679657672595881,0,0,0,0
1680679657674562527,0,0,0,0
1680679657676508866,0,0,0,0
1680679657678381132,0,0,0,0
1680679657680404535,0,0,0,0
1680679657682296591,0,0,0,0
1680679657684243612,0,0,0,0
1680679657686125915,0,0,0,0
1680679657688030971,0,0,0,0
1680679657689938431,0,0,0,0
1680679657691909918,0,0,0,0
1680679657693899204,0,0,0,0
1680679657695941851,0,0,0,0
1680679657697889765,0,0,0,0
1680679657699735152,0,0,0,0
1680679657701748039,0,0,0,0
1680679657703718685,0,0,0,0
1680679657705581824,0,0,0,0
1680679657707531910,0,0,0,0
1680679657709381428,0,0,0,0
1680679657711203022,0,0,0,0
1680679657713099187,0,0,0,0
1680679657715138559,0,0,0,0
1680679657717067047,0,0,0,0
1680679657718860953,0,0,0,0
1680679657720817782,0,0,0,0
1680679657722714309,0,0,0,0
1680679657724673248,0,0,0,0
1680679657726574518,0,0,0,0
1680679657728453644,0,0,0,0
1680679657730260966,0,0,0,0
1680679657732174033,0,0,0,0
1680679657734073507,0,0,0,0
1680679657736028146,0,0,0,0
1680679657737940372,0,0,0,0
1680679657739893794,0,0,0,0
1680679657741807393,0,0,0,0
1680679657743644471,0,0,0,0
1680679657745600758,0,0,0,0
1680679657747441784,0,0,0,0
1680679657749325806,0,0,0,0
1680679657751181176,0,0,0,0
1680679657752966660,0,0,0,0
1680679657755022262,0,0,0,0
1680679657756934208,0,0,0,0
1680679657758795430,0,0,0,0
1680679657760822987,0,0,0,0
1680679657762696522,0,0,0,0
1680679657764664241,0,0,0,0
1680679657766608372,0,0,0,0
1680679657768561154,0,0,0,0
1680679657770427413,0,0,0,0
1680679657772380107,0,0,0,0
1680679657774286875,0,0,0,0
1680679657776076100,0,0,0,0
1680679657778053179,0,0,0,0
1680679657779982073,0,0,0,0
1680679657782043020,0,0,0,0
1680679657784041274,0,0,0,0
1680679657785948433,0,0,0,0
1680679657787915827,0,0,0,0
1680679657789714751,0,0,0,0
1680679657791624472,0,0,0,0
1680679657793396614,0,0,0,0
1680679657795377604,0,0,0,0
1680679657797160056,0,0,0,0
1680679657799124717,0,0,0,0
1680679657801025915,0,0,0,0
1680679657802997302,0,0,0,0
1680679657804814107,0,0,0,0
1680679657806761439,0,0,0,0
1680679657808663477,0,0,0,0
1680679657810541319,0,0,0,0
1680679657812499387,0,0,0,0
1680679657814400561,0,0,0,0
1680679657816207634,0,0,0,0
1680679657818207388,0,0,0,0
1680679657820200547,0,0,0,0
1680679657822234340,0,0,0,0
1680679657824114105,0,0,0,0
1680679657826059787,0,0,0,0
1680679657827972754,0,0,0,0
1680679657829967926,0,0,0,0
1680679657831835226,0,0,0,0
1680679657833842681,0,0,0,0
1680679657835764376,0,0,0,0
1680679657837706214,0,0,0,0
1680679657839540612,0,0,0,0
1680679657841561971,0,0,0,0
1680679657843489685,0,0,0,0
1680679657845320581,0,0,0,0
1680679657847119925,0,0,0,0
1680679657849028068,0,0,0,0
1680679657850971161,0,0,0,0
1680679657852793320,0,0,0,0
1680679657854764723,0,0,0,0
1680679657856649409,0,0,0,0
1680679657858523941,0,0,0,0
1680679657860489615,0,0,0,0
1680679657862475617,0,0,0,0
1680679657864463160,0,0,0,0
1680679657866398058,0,0,0,0
1680679657868370409,0,0,0,0
1680679657870286301,0,0,0,0
1680679657872224502,0,0,0,0
1680679657874105479,0,0,0,0
1680679657875972638,0,0,0,0
1680679657877945548,0,0,0,0
1680679657879791227,0,0,0,0
1680679657881780614,0,0,0,0
1680679657883718363,0,0,0,0
1680679657885514130,0,0,0,0
1680679657887470260,0,0,0,0
1680679657889258572,0,0,0,0
1680679657890996262,0,0,0,0
1680679657892889801,0,0,0,0
1680679657894978018,0,0,0,0
1680679657896854796,0,0,0,0
1680679657898803951,0,0,0,0
1680679657900708017,0,0,0,0
1680679657902688091,0,0,0,0
1680679657904568498,0,0,0,0
1680679657906527942,0,0,0,0
1680679657908566699,0,0,0,0
1680679657910492882,0,0,0,0
1680679657912311932,0,0,0,0
1680679657914463744,0,0,0,0
1680679657916443390,0,0,0,0
1680679657918343056,0,0,0,0
1680679657920265910,0,0,0,0
1680679657922229359,0,0,0,0
1680679657924178709,0,0,0,0
1680679657926126245,0,0,0,0
1680679657927971171,0,0,0,0
1680679657929900962,0,0,0,0
1680679657931735017,0,0,0,0
1680679657933510165,0,0,0,0
1680679657935331974,0,0,0,0
1680679657937174163,0,0,0,0
1680679657938947786,0,0,0,0
1680679657940792714,0,0,0,0
1680679657942659318,0,0,0,0
1680679657944581433,0,0,0,0
1680679657946457418,0,0,0,0
1680679657948433104,0,0,0,0
1680679657950259479,0,0,0,0
1680679657952075603,0,0,0,0
1680679657953962585,0,0,0,0
1680679657955918498,0,0,0,0
1680679657957736294,0,0,0,0
1680679657959527723,0,0,0,0
1680679657961423258,0,0,0,0
1680679657963229891,0,0,0,0
1680679657964977400,0,0,0,0
1680679657966843163,0,0,0,0
1680679657968700785,0,0,0,0
1680679657970639909,0,0,0,0
1680679657972480867,0,0,0,0
1680679657974463873,0,0,0,0
1680679657976378760,0,0,0,0
1680679657978494278,0,0,0,0
1680679657980507176,0,0,0,0
1680679657982485366,0,0,0,0
1680679657984366246,0,0,0,0
1680679657986261319,0,0,0,0
1680679657988147622,0,0,0,0
1680679657990052352,0,0,0,0
1680679657992813036,0,0,0,0
1680679657994707848,0,0,0,0
1680679657996649986,0,0,0,0
1680679657998555242,0,0,0,0
1680679658000449368,0,0,0,0
1680679658002488848,0,0,0,0
1680679658004424700,0,0,0,0
1680679658006373400,0,0,0,0
1680679658008316788,0,0,0,0
1680679658010240491,0,0,0,0
1680679658012179438,0,0,0,0
1680679658014084333,0,0,0,0
1680679658016013804,0,0,0,0
1680679658017912529,0,0,0,0
1680679658019806452,0,0,0,0
1680679658021769292,0,0,0,0
1680679658023712021,0,0,0,0
1680679658025620655,0,0,0,0
1680679658027564332,0,0,0,0
1680679658029485795,0,0,0,0
1680679658031423167,0,0,0,0
1680679658033357469,0,0,0,0
1680679658035389204,0,0,0,0
1680679658037311250,0,0,0,0
1680679658039212524,0,0,0,0
1680679658041114819,0,0,0,0
1680679658043929730,0,0,0,0
1680679658045987738,0,0,0,0
1680679658048171054,0,0,0,0
1680679658119339933,0,0,0,0
1680679658189474410,0,0,0,0
1680679658191437588,0,0,0,0
1680679658193366143,0,0,0,0
1680679658195355367,0,0,0,0
1680679658197295023,0,0,0,0
1680679658199259384,0,0,0,0
1680679658201038964,0,0,0,0
1680679658202864344,0,0,0,0
1680679658204589730,0,0,0,0
1680679658206325722,0,0,0,0
1680679658208016770,0,0,0,0
1680679658209891060,0,0,0,0
1680679658211749914,0,0,0,0
1680679658213610205,0,0,0,0
1680679658215551432,0,0,0,0
1680679658217327325,0,0,0,0
1680679658219207287,0,0,0,0
1680679658221011353,0,0,0,0
1680679658222913044,0,0,0,0
1680679658224669454,0,0,0,0
1680679658226541052,0,0,0,0
1680679658228356062,0,0,0,0
1680679658230149248,0,0,0,0
1680679658232134779,0,0,0,0
1680679658234042793,0,0,0,0
1680679658236056964,0,0,0,0
1680679658238061067,0,0,0,0
1680679658239962619,0,0,0,0
1680679658241955985,0,0,0,0
1680679658243786391,0,0,0,0
1680679658245686584,0,0,0,0
1680679658247512802,0,0,0,0
1680679658249347928,0,0,0,0
1680679658251165083,0,0,0,0
1680679658253091848,0,0,0,0
1680679658255040167,0,0,0,0
1680679658256967737,0,0,0,0
1680679658258864884,0,0,0,0
1680679658260806323,0,0,0,0
1680679658262885948,0,0,0,0
1680679658264739387,0,0,0,0
1680679658266593353,0,0,0,0
1680679658268511901,0,0,0,0
1680679658270367422,0,0,0,0
1680679658272302033,0,0,0,0
1680679658274277888,0,0,0,0
1680679658276466461,0,0,0,0
1680679658278452398,0,0,0,0
1680679658280360336,0,0,0,0
1680679658282408643,0,0,0,0
1680679658284245933,0,0,0,0
1680679658286180752,0,0,0,0
1680679658288049894,0,0,0,0
1680679658290010426,0,0,0,0
1680679658291867923,0,0,0,0
1680679658293812701,0,0,0,0
1680679658295701839,0,0,0,0
1680679658297605177,0,0,0,0
1680679658299355682,0,0,0,0
1680679658301056716,0,0,0,0
1680679658302955120,0,0,0,0
1680679658304811888,0,0,0,0
1680679658306682922,0,0,0,0
1680679658308637763,0,0,0,0
1680679658310623250,0,0,0,0
1680679658312527556,0,0,0,0
1680679658314488639,0,0,0,0
1680679658316366425,0,0,0,0
1680679658318169866,0,0,0,0
1680679658320069754,0,0,0,0
1680679658321937784,0,0,0,0
1680679658323783566,0,0,0,0
1680679658325764592,0,0,0,0
1680679658327738273,0,0,0,0
1680679658329668673,0,0,0,0
1680679658331663644,0,0,0,0
1680679658333586479,0,0,0,0
1680679658335618053,0,0,0,0
1680679658337390716,0,0,0,0
1680679658339221945,0,0,0,0
1680679658341002555,0,0,0,0
1680679658343045786,0,0,0,0
1680679658344933856,0,0,0,0
1680679658346860278,0,0,0,0
1680679658348810761,0,0,0,0
1680679658350704251,0,0,0,0
1680679658352635662,0,0,0,0
1680679658354554897,0,0,0,0
1680679658356556744,0,0,0,0
1680679658358406630,0,0,0,0
1680679658360254123,0,0,0,0
1680679658362258219,0,0,0,0
1680679658364134674,0,0,0,0
1680679658365982022,0,0,0,0
1680679658367915865,0,0,0,0
1680679658369815531,0,0,0,0
1680679658371812140,0,0,0,0
1680679658373699545,0,0,0,0
1680679658375720128,0,0,0,0
1680679658377637814,0,0,0,0
1680679658379576206,0,0,0,0
1680679658381446018,0,0,0,0
1680679658383306366,0,0,0,0
1680679658385054659,0,0,0,0
1680679658387002105,0,0,0,0
1680679658388926236,0,0,0,0
1680679658390826636,0,0,0,0
1680679658392667608,0,0,0,0
1680679658394604238,0,0,0,0
1680679658396573937,0,0,0,0
1680679658398540789,0,0,0,0
1680679658400359470,0,0,0,0
1680679658402313553,0,0,0,0
1680679658404162763,0,0,0,0
1680679658406038705,0,0,0,0
1680679658407969156,0,0,0,0
1680679658409805769,0,0,0,0
1680679658411737416,0,0,0,0
1680679658413663862,0,0,0,0
1680679658415572589,0,0,0,0
1680679658417413275,0,0,0,0
1680679658419226259,0,0,0,0
1680679658421033221,0,0,0,0
1680679658422988033,0,0,0,0
1680679658424815676,0,0,0,0
1680679658426788762,0,0,0,0
1680679658428685491,0,0,0,0
1680679658430630451,0,0,0,0
1680679658432576989,0,0,0,0
1680679658434476000,0,0,0,0
1680679658436328270,0,0,0,0
1680679658438242249,0,0,0,0
1680679658440107151,0,0,0,0
1680679658442036321,0,0,0,0
1680679658444006462,0,0,0,0
1680679658445941174,0,0,0,0
1680679658447898529,0,0,0,0
1680679658449780527,0,0,0,0
1680679658451732242,0,0,0,0
1680679658453553132,0,0,0,0
1680679658455486420,0,0,0,0
1680679658457299921,0,0,0,0
1680679658458988978,0,0,0,0
1680679658460813649,0,0,0,0
1680679658462854899,0,0,0,0
1680679658464790962,0,0,0,0
1680679658466696812,0,0,0,0
1680679658468656626,0,0,0,0
1680679658470547756,0,0,0,0
1680679658472496671,0,0,0,0
1680679658474335274,0,0,0,0
1680679658476363032,0,0,0,0
1680679658478226891,0,0,0,0
1680679658480150783,0,0,0,0
1680679658482019720,0,0,0,0
1680679658483985196,0,0,0,0
1680679658485864360,0,0,0,0
1680679658487819523,0,0,0,0
1680679658489644409,0,0,0,0
1680679658491538763,0,0,0,0
1680679658493368973,0,0,0,0
1680679658495143500,0,0,0,0
1680679658497039570,0,0,0,0
1680679658498886908,0,0,0,0
1680679658500749534,0,0,0,0
1680679658502688073,0,0,0,0
1680679658504637331,0,0,0,0
1680679658506564826,0,0,0,0
1680679658508523892,0,0,0,0
1680679658510469839,0,0,0,0
1680679658512433771,0,0,0,0
1680679658514352032,0,0,0,0
1680679658516368075,0,0,0,0
1680679658518349253,0,0,0,0
1680679658520213179,0,0,0,0
1680679658522180545,0,0,0,0
1680679658524132264,0,0,0,0
1680679658525982911,0,0,0,0
1680679658527857953,0,0,0,0
1680679658529728283,0,0,0,0
1680679658531659186,0,0,0,0
1680679658533453366,0,0,0,0
1680679658535241202,0,0,0,0
1680679658537248452,0,0,0,0
1680679658539240563,0,0,0,0
1680679658541105449,0,0,0,0
1680679658543093408,0,0,0,0
1680679658544925946,0,0,0,0
1680679658546882929,0,0,0,0
1680679658548620303,0,0,0,0
1680679658550531881,0,0,0,0
1680679658552430759,0,0,0,0
1680679658554297742,0,0,0,0
1680679658556321932,0,0,0,0
1680679658558230999,0,0,0,0
1680679658560195993,0,0,0,0
1680679658562113432,0,0,0,0
1680679658564033606,0,0,0,0
1680679658566027881,0,0,0,0
1680679658567878491,0,0,0,0
1680679658569748297,0,0,0,0
1680679658571690336,0,0,0,0
1680679658573529601,0,0,0,0
1680679658575554298,0,0,0,0
1680679658577390875,0,0,0,0
1680679658579180445,0,0,0,0
1680679658581036983,0,0,0,0
1680679658582991733,0,0,0,0
1680679658584851240,0,0,0,0
1680679658586764498,0,0,0,0
1680679658588607992,0,0,0,0
1680679658590570178,0,0,0,0
1680679658592473893,0,0,0,0
1680679658594335991,0,0,0,0
1680679658596217966,0,0,0,0
1680679658598123800,0,0,0,0
1680679658600073447,0,0,0,0
1680679658601994745,0,0,0,0
1680679658603973432,0,0,0,0
1680679658605853834,0,0,0,0
1680679658607811116,0,0,0,0
1680679658609595583,0,0,0,0
1680679658611476200,0,0,0,0
1680679658613214748,0,0,0,0
1680679658615043893,0,0,0,0
1680679658616883563,0,0,0,0
1680679658618835349,0,0,0,0
1680679658620739756,0,0,0,0
1680679658622769591,0,0,0,0
1680679658624684329,0,0,0,0
1680679658626599911,0,0,0,0
1680679658628642800,0,0,0,0
1680679658630669274,0,0,0,0
1680679658632753014,0,0,0,0
1680679658634826095,0,0,0,0
1680679658636963814,0,0,0,0
1680679658638890081,0,0,0,0
1680679658640741707,0,0,0,0
1680679658642703509,0,0,0,0
1680679658644655244,0,0,0,0
1680679658646531394,0,0,0,0
1680679658648402808,0,0,0,0
1680679658650206634,0,0,0,0
1680679658652118329,0,0,0,0
1680679658653989547,0,0,0,0
1680679658655928486,0,0,0,0
1680679658657868140,0,0,0,0
1680679658659866403,0,0,0,0
1680679658661796458,0,0,0,0
1680679658663898120,0,0,0,0
1680679658665795377,0,0,0,0
1680679658667746073,0,0,0,0
1680679658669675828,0,0,0,0
1680679658671625082,0,0,0,0
1680679658673390424,0,0,0,0
1680679658675232022,0,0,0,0
1680679658677059317,0,0,0,0
1680679658678978089,0,0,0,0
1680679658680822521,0,0,0,0
1680679658682780996,0,0,0,0
1680679658684740939,0,0,0,0
1680679658686629900,0,0,0,0
1680679658688582932,0,0,0,0
1680679658690467029,0,0,0,0
1680679658692474784,0,0,0,0
1680679658694340551,0,0,0,0
1680679658696181557,0,0,0,0
1680679658698196313,0,0,0,0
1680679658700080599,0,0,0,0
1680679658701919680,0,0,0,0
1680679658703972653,0,0,0,0
1680679658705965457,0,0,0,0
1680679658707967598,0,0,0,0
1680679658709955603,0,0,0,0
1680679658711798581,0,0,0,0
1680679658713730016,0,0,0,0
1680679658715672593,0,0,0,0
1680679658717661760,0,0,0,0
1680679658719597599,0,0,0,0
1680679658721560173,0,0,0,0
1680679658723465984,0,0,0,0
1680679658725286186,0,0,0,0
1680679658727161244,0,0,0,0
1680679658728995191,0,0,0,0
1680679658730928417,0,0,0,0
1680679658732831541,0,0,0,0
1680679658734808876,0,0,0,0
1680679658736788997,0,0,0,0
1680679658738710539,0,0,0,0
1680679658740607221,0,0,0,0
1680679658742604192,0,0,0,0
1680679658744526563,0,0,0,0
1680679658746501417,0,0,0,0
1680679658748361481,0,0,0,0
1680679658750234313,0,0,0,0
1680679658752189316,0,0,0,0
1680679658754028966,0,0,0,0
1680679658756030649,0,0,0,0
1680679658757987513,0,0,0,0
1680679658759930334,0,0,0,0
1680679658761788532,0,0,0,0
1680679658763857133,0,0,0,0
1680679658765710221,0,0,0,0
1680679658767664020,0,0,0,0
1680679658769527359,0,0,0,0
1680679658771460089,0,0,0,0
1680679658773233195,0,0,0,0
1680679658775150045,0,0,0,0
1680679658777029879,0,0,0,0
1680679658778897390,0,0,0,0
1680679658780796396,0,0,0,0
1680679658782859698,0,0,0,0
1680679658784813337,0,0,0,0
1680679658786669631,0,0,0,0
1680679658788538858,0,0,0,0
1680679658790408828,0,0,0,0
1680679658792284394,0,0,0,0
1680679658794120305,0,0,0,0
1680679658796152435,0,0,0,0
1680679658798191538,0,0,0,0
1680679658800109565,0,0,0,0
1680679658802085387,0,0,0,0
1680679658804021758,0,0,0,0
1680679658805951172,0,0,0,0
1680679658807732014,0,0,0,0
1680679658809594757,0,0,0,0
1680679658811555219,0,0,0,0
1680679658813335161,0,0,0,0
1680679658815217099,0,0,0,0
1680679658817101862,0,0,0,0
1680679658819039163,0,0,0,0
1680679658820931282,0,0,0,0
1680679658822894043,0,0,0,0
1680679658824784590,0,0,0,0
1680679658826727798,0,0,0,0
1680679658828685837,0,0,0,0
1680679658830575227,0,0,0,0
1680679658832455845,0,0,0,0
1680679658834312356,0,0,0,0
1680679658836206477,0,0,0,0
1680679658838169022,0,0,0,0
1680679658840123074,0,0,0,0
1680679658842067669,0,0,0,0
1680679658844223733,0,0,0,0
1680679658846206536,0,0,0,0
1680679658848079947,0,0,0,0
1680679658850016683,0,0,0,0
1680679658851834920,0,0,0,0
1680679658853691100,0,0,0,0
1680679658855621351,0,0,0,0
1680679658857538481,0,0,0,0
1680679658859519028,0,0,0,0
1680679658861339806,0,0,0,0
1680679658863234756,0,0,0,0
1680679658865046512,0,0,0,0
1680679658867003144,0,0,0,0
1680679658868813775,0,0,0,0
1680679658870797461,0,0,0,0
1680679658872620488,0,0,0,0
1680679658874491105,0,0,0,0
1680679658876485832,0,0,0,0
1680679658878407117,0,0,0,0
1680679658880340134,0,0,0,0
1680679658882336824,0,0,0,0
1680679658884318602,0,0,0,0
1680679658886259312,0,0,0,0
1680679658888111183,0,0,0,0
1680679658890096308,0,0,0,0
1680679658891974384,0,0,0,0
1680679658893832922,0,0,0,0
1680679658895660681,0,0,0,0
1680679658897630363,0,0,0,0
1680679658899607153,0,0,0,0
1680679658901590456,0,0,0,0
1680679658903615588,0,0,0,0
1680679658905514698,0,0,0,0
1680679658907484988,0,0,0,0
1680679658909306630,0,0,0,0
1680679658911167208,0,0,0,0
1680679658912900481,0,0,0,0
1680679658914687464,0,0,0,0
1680679658916592071,0,0,0,0
1680679658918473499,0,0,0,0
1680679658920268727,0,0,0,0
1680679658922262854,0,0,0,0
1680679658924235377,0,0,0,0
1680679658926116356,0,0,0,0
1680679658928043625,0,0,0,0
1680679658930038744,0,0,0,0
1680679658931921218,0,0,0,0
1680679658933841229,0,0,0,0
1680679658935753559,0,0,0,0
1680679658937702242,0,0,0,0
1680679658939639136,0,0,0,0
1680679658941446754,0,0,0,0
1680679658943373160,0,0,0,0
1680679658945230294,0,0,0,0
1680679658947058608,0,0,0,0
1680679658948978144,0,0,0,0
1680679658950945742,0,0,0,0
1680679658952810378,0,0,0,0
1680679658954767239,0,0,0,0
1680679658956649109,0,0,0,0
1680679658958480305,0,0,0,0
1680679658960408005,0,0,0,0
1680679658962313636,0,0,0,0
1680679658964258030,0,0,0,0
1680679658966204045,0,0,0,0
1680679658968081891,0,0,0,0
1680679658970047478,0,0,0,0
1680679658972003132,0,0,0,0
1680679658973918447,0,0,0,0
1680679658975781037,0,0,0,0
1680679658977785304,0,0,0,0
1680679658979665722,0,0,0,0
1680679658981455980,0,0,0,0
1680679658983382583,0,0,0,0
1680679658985222649,0,0,0,0
1680679658987050942,0,0,0,0
1680679658988874599,0,0,0,0
1680679658990718958,0,0,0,0
1680679658992650553,0,0,0,0
1680679658994576767,0,0,0,0
1680679658996599150,0,0,0,0
1680679658998534989,0,0,0,0
1680679659000399316,0,0,0,0
1680679659002366582,0,0,0,0
1680679659004280120,0,0,0,0
1680679659006205470,0,0,0,0
1680679659008154217,0,0,0,0
1680679659010056670,0,0,0,0
1680679659012016054,0,0,0,0
1680679659013907312,0,0,0,0
1680679659015821687,0,0,0,0
1680679659017737296,0,0,0,0
1680679659019645300,0,0,0,0
1680679659021447622,0,0,0,0
1680679659023320536,0,0,0,0
1680679659025209275,0,0,0,0
1680679659027064605,0,0,0,0
1680679659028857698,0,0,0,0
1680679659030760981,0,0,0,0
1680679659032690546,0,0,0,0
1680679659034583346,0,0,0,0
1680679659036584068,0,0,0,0
1680679659038563419,0,0,0,0
1680679659040458525,0,0,0,0
1680679659042338600,0,0,0,0
1680679659044363378,0,0,0,0
1680679659046226780,0,0,0,0
1680679659048120279,0,0,0,0
1680679659050108010,0,0,0,0
1680679659052001364,0,0,0,0
1680679659053990215,0,0,0,0
1680679659055932293,0,0,0,0
1680679659057919883,0,0,0,0
1680679659059828555,0,0,0,0
1680679659061764661,0,0,0,0
1680679659063691904,0,0,0,0
1680679659065533537,0,0,0,0
1680679659067495720,0,0,0,0
1680679659069316254,0,0,0,0
1680679659071178108,0,0,0,0
1680679659073025726,0,0,0,0
1680679659074983415,0,0,0,0
1680679659076888948,0,0,0,0
1680679659078806949,0,0,0,0
1680679659080737140,0,0,0,0
1680679659082608435,0,0,0,0
1680679659084609783,0,0,0,0
1680679659086423779,0,0,0,0
1680679659088361382,0,0,0,0
1680679659090255552,0,0,0,0
1680679659092216779,0,0,0,0
1680679659094105249,0,0,0,0
1680679659096060125,0,0,0,0
1680679659097981250,0,0,0,0
1680679659099954213,0,0,0,0
1680679659101784970,0,0,0,0
1680679659103638142,0,0,0,0
1680679659105543939,0,0,0,0
1680679659107378469,0,0,0,0
1680679659109246368,0,0,0,0
1680679659111076210,0,0,0,0
1680679659113017275,0,0,0,0
1680679659114928683,0,0,0,0
1680679659116828235,0,0,0,0
1680679659118811447,0,0,0,0
1680679659120701914,0,0,0,0
1680679659122564414,0,0,0,0
1680679659124614643,0,0,0,0
1680679659126528880,0,0,0,0
1680679659128506348,0,0,0,0
1680679659130420091,0,0,0,0
1680679659132406354,0,0,0,0
1680679659134260613,0,0,0,0
1680679659136207066,0,0,0,0
1680679659138088048,0,0,0,0
1680679659140018179,0,0,0,0
1680679659141993741,0,0,0,0
1680679659143954556,0,0,0,0
1680679659145885536,0,0,0,0
1680679659147736693,0,0,0,0
1680679659149661372,0,0,0,0
1680679659151706202,0,0,0,0
1680679659153703673,0,0,0,0
1680679659155572255,0,0,0,0
1680679659157579524,0,0,0,0
1680679659159488120,0,0,0,0
1680679659161342271,0,0,0,0
1680679659163140835,0,0,0,0
1680679659165027050,0,0,0,0
1680679659166886428,0,0,0,0
1680679659168809042,0,0,0,0
1680679659170712016,0,0,0,0
1680679659172677296,0,0,0,0
1680679659174546295,0,0,0,0
1680679659176477593,0,0,0,0
1680679659178454387,0,0,0,0
1680679659180317438,0,0,0,0
1680679659182237436,0,0,0,0
1680679659184234231,0,0,0,0
1680679659186198707,0,0,0,0
1680679659188066800,0,0,0,0
1680679659189921187,0,0,0,0
1680679659191795148,0,0,0,0
1680679659193650572,0,0,0,0
1680679659195616921,0,0,0,0
1680679659197554327,0,0,0,0
1680679659199582836,0,0,0,0
1680679659201365904,0,0,0,0
1680679659203289005,0,0,0,0
1680679659205214573,0,0,0,0
1680679659207097286,0,0,0,0
1680679659208905287,0,0,0,0
1680679659210654554,0,0,0,0
1680679659212352794,0,0,0,0
1680679659214052569,0,0,0,0
1680679659215754219,0,0,0,0
1680679659217472255,0,0,0,0
1680679659219211030,0,0,0,0
1680679659221067573,0,0,0,0
1680679659222979068,0,0,0,0
1680679659225041708,0,0,0,0
1680679659226887354,0,0,0,0
1680679659228640564,0,0,0,0
1680679659230470546,0,0,0,0
1680679659232390260,0,0,0,0
1680679659234265290,0,0,0,0
1680679659236198406,0,0,0,0
1680679659238319882,0,0,0,0
1680679659240202730,0,0,0,0
1680679659242081725,0,0,0,0
1680679659244168652,0,0,0,0
1680679659245863440,0,0,0,0
1680679659247616639,0,0,0,0
1680679659249408887,0,0,0,0
1680679659251195720,0,0,0,0
1680679659252940706,0,0,0,0
1680679659254789543,0,0,0,0
1680679659256678889,0,0,0,0
1680679659258789887,0,0,0,0
1680679659260628982,0,0,0,0
1680679659262552005,0,0,0,0
1680679659264450796,0,0,0,0
1680679659266415528,0,0,0,0
1680679659268268844,0,0,0,0
1680679659270187977,0,0,0,0
1680679659272009049,0,0,0,0
1680679659273958320,0,0,0,0
1680679659275819418,0,0,0,0
1680679659277806765,0,0,0,0
1680679659279702809,0,0,0,0
1680679659281507841,0,0,0,0
1680679659283309777,0,0,0,0
1680679659285110576,0,0,0,0
1680679659286845226,0,0,0,0
1680679659288639685,0,0,0,0
1680679659290578463,0,0,0,0
1680679659292435271,0,0,0,0
1680679659294265315,0,0,0,0
1680679659296213318,0,0,0,0
1680679659298176117,0,0,0,0
1680679659300095931,0,0,0,0
1680679659301959357,0,0,0,0
1680679659303915508,0,0,0,0
1680679659305844079,0,0,0,0
1680679659307693442,0,0,0,0
1680679659309715223,0,0,0,0
1680679659311549647,0,0,0,0
1680679659313376998,0,0,0,0
1680679659315278359,0,0,0,0
1680679659317230302,0,0,0,0
1680679659319174175,0,0,0,0
1680679659321092221,0,0,0,0
1680679659323653057,0,0,0,0
1680679659325740205,0,0,0,0
1680679659327658257,0,0,0,0
1680679659329573540,0,0,0,0
1680679659331501756,0,0,0,0
1680679659333418064,0,0,0,0
1680679659335340585,0,0,0,0
1680679659337270971,0,0,0,0
1680679659339205470,0,0,0,0
1680679659341072692,0,0,0,0
1680679659342963328,0,0,0,0
1680679659344905065,0,0,0,0
1680679659346855279,0,0,0,0
1680679659348795891,0,0,0,0
1680679659350848343,0,0,0,0
1680679659352781652,0,0,0,0
1680679659354721254,0,0,0,0
1680679659357716666,0,0,0,0
1680679659359674373,0,0,0,0
1680679659361567507,0,0,0,0
1680679659363493363,0,0,0,0
1680679659365485541,0,0,0,0
1680679659367411848,0,0,0,0
1680679659369330354,0,0,0,0
1680679659371251641,0,0,0,0
1680679659373142820,0,0,0,0
1680679659375069962,0,0,0,0
1680679659377024711,0,0,0,0
1680679659379086818,0,0,0,0
1680679659453255678,0,0,0,0
1680679659526026724,0,0,0,0
1680679659527996699,0,0,0,0
1680679659529961049,0,0,0,0
1680679659531866660,0,0,0,0
1680679659533831057,0,0,0,0
1680679659535764212,0,0,0,0
1680679659537569315,0,0,0,0
1680679659539529441,0,0,0,0
1680679659541354565,0,0,0,0
1680679659543052595,0,0,0,0
1680679659544742614,0,0,0,0
1680679659546466305,0,0,0,0
1680679659548383122,0,0,0,0
1680679659550270066,0,0,0,0
1680679659552071173,0,0,0,0
1680679659554015512,0,0,0,0
1680679659555897167,0,0,0,0
1680679659557826004,0,0,0,0
1680679659559741591,0,0,0,0
1680679659561546627,0,0,0,0
1680679659563492246,0,0,0,0
1680679659565355145,0,0,0,0
1680679659567111441,0,0,0,0
1680679659568946555,0,0,0,0
1680679659570847622,0,0,0,0
1680679659572767553,0,0,0,0
1680679659574656370,0,0,0,0
1680679659576568495,0,0,0,0
1680679659578560365,0,0,0,0
1680679659580388082,0,0,0,0
1680679659582328536,0,0,0,0
1680679659584204875,0,0,0,0
1680679659586142121,0,0,0,0
1680679659588074648,0,0,0,0
1680679659589969005,0,0,0,0
1680679659591910768,0,0,0,0
1680679659593693694,0,0,0,0
1680679659595591913,0,0,0,0
1680679659597412477,0,0,0,0
1680679659599364713,0,0,0,0
1680679659601172172,0,0,0,0
1680679659603079769,0,0,0,0
1680679659604915348,0,0,0,0
1680679659606703114,0,0,0,0
1680679659608600864,0,0,0,0
1680679659610485659,0,0,0,0
1680679659612415466,0,0,0,0
1680679659614228649,0,0,0,0
1680679659616019138,0,0,0,0
1680679659617816637,0,0,0,0
1680679659619820375,0,0,0,0
1680679659621645396,0,0,0,0
1680679659623549057,0,0,0,0
1680679659625361073,0,0,0,0
1680679659627225579,0,0,0,0
1680679659629154142,0,0,0,0
1680679659630994534,0,0,0,0
1680679659632781662,0,0,0,0
1680679659634603735,0,0,0,0
1680679659636482306,0,0,0,0
1680679659638315404,0,0,0,0
1680679659640310863,0,0,0,0
1680679659642170917,0,0,0,0
1680679659644082028,0,0,0,0
1680679659646081018,0,0,0,0
1680679659647961612,0,0,0,0
1680679659650000511,0,0,0,0
1680679659651946547,0,0,0,0
1680679659653798695,0,0,0,0
1680679659655659840,0,0,0,0
1680679659657529713,0,0,0,0
1680679659659433738,0,0,0,0
1680679659661319277,0,0,0,0
1680679659663175497,0,0,0,0
1680679659665106577,0,0,0,0
1680679659666960948,0,0,0,0
1680679659668799514,0,0,0,0
1680679659670714521,0,0,0,0
1680679659672653123,0,0,0,0
1680679659674583361,0,0,0,0
1680679659676417251,0,0,0,0
1680679659678412036,0,0,0,0
1680679659680412073,0,0,0,0
1680679659682327022,0,0,0,0
1680679659684203821,0,0,0,0
1680679659686267808,0,0,0,0
1680679659688160039,0,0,0,0
1680679659690117777,0,0,0,0
1680679659692013296,0,0,0,0
1680679659693926420,0,0,0,0
1680679659695804769,0,0,0,0
1680679659697662015,0,0,0,0
1680679659699644573,0,0,0,0
1680679659701521935,0,0,0,0
1680679659703480087,0,0,0,0
1680679659705300304,0,0,0,0
1680679659707145746,0,0,0,0
1680679659709056044,0,0,0,0
1680679659710958327,0,0,0,0
1680679659712830626,0,0,0,0
1680679659714719276,0,0,0,0
1680679659716662170,0,0,0,0
1680679659718512836,0,0,0,0
1680679659720299907,0,0,0,0
1680679659722183208,0,0,0,0
1680679659724110499,0,0,0,0
1680679659726051741,0,0,0,0
1680679659727936676,0,0,0,0
1680679659729884521,0,0,0,0
1680679659731795829,0,0,0,0
1680679659733685556,0,0,0,0
1680679659735643830,0,0,0,0
1680679659737553921,0,0,0,0
1680679659739578951,0,0,0,0
1680679659741386539,0,0,0,0
1680679659743219123,0,0,0,0
1680679659745099237,0,0,0,0
1680679659746984480,0,0,0,0
1680679659748810538,0,0,0,0
1680679659750802301,0,0,0,0
1680679659752739112,0,0,0,0
1680679659754735826,0,0,0,0
1680679659756648418,0,0,0,0
1680679659758639351,0,0,0,0
1680679659760605105,0,0,0,0
1680679659762576420,0,0,0,0
1680679659764444639,0,0,0,0
1680679659766439931,0,0,0,0
1680679659768394683,0,0,0,0
1680679659770257846,0,0,0,0
1680679659772210784,0,0,0,0
1680679659774144311,0,0,0,0
1680679659776105557,0,0,0,0
1680679659778009632,0,0,0,0
1680679659780005458,0,0,0,0
1680679659781942225,0,0,0,0
1680679659784105248,0,0,0,0
1680679659786191709,0,0,0,0
1680679659788281275,0,0,0,0
1680679659790387305,0,0,0,0
1680679659792486630,0,0,0,0
1680679659794601185,0,0,0,0
1680679659796508033,0,0,0,0
1680679659798380712,0,0,0,0
1680679659800255915,0,0,0,0
1680679659802194816,0,0,0,0
1680679659804064275,0,0,0,0
1680679659806053796,0,0,0,0
1680679659807998600,0,0,0,0
1680679659809950607,0,0,0,0
1680679659811860489,0,0,0,0
1680679659813810655,0,0,0,0
1680679659815740987,0,0,0,0
1680679659817600055,0,0,0,0
1680679659819416567,0,0,0,0
1680679659821274080,0,0,0,0
1680679659823088880,0,0,0,0
1680679659824815813,0,0,0,0
1680679659826843904,0,0,0,0
1680679659828799378,0,0,0,0
1680679659830727917,0,0,0,0
1680679659832648855,0,0,0,0
1680679659834625030,0,0,0,0
1680679659836515578,0,0,0,0
1680679659838383662,0,0,0,0
1680679659840278412,0,0,0,0
1680679659842173871,0,0,0,0
1680679659844038861,0,0,0,0
1680679659845938395,0,0,0,0
1680679659847901334,0,0,0,0
1680679659849887921,0,0,0,0
1680679659851840531,0,0,0,0
1680679659853762045,0,0,0,0
1680679659855760384,0,0,0,0
1680679659857685731,0,0,0,0
1680679659859641850,0,0,0,0
1680679659861448247,0,0,0,0
1680679659863240333,0,0,0,0
1680679659865149607,0,0,0,0
1680679659867088114,0,0,0,0
1680679659869013160,0,0,0,0
1680679659870944743,0,0,0,0
1680679659872829029,0,0,0,0
1680679659874770312,0,0,0,0
1680679659876748702,0,0,0,0
1680679659878712827,0,0,0,0
1680679659880659088,0,0,0,0
1680679659882535407,0,0,0,0
1680679659884339592,0,0,0,0
1680679659886269523,0,0,0,0
1680679659888122184,0,0,0,0
1680679659890101871,0,0,0,0
1680679659892045522,0,0,0,0
1680679659894029665,0,0,0,0
1680679659895937946,0,0,0,0
1680679659897909982,0,0,0,0
1680679659899885630,0,0,0,0
1680679659901759226,0,0,0,0
1680679659903702191,0,0,0,0
1680679659905591624,0,0,0,0
1680679659907535934,0,0,0,0
1680679659909339442,0,0,0,0
1680679659911213221,0,0,0,0
1680679659912997172,0,0,0,0
1680679659914836274,0,0,0,0
1680679659916810555,0,0,0,0
1680679659918733095,0,0,0,0
1680679659920643189,0,0,0,0
1680679659922608768,0,0,0,0
1680679659924524593,0,0,0,0
1680679659926626022,0,0,0,0
1680679659928510976,0,0,0,0
1680679659930514306,0,0,0,0
1680679659932414693,0,0,0,0
1680679659934388386,0,0,0,0
1680679659936260732,0,0,0,0
1680679659938156226,0,0,0,0
1680679659940062237,0,0,0,0
1680679659941886245,0,0,0,0
1680679659943811999,0,0,0,0
1680679659945811778,0,0,0,0
1680679659947736032,0,0,0,0
1680679659949656751,0,0,0,0
1680679659951622557,0,0,0,0
1680679659953534524,0,0,0,0
1680679659955442856,0,0,0,0
1680679659957209592,0,0,0,0
1680679659959212198,0,0,0,0
1680679659961016865,0,0,0,0
1680679659962824134,0,0,0,0
1680679659964795361,0,0,0,0
1680679659966767294,0,0,0,0
1680679659968675023,0,0,0,0
1680679659970586389,0,0,0,0
1680679659972556227,0,0,0,0
1680679659974476800,0,0,0,0
1680679659976239870,0,0,0,0
1680679659978045330,0,0,0,0
1680679659980097864,0,0,0,0
1680679659982040253,0,0,0,0
1680679659984105646,0,0,0,0
1680679659986058193,0,0,0,0
1680679659987987924,0,0,0,0
1680679659989846010,0,0,0,0
1680679659991707136,0,0,0,0
1680679659993511729,0,0,0,0
1680679659995371028,0,0,0,0
1680679659997204376,0,0,0,0
1680679659999138002,0,0,0,0
1680679660001044458,0,0,0,0
1680679660003000069,0,0,0,0
1680679660004809167,0,0,0,0
1680679660006843338,0,0,0,0
1680679660008668340,0,0,0,0
1680679660010595645,0,0,0,0
1680679660012380620,0,0,0,0
1680679660014318231,0,0,0,0
1680679660016172687,0,0,0,0
1680679660018135800,0,0,0,0
1680679660020078507,0,0,0,0
1680679660022034381,0,0,0,0
1680679660023945720,0,0,0,0
1680679660025963466,0,0,0,0
1680679660027870132,0,0,0,0
1680679660029794087,0,0,0,0
1680679660031669946,0,0,0,0
1680679660033546127,0,0,0,0
1680679660035327102,0,0,0,0
1680679660037174932,0,0,0,0
1680679660039130095,0,0,0,0
1680679660040989192,0,0,0,0
1680679660042927847,0,0,0,0
1680679660044799556,0,0,0,0
1680679660046819560,0,0,0,0
1680679660048807235,0,0,0,0
1680679660050844725,0,0,0,0
1680679660052737668,0,0,0,0
1680679660054679807,0,0,0,0
1680679660056626275,0,0,0,0
1680679660058531867,0,0,0,0
1680679660060511683,0,0,0,0
1680679660062326214,0,0,0,0
1680679660064235182,0,0,0,0
1680679660066096236,0,0,0,0
1680679660068003847,0,0,0,0
1680679660069849165,0,0,0,0
1680679660071823272,0,0,0,0
1680679660073710307,0,0,0,0
1680679660075675572,0,0,0,0
1680679660077603904,0,0,0,0
1680679660079599942,0,0,0,0
1680679660081542012,0,0,0,0
1680679660083493673,0,0,0,0
1680679660085271711,0,0,0,0
1680679660087193121,0,0,0,0
1680679660088931376,0,0,0,0
1680679660090736151,0,0,0,0
1680679660092660694,0,0,0,0
1680679660094660132,0,0,0,0
1680679660096603187,0,0,0,0
1680679660098599734,0,0,0,0
1680679660100554580,0,0,0,0
1680679660102505587,0,0,0,0
1680679660104377110,0,0,0,0
1680679660106322255,0,0,0,0
1680679660108256708,0,0,0,0
1680679660110143769,0,0,0,0
1680679660112099103,0,0,0,0
1680679660114000985,0,0,0,0
1680679660115997003,0,0,0,0
1680679660117882366,0,0,0,0
1680679660119808109,0,0,0,0
1680679660121756247,0,0,0,0
1680679660123689713,0,0,0,0
1680679660125582324,0,0,0,0
1680679660127619866,0,0,0,0
1680679660129433772,0,0,0,0
1680679660131378239,0,0,0,0
1680679660133202446,0,0,0,0
1680679660135056926,0,0,0,0
1680679660136852210,0,0,0,0
1680679660138758796,0,0,0,0
1680679660140614701,0,0,0,0
1680679660142435696,0,0,0,0
1680679660144273407,0,0,0,0
1680679660146249009,0,0,0,0
1680679660148152955,0,0,0,0
1680679660150066518,0,0,0,0
1680679660151965633,0,0,0,0
1680679660153862941,0,0,0,0
1680679660155831042,0,0,0,0
1680679660157693482,0,0,0,0
1680679660159523242,0,0,0,0
1680679660161317066,0,0,0,0
1680679660163184906,0,0,0,0
1680679660164980149,0,0,0,0
1680679660166900565,0,0,0,0
1680679660168810765,0,0,0,0
1680679660170703563,0,0,0,0
1680679660172683337,0,0,0,0
1680679660174609684,0,0,0,0
1680679660176504637,0,0,0,0
1680679660178357936,0,0,0,0
1680679660180268135,0,0,0,0
1680679660182205414,0,0,0,0
1680679660184059964,0,0,0,0
1680679660186010763,0,0,0,0
1680679660187854957,0,0,0,0
1680679660189826855,0,0,0,0
1680679660191709910,0,0,0,0
1680679660193642460,0,0,0,0
1680679660195611270,0,0,0,0
1680679660197435867,0,0,0,0
1680679660199429033,0,0,0,0
1680679660201305402,0,0,0,0
1680679660203201700,0,0,0,0
1680679660205016662,0,0,0,0
1680679660206937766,0,0,0,0
1680679660208820367,0,0,0,0
1680679660210729193,0,0,0,0
1680679660212678911,0,0,0,0
1680679660214552286,0,0,0,0
1680679660216494429,0,0,0,0
1680679660218426235,0,0,0,0
1680679660220419698,0,0,0,0
1680679660222249244,0,0,0,0
1680679660224201766,0,0,0,0
1680679660226069496,0,0,0,0
1680679660228040064,0,0,0,0
1680679660229905834,0,0,0,0
1680679660231828970,0,0,0,0
1680679660233782531,0,0,0,0
1680679660235782877,0,0,0,0
1680679660237704060,0,0,0,0
1680679660239763095,0,0,0,0
1680679660241698709,0,0,0,0
1680679660243639911,0,0,0,0
1680679660245430478,0,0,0,0
1680679660247302380,0,0,0,0
1680679660249134028,0,0,0,0
1680679660250986100,0,0,0,0
1680679660252813665,0,0,0,0
1680679660254662181,0,0,0,0
1680679660256579827,0,0,0,0
1680679660258503825,0,0,0,0
1680679660260511716,0,0,0,0
1680679660262341238,0,0,0,0
1680679660264211209,0,0,0,0
1680679660266100577,0,0,0,0
1680679660268002958,0,0,0,0
1680679660269969556,0,0,0,0
1680679660271813316,0,0,0,0
1680679660273823616,0,0,0,0
1680679660275796369,0,0,0,0
1680679660277883858,0,0,0,0
1680679660279833816,0,0,0,0
1680679660281866088,0,0,0,0
1680679660283737210,0,0,0,0
1680679660285608241,0,0,0,0
1680679660287592151,0,0,0,0
1680679660289361101,0,0,0,0
1680679660291224175,0,0,0,0
1680679660293018957,0,0,0,0
1680679660294954827,0,0,0,0
1680679660296810889,0,0,0,0
1680679660298679800,0,0,0,0
1680679660300586266,0,0,0,0
1680679660302433481,0,0,0,0
1680679660304325099,0,0,0,0
1680679660306286230,0,0,0,0
1680679660308242840,0,0,0,0
1680679660310212738,0,0,0,0
1680679660312102369,0,0,0,0
1680679660314104120,0,0,0,0
1680679660316017310,0,0,0,0
1680679660317993093,0,0,0,0
1680679660319881879,0,0,0,0
1680679660321928954,0,0,0,0
1680679660323781068,0,0,0,0
1680679660325768937,0,0,0,0
1680679660327721437,0,0,0,0
1680679660329680559,0,0,0,0
1680679660331534254,0,0,0,0
1680679660333445862,0,0,0,0
1680679660335324791,0,0,0,0
1680679660337133425,0,0,0,0
1680679660339050540,0,0,0,0
1680679660340922917,0,0,0,0
1680679660342811127,0,0,0,0
1680679660344735618,0,0,0,0
1680679660346684674,0,0,0,0
1680679660348608855,0,0,0,0
1680679660350440805,0,0,0,0
1680679660352307023,0,0,0,0
1680679660354095046,0,0,0,0
1680679660355948031,0,0,0,0
1680679660357804810,0,0,0,0
1680679660359828904,0,0,0,0
1680679660361827741,0,0,0,0
1680679660363708557,0,0,0,0
1680679660365659584,0,0,0,0
1680679660367682991,0,0,0,0
1680679660369468883,0,0,0,0
1680679660371223507,0,0,0,0
1680679660373113949,0,0,0,0
1680679660374977967,0,0,0,0
1680679660376874766,0,0,0,0
1680679660378784848,0,0,0,0
1680679660380749281,0,0,0,0
1680679660382702261,0,0,0,0
1680679660384810095,0,0,0,0
1680679660386788060,0,0,0,0
1680679660388770818,0,0,0,0
1680679660390601167,0,0,0,0
1680679660392420114,0,0,0,0
1680679660394230680,0,0,0,0
1680679660396122438,0,0,0,0
1680679660397954941,0,0,0,0
1680679660399929692,0,0,0,0
1680679660401859934,0,0,0,0
1680679660403773940,0,0,0,0
1680679660405682358,0,0,0,0
1680679660407688946,0,0,0,0
1680679660409568536,0,0,0,0
1680679660411497417,0,0,0,0
1680679660413250972,0,0,0,0
1680679660415100836,0,0,0,0
1680679660416828556,0,0,0,0
1680679660418654083,0,0,0,0
1680679660420664188,0,0,0,0
1680679660422678660,0,0,0,0
1680679660424602110,0,0,0,0
1680679660426552878,0,0,0,0
1680679660428485341,0,0,0,0
1680679660430315340,0,0,0,0
1680679660432182071,0,0,0,0
1680679660434113122,0,0,0,0
1680679660435991414,0,0,0,0
1680679660437939593,0,0,0,0
1680679660439880137,0,0,0,0
1680679660441842191,0,0,0,0
1680679660443693794,0,0,0,0
1680679660445635313,0,0,0,0
1680679660447608458,0,0,0,0
1680679660449391677,0,0,0,0
1680679660451239712,0,0,0,0
1680679660453172557,0,0,0,0
1680679660455047003,0,0,0,0
1680679660456853055,0,0,0,0
1680679660458705500,0,0,0,0
1680679660460638718,0,0,0,0
1680679660462626885,0,0,0,0
1680679660464551744,0,0,0,0
1680679660466544507,0,0,0,0
1680679660468559785,0,0,0,0
1680679660470471300,0,0,0,0
1680679660472384926,0,0,0,0
1680679660474190124,0,0,0,0
1680679660476097785,0,0,0,0
1680679660477914307,0,0,0,0
1680679660479953967,0,0,0,0
1680679660481830073,0,0,0,0
1680679660483795125,0,0,0,0
1680679660485723675,0,0,0,0
1680679660487735958,0,0,0,0
1680679660489683514,0,0,0,0
1680679660491677502,0,0,0,0
1680679660493601401,0,0,0,0
1680679660495530319,0,0,0,0
1680679660497300277,0,0,0,0
1680679660499160836,0,0,0,0
1680679660500975498,0,0,0,0
1680679660502916629,0,0,0,0
1680679660504813186,0,0,0,0
1680679660506793278,0,0,0,0
1680679660508764190,0,0,0,0
1680679660510718315,0,0,0,0
1680679660512615836,0,0,0,0
1680679660514599324,0,0,0,0
1680679660516460998,0,0,0,0
1680679660518417976,0,0,0,0
1680679660520307487,0,0,0,0
1680679660522173188,0,0,0,0
1680679660524105166,0,0,0,0
1680679660525941473,0,0,0,0
1680679660527968816,0,0,0,0
1680679660529809289,0,0,0,0
1680679660531621000,0,0,0,0
1680679660533581251,0,0,0,0
1680679660535524333,0,0,0,0
1680679660537357988,0,0,0,0
1680679660539207232,0,0,0,0
1680679660541063772,0,0,0,0
1680679660543014523,0,0,0,0
1680679660544837154,0,0,0,0
1680679660546679188,0,0,0,0
1680679660548504658,0,0,0,0
1680679660550187429,0,0,0,0
1680679660551868024,0,0,0,0
1680679660553541175,0,0,0,0
1680679660555219569,0,0,0,0
1680679660556899274,0,0,0,0
1680679660558659492,0,0,0,0
1680679660560824471,0,0,0,0
1680679660562767920,0,0,0,0
1680679660564675003,0,0,0,0
1680679660566582178,0,0,0,0
1680679660568735984,0,0,0,0
1680679660570561403,0,0,0,0
1680679660572508664,0,0,0,0
1680679660574424366,0,0,0,0
1680679660576339366,0,0,0,0
1680679660578213516,0,0,0,0
1680679660580165760,0,0,0,0
1680679660582143585,0,0,0,0
1680679660583983824,0,0,0,0
1680679660585829916,0,0,0,0
1680679660587738466,0,0,0,0
1680679660589593739,0,0,0,0
1680679660591540390,0,0,0,0
1680679660593413243,0,0,0,0
1680679660595194917,0,0,0,0
1680679660596976312,0,0,0,0
1680679660598821296,0,0,0,0
1680679660600694047,0,0,0,0
1680679660602679823,0,0,0,0
1680679660604601483,0,0,0,0
1680679660606430035,0,0,0,0
1680679660608413275,0,0,0,0
1680679660610271545,0,0,0,0
1680679660612177978,0,0,0,0
1680679660614049694,0,0,0,0
1680679660615970525,0,0,0,0
1680679660617860691,0,0,0,0
1680679660619717713,0,0,0,0
1680679660621662290,0,0,0,0
1680679660623595226,0,0,0,0
1680679660625424384,0,0,0,0
1680679660627224980,0,0,0,0
1680679660629258215,0,0,0,0
1680679660631258770,0,0,0,0
1680679660633271955,0,0,0,0
1680679660635269520,0,0,0,0
1680679660637285555,0,0,0,0
1680679660639213052,0,0,0,0
1680679660640908948,0,0,0,0
1680679660642709435,0,0,0,0
1680679660644461694,0,0,0,0
1680679660646471302,0,0,0,0
1680679660648436920,0,0,0,0
1680679660650348147,0,0,0,0
1680679660652245389,0,0,0,0
1680679660654219695,0,0,0,0
1680679660656131242,0,0,0,0
1680679660658038959,0,0,0,0
1680679660660369247,0,0,0,0
1680679660662373888,0,0,0,0
1680679660664288051,0,0,0,0
1680679660666227284,0,0,0,0
1680679660668149775,0,0,0,0
1680679660670079665,0,0,0,0
1680679660671992492,0,0,0,0
1680679660673916330,0,0,0,0
1680679660675811045,0,0,0,0
1680679660677708717,0,0,0,0
1680679660679630985,0,0,0,0
1680679660681594578,0,0,0,0
1680679660683530970,0,0,0,0
1680679660685438556,0,0,0,0
1680679660687443884,0,0,0,0
1680679660689343204,0,0,0,0
1680679660691270805,0,0,0,0
1680679660693166471,0,0,0,0
1680679660695074335,0,0,0,0
1680679660696981926,0,0,0,0
1680679660698897414,0,0,0,0
1680679660700834952,0,0,0,0
1680679660702784443,0,0,0,0
1680679660704697198,0,0,0,0
1680679660706625828,0,0,0,0
1680679660708584872,0,0,0,0
1680679660711347943,0,0,0,0
1680679660713293162,0,0,0,0
1680679660715377786,0,0,0,0
1680679660786650676,0,0,0,0
1680679660857339091,0,0,0,0
1680679660859621200,0,0,0,0
1680679660861722607,0,0,0,0
1680679660863745953,0,0,0,0
1680679660865738568,0,0,0,0
1680679660867769442,0,0,0,0
1680679660869621731,0,0,0,0
1680679660871410309,0,0,0,0
1680679660873109775,0,0,0,0
1680679660874810918,0,0,0,0
1680679660876544698,0,0,0,0
1680679660878372638,0,0,0,0
1680679660880367949,0,0,0,0
1680679660882315549,0,0,0,0
1680679660884250538,0,0,0,0
1680679660886235784,0,0,0,0
1680679660888278716,0,0,0,0
1680679660890232977,0,0,0,0
1680679660892181468,0,0,0,0
1680679660894065555,0,0,0,0
1680679660895949405,0,0,0,0
1680679660897801161,0,0,0,0
1680679660899790510,0,0,0,0
1680679660901751496,0,0,0,0
1680679660903703071,0,0,0,0
1680679660905687945,0,0,0,0
1680679660907593024,0,0,0,0
1680679660909588338,0,0,0,0
1680679660911470607,0,0,0,0
1680679660913250225,0,0,0,0
1680679660915119293,0,0,0,0
1680679660916903657,0,0,0,0
1680679660918761129,0,0,0,0
1680679660920606318,0,0,0,0
1680679660922517118,0,0,0,0
1680679660924494741,0,0,0,0
1680679660926513187,0,0,0,0
1680679660928509149,0,0,0,0
1680679660930457590,0,0,0,0
1680679660932435924,0,0,0,0
1680679660934302250,0,0,0,0
1680679660936257256,0,0,0,0
1680679660938139343,0,0,0,0
1680679660939994164,0,0,0,0
1680679660941907581,0,0,0,0
1680679660943913413,0,0,0,0
1680679660945821762,0,0,0,0
1680679660947768255,0,0,0,0
1680679660949697519,0,0,0,0
1680679660951655647,0,0,0,0
1680679660953570254,0,0,0,0
1680679660955526285,0,0,0,0
1680679660957314345,0,0,0,0
1680679660959100712,0,0,0,0
1680679660960967858,0,0,0,0
1680679660962917316,0,0,0,0
1680679660964772664,0,0,0,0
1680679660966709082,0,0,0,0
1680679660968659100,0,0,0,0
1680679660970592412,0,0,0,0
1680679660972482382,0,0,0,0
1680679660974390648,0,0,0,0
1680679660976338922,0,0,0,0
1680679660978187796,0,0,0,0
1680679660980099762,0,0,0,0
1680679660981883937,0,0,0,0
1680679660983753811,0,0,0,0
1680679660985736158,0,0,0,0
1680679660987780764,0,0,0,0
1680679660989816951,0,0,0,0
1680679660991724374,0,0,0,0
1680679660993678472,0,0,0,0
1680679660995670231,0,0,0,0
1680679660997456953,0,0,0,0
1680679660999226579,0,0,0,0
1680679661001115765,0,0,0,0
1680679661003022743,0,0,0,0
1680679661004814138,0,0,0,0
1680679661006633964,0,0,0,0
1680679661008651670,0,0,0,0
1680679661010557000,0,0,0,0
1680679661012517836,0,0,0,0
1680679661014455397,0,0,0,0
1680679661016417829,0,0,0,0
1680679661018301871,0,0,0,0
1680679661020201371,0,0,0,0
1680679661022163744,0,0,0,0
1680679661024036006,0,0,0,0
1680679661025982828,0,0,0,0
1680679661027907899,0,0,0,0
1680679661029845801,0,0,0,0
1680679661031809178,0,0,0,0
1680679661033664998,0,0,0,0
1680679661035624553,0,0,0,0
1680679661037619064,0,0,0,0
1680679661039550846,0,0,0,0
1680679661041329384,0,0,0,0
1680679661043248419,0,0,0,0
1680679661044992614,0,0,0,0
1680679661046916341,0,0,0,0
1680679661048812129,0,0,0,0
1680679661050751286,0,0,0,0
1680679661052753658,0,0,0,0
1680679661054642101,0,0,0,0
1680679661056608373,0,0,0,0
1680679661058614325,0,0,0,0
1680679661060451586,0,0,0,0
1680679661062359672,0,0,0,0
1680679661064249199,0,0,0,0
1680679661066117857,0,0,0,0
1680679661068078604,0,0,0,0
1680679661070033080,0,0,0,0
1680679661072038127,0,0,0,0
1680679661073940278,0,0,0,0
1680679661075890844,0,0,0,0
1680679661077806910,0,0,0,0
1680679661079803029,0,0,0,0
1680679661081695839,0,0,0,0
1680679661083631064,0,0,0,0
1680679661085369124,0,0,0,0
1680679661087124366,0,0,0,0
1680679661089016608,0,0,0,0
1680679661090895770,0,0,0,0
1680679661092809765,0,0,0,0
1680679661094683553,0,0,0,0
1680679661096606514,0,0,0,0
1680679661098604964,0,0,0,0
1680679661100514851,0,0,0,0
1680679661102521393,0,0,0,0
1680679661104369863,0,0,0,0
1680679661106340586,0,0,0,0
1680679661108215488,0,0,0,0
1680679661110103434,0,0,0,0
1680679661112064486,0,0,0,0
1680679661114063476,0,0,0,0
1680679661116021518,0,0,0,0
1680679661117931823,0,0,0,0
1680679661119811415,0,0,0,0
1680679661121787442,0,0,0,0
1680679661123732732,0,0,0,0
1680679661125601582,0,0,0,0
1680679661127539285,0,0,0,0
1680679661129367404,0,0,0,0
1680679661131179645,0,0,0,0
1680679661133010091,0,0,0,0
1680679661134987386,0,0,0,0
1680679661136816882,0,0,0,0
1680679661138747990,0,0,0,0
1680679661140643860,0,0,0,0
1680679661142680323,0,0,0,0
1680679661144538934,0,0,0,0
1680679661146426920,0,0,0,0
1680679661148247527,0,0,0,0
1680679661150223087,0,0,0,0
1680679661152066191,0,0,0,0
1680679661154036954,0,0,0,0
1680679661155951372,0,0,0,0
1680679661157940474,0,0,0,0
1680679661159840765,0,0,0,0
1680679661161807988,0,0,0,0
1680679661163841027,0,0,0,0
1680679661165719437,0,0,0,0
1680679661167662385,0,0,0,0
1680679661169626698,0,0,0,0
1680679661171566716,0,0,0,0
1680679661173349782,0,0,0,0
1680679661175259909,0,0,0,0
1680679661177107514,0,0,0,0
1680679661178894169,0,0,0,0
1680679661180797055,0,0,0,0
1680679661182760068,0,0,0,0
1680679661184698904,0,0,0,0
1680679661186602359,0,0,0,0
1680679661188554537,0,0,0,0
1680679661190415648,0,0,0,0
1680679661192332010,0,0,0,0
1680679661194185527,0,0,0,0
1680679661196106201,0,0,0,0
1680679661198030177,0,0,0,0
1680679661199994488,0,0,0,0
1680679661201900878,0,0,0,0
1680679661203912506,0,0,0,0
1680679661205808291,0,0,0,0
1680679661207778029,0,0,0,0
1680679661209674153,0,0,0,0
1680679661211529174,0,0,0,0
1680679661213309489,0,0,0,0
1680679661215138582,0,0,0,0
1680679661216897144,0,0,0,0
1680679661218728990,0,0,0,0
1680679661220609755,0,0,0,0
1680679661222640984,0,0,0,0
1680679661224512096,0,0,0,0
1680679661226405660,0,0,0,0
1680679661228305194,0,0,0,0
1680679661230233315,0,0,0,0
1680679661232110595,0,0,0,0
1680679661233997500,0,0,0,0
1680679661235866054,0,0,0,0
1680679661237829854,0,0,0,0
1680679661239702941,0,0,0,0
1680679661241675615,0,0,0,0
1680679661243668894,0,0,0,0
1680679661245579741,0,0,0,0
1680679661247560053,0,0,0,0
1680679661249466265,0,0,0,0
1680679661251299047,0,0,0,0
1680679661253160924,0,0,0,0
1680679661254961972,0,0,0,0
1680679661256861570,0,0,0,0
1680679661258740781,0,0,0,0
1680679661260689067,0,0,0,0
1680679661262641050,0,0,0,0
1680679661264622696,0,0,0,0
1680679661266544506,0,0,0,0
1680679661268405484,0,0,0,0
1680679661270397920,0,0,0,0
1680679661272312214,0,0,0,0
1680679661274233473,0,0,0,0
1680679661276188269,0,0,0,0
1680679661278112622,0,0,0,0
1680679661279951732,0,0,0,0
1680679661281833638,0,0,0,0
1680679661283850860,0,0,0,0
1680679661285740075,0,0,0,0
1680679661287674369,0,0,0,0
1680679661289712641,0,0,0,0
1680679661291671484,0,0,0,0
1680679661293540877,0,0,0,0
1680679661295496935,0,0,0,0
1680679661297291052,0,0,0,0
1680679661299134984,0,0,0,0
1680679661300902641,0,0,0,0
1680679661302725892,0,0,0,0
1680679661304663056,0,0,0,0
1680679661306660681,0,0,0,0
1680679661308562752,0,0,0,0
1680679661310634846,0,0,0,0
1680679661312574057,0,0,0,0
1680679661314503944,0,0,0,0
1680679661316458962,0,0,0,0
1680679661318350360,0,0,0,0
1680679661320212642,0,0,0,0
1680679661322109004,0,0,0,0
1680679661324116069,0,0,0,0
1680679661325956378,0,0,0,0
1680679661327895433,0,0,0,0
1680679661329822361,0,0,0,0
1680679661331626481,0,0,0,0
1680679661333584593,0,0,0,0
1680679661335446778,0,0,0,0
1680679661337319231,0,0,0,0
1680679661339107978,0,0,0,0
1680679661341018952,0,0,0,0
1680679661342968223,0,0,0,0
1680679661344813669,0,0,0,0
1680679661346716039,0,0,0,0
1680679661348614158,0,0,0,0
1680679661350676740,0,0,0,0
1680679661352592555,0,0,0,0
1680679661354540855,0,0,0,0
1680679661356397884,0,0,0,0
1680679661358297566,0,0,0,0
1680679661360255337,0,0,0,0
1680679661362141929,0,0,0,0
1680679661363983381,0,0,0,0
1680679661365888529,0,0,0,0
1680679661367866394,0,0,0,0
1680679661369821653,0,0,0,0
1680679661371800420,0,0,0,0
1680679661373738666,0,0,0,0
1680679661375718993,0,0,0,0
1680679661377622039,0,0,0,0
1680679661379557735,0,0,0,0
1680679661381320928,0,0,0,0
1680679661383358218,0,0,0,0
1680679661385126824,0,0,0,0
1680679661387062791,0,0,0,0
1680679661388922672,0,0,0,0
1680679661390834900,0,0,0,0
1680679661392763179,0,0,0,0
1680679661394652651,0,0,0,0
1680679661396598054,0,0,0,0
1680679661398536661,0,0,0,0
1680679661400503503,0,0,0,0
1680679661402425126,0,0,0,0
1680679661404412117,0,0,0,0
1680679661406393967,0,0,0,0
1680679661408247006,0,0,0,0
1680679661410258076,0,0,0,0
1680679661412127822,0,0,0,0
1680679661414074549,0,0,0,0
1680679661415945359,0,0,0,0
1680679661417909638,0,0,0,0
1680679661419774257,0,0,0,0
1680679661421662727,0,0,0,0
1680679661423621525,0,0,0,0
1680679661425448096,0,0,0,0
1680679661427394528,0,0,0,0
1680679661429295568,0,0,0,0
1680679661431182946,0,0,0,0
1680679661433007165,0,0,0,0
1680679661434846787,0,0,0,0
1680679661436805905,0,0,0,0
1680679661438694144,0,0,0,0
1680679661440602700,0,0,0,0
1680679661442472746,0,0,0,0
1680679661444333632,0,0,0,0
1680679661446283905,0,0,0,0
1680679661448171675,0,0,0,0
1680679661450219926,0,0,0,0
1680679661452100716,0,0,0,0
1680679661454073079,0,0,0,0
1680679661455937453,0,0,0,0
1680679661457797247,0,0,0,0
1680679661459625883,0,0,0,0
1680679661461472835,0,0,0,0
1680679661463319198,0,0,0,0
1680679661465146194,0,0,0,0
1680679661467092963,0,0,0,0
1680679661468992701,0,0,0,0
1680679661470907743,0,0,0,0
1680679661472806973,0,0,0,0
1680679661474729666,0,0,0,0
1680679661476570326,0,0,0,0
1680679661478527467,0,0,0,0
1680679661480364791,0,0,0,0
1680679661482218950,0,0,0,0
1680679661484156058,0,0,0,0
1680679661486099379,0,0,0,0
1680679661488061445,0,0,0,0
1680679661490219346,0,0,0,0
1680679661492203731,0,0,0,0
1680679661494133689,0,0,0,0
1680679661496044696,0,0,0,0
1680679661497995102,0,0,0,0
1680679661499801085,0,0,0,0
1680679661501720335,0,0,0,0
1680679661503691502,0,0,0,0
1680679661505546548,0,0,0,0
1680679661507502951,0,0,0,0
1680679661509390543,0,0,0,0
1680679661511234154,0,0,0,0
1680679661513044708,0,0,0,0
1680679661514987481,0,0,0,0
1680679661516816621,0,0,0,0
1680679661518793340,0,0,0,0
1680679661520690419,0,0,0,0
1680679661522698897,0,0,0,0
1680679661524659923,0,0,0,0
1680679661526646580,0,0,0,0
1680679661528546732,0,0,0,0
1680679661530668674,0,0,0,0
1680679661532620974,0,0,0,0
1680679661534503281,0,0,0,0
1680679661536458461,0,0,0,0
1680679661538347157,0,0,0,0
1680679661540216474,0,0,0,0
1680679661542187374,0,0,0,0
1680679661544200669,0,0,0,0
1680679661546113405,0,0,0,0
1680679661548061580,0,0,0,0
1680679661550039488,0,0,0,0
1680679661551952075,0,0,0,0
1680679661553883210,0,0,0,0
1680679661555911277,0,0,0,0
1680679661557763714,0,0,0,0
1680679661559775029,0,0,0,0
1680679661561687732,0,0,0,0
1680679661563759079,0,0,0,0
1680679661565648237,0,0,0,0
1680679661567614520,0,0,0,0
1680679661569433977,0,0,0,0
1680679661571292162,0,0,0,0
1680679661573045056,0,0,0,0
1680679661574997376,0,0,0,0
1680679661576829807,0,0,0,0
1680679661578685144,0,0,0,0
1680679661580650081,0,0,0,0
1680679661582574197,0,0,0,0
1680679661584566244,0,0,0,0
1680679661586562719,0,0,0,0
1680679661588467342,0,0,0,0
1680679661590543882,0,0,0,0
1680679661592401266,0,0,0,0
1680679661594292255,0,0,0,0
1680679661596151823,0,0,0,0
1680679661598092398,0,0,0,0
1680679661599969308,0,0,0,0
1680679661601934286,0,0,0,0
1680679661603957241,0,0,0,0
1680679661605954832,0,0,0,0
1680679661607851762,0,0,0,0
1680679661609843012,0,0,0,0
1680679661611810564,0,0,0,0
1680679661613705080,0,0,0,0
1680679661615613804,0,0,0,0
1680679661617423983,0,0,0,0
1680679661619352725,0,0,0,0
1680679661621132245,0,0,0,0
1680679661622966347,0,0,0,0
1680679661624812023,0,0,0,0
1680679661626792762,0,0,0,0
1680679661628738752,0,0,0,0
1680679661630719359,0,0,0,0
1680679661632659714,0,0,0,0
1680679661634584880,0,0,0,0
1680679661636543054,0,0,0,0
1680679661638462989,0,0,0,0
1680679661640300061,0,0,0,0
1680679661642264446,0,0,0,0
1680679661644179252,0,0,0,0
1680679661646071639,0,0,0,0
1680679661648012649,0,0,0,0
1680679661650057344,0,0,0,0
1680679661651923198,0,0,0,0
1680679661653795761,0,0,0,0
1680679661655773727,0,0,0,0
1680679661657680169,0,0,0,0
1680679661659629692,0,0,0,0
1680679661661435232,0,0,0,0
1680679661663306353,0,0,0,0
1680679661665172425,0,0,0,0
1680679661667093266,0,0,0,0
1680679661668895425,0,0,0,0
1680679661670977238,0,0,0,0
1680679661672863465,0,0,0,0
1680679661674785419,0,0,0,0
1680679661676672729,0,0,0,0
1680679661678653399,0,0,0,0
1680679661680505530,0,0,0,0
1680679661682484017,0,0,0,0
1680679661684409116,0,0,0,0
1680679661686241305,0,0,0,0
1680679661688173867,0,0,0,0
1680679661690168686,0,0,0,0
1680679661692120095,0,0,0,0
1680679661694037151,0,0,0,0
1680679661695975957,0,0,0,0
1680679661697820684,0,0,0,0
1680679661699796688,0,0,0,0
1680679661701579512,0,0,0,0
1680679661703553631,0,0,0,0
1680679661705443901,0,0,0,0
1680679661707282604,0,0,0,0
1680679661709244982,0,0,0,0
1680679661711213225,0,0,0,0
1680679661713025738,0,0,0,0
1680679661714969219,0,0,0,0
1680679661716810751,0,0,0,0
1680679661718671524,0,0,0,0
1680679661720624136,0,0,0,0
1680679661722481155,0,0,0,0
1680679661724410141,0,0,0,0
1680679661726325764,0,0,0,0
1680679661728207090,0,0,0,0
1680679661730221505,0,0,0,0
1680679661732122207,0,0,0,0
1680679661733938481,0,0,0,0
1680679661735847811,0,0,0,0
1680679661737710455,0,0,0,0
1680679661739649188,0,0,0,0
1680679661741394834,0,0,0,0
1680679661743312885,0,0,0,0
1680679661745188527,0,0,0,0
1680679661747114865,0,0,0,0
1680679661748999803,0,0,0,0
1680679661750956052,0,0,0,0
1680679661752869506,0,0,0,0
1680679661754834514,0,0,0,0
1680679661756658231,0,0,0,0
1680679661758604223,0,0,0,0
1680679661760439256,0,0,0,0
1680679661762243636,0,0,0,0
1680679661764304563,0,0,0,0
1680679661766285023,0,0,0,0
1680679661768198277,0,0,0,0
1680679661770186702,0,0,0,0
1680679661772104956,0,0,0,0
1680679661774009097,0,0,0,0
1680679661775881574,0,0,0,0
1680679661777770244,0,0,0,0
1680679661779637836,0,0,0,0
1680679661781612204,0,0,0,0
1680679661783570536,0,0,0,0
1680679661785362967,0,0,0,0
1680679661787073899,0,0,0,0
1680679661788899565,0,0,0,0
1680679661790814184,0,0,0,0
1680679661792794051,0,0,0,0
1680679661794676244,0,0,0,0
1680679661796647260,0,0,0,0
1680679661798534681,0,0,0,0
1680679661800503440,0,0,0,0
1680679661802433952,0,0,0,0
1680679661804525710,0,0,0,0
1680679661806524258,0,0,0,0
1680679661808438871,0,0,0,0
1680679661810386297,0,0,0,0
1680679661812238832,0,0,0,0
1680679661814168878,0,0,0,0
1680679661816053588,0,0,0,0
1680679661817988684,0,0,0,0
1680679661819954609,0,0,0,0
1680679661821826995,0,0,0,0
1680679661823841342,0,0,0,0
1680679661825792551,0,0,0,0
1680679661827776868,0,0,0,0
1680679661829677589,0,0,0,0
1680679661831658202,0,0,0,0
1680679661833424354,0,0,0,0
1680679661835337675,0,0,0,0
1680679661837130359,0,0,0,0
1680679661839076182,0,0,0,0
1680679661840925972,0,0,0,0
1680679661842846633,0,0,0,0
1680679661844791941,0,0,0,0
1680679661846762015,0,0,0,0
1680679661848783840,0,0,0,0
1680679661850698956,0,0,0,0
1680679661852636222,0,0,0,0
1680679661854548489,0,0,0,0
1680679661856455659,0,0,0,0
1680679661858326100,0,0,0,0
1680679661860201196,0,0,0,0
1680679661862094738,0,0,0,0
1680679661864033929,0,0,0,0
1680679661865966667,0,0,0,0
1680679661867819564,0,0,0,0
1680679661869737830,0,0,0,0
1680679661871667794,0,0,0,0
1680679661873578112,0,0,0,0
1680679661875565288,0,0,0,0
1680679661877391188,0,0,0,0
1680679661879177656,0,0,0,0
1680679661881084983,0,0,0,0
1680679661882873104,0,0,0,0
1680679661884713738,0,0,0,0
1680679661886689945,0,0,0,0
1680679661888561161,0,0,0,0
1680679661890426149,0,0,0,0
1680679661892469428,0,0,0,0
1680679661894632195,0,0,0,0
1680679661896439640,0,0,0,0
1680679661898288611,0,0,0,0
1680679661900170864,0,0,0,0
1680679661902041716,0,0,0,0
1680679661903943964,0,0,0,0
1680679661905848969,0,0,0,0
1680679661907840627,0,0,0,0
1680679661909728694,0,0,0,0
1680679661911725989,0,0,0,0
1680679661913712012,0,0,0,0
1680679661915660513,0,0,0,0
1680679661917657778,0,0,0,0
1680679661919611183,0,0,0,0
1680679661921490096,0,0,0,0
1680679661923524760,0,0,0,0
1680679661925545871,0,0,0,0
1680679661927395620,0,0,0,0
1680679661929106003,0,0,0,0
1680679661930837098,0,0,0,0
1680679661932541044,0,0,0,0
1680679661934313836,0,0,0,0
1680679661936095892,0,0,0,0
1680679661938049997,0,0,0,0
1680679661939953435,0,0,0,0
1680679661941780170,0,0,0,0
1680679661943720134,0,0,0,0
1680679661945580766,0,0,0,0
1680679661947527869,0,0,0,0
1680679661949339149,0,0,0,0
1680679661951198705,0,0,0,0
1680679661953075526,0,0,0,0
1680679661954813781,0,0,0,0
1680679661956665187,0,0,0,0
1680679661958508805,0,0,0,0
1680679661960354248,0,0,0,0
1680679661962237526,0,0,0,0
1680679661964203048,0,0,0,0
1680679661966092322,0,0,0,0
1680679661968033477,0,0,0,0
1680679661970006246,0,0,0,0
1680679661971835632,0,0,0,0
1680679661973603209,0,0,0,0
1680679661975397586,0,0,0,0
1680679661977351781,0,0,0,0
1680679661979253937,0,0,0,0
1680679661981181479,0,0,0,0
1680679661983120822,0,0,0,0
1680679661985092937,0,0,0,0
1680679661987024775,0,0,0,0
1680679661988936793,0,0,0,0
1680679661990945486,0,0,0,0
1680679661993065638,0,0,0,0
1680679661995005139,0,0,0,0
1680679661996918080,0,0,0,0
1680679661998840821,0,0,0,0
1680679662000729366,0,0,0,0
1680679662002640245,0,0,0,0
1680679662004600154,0,0,0,0
1680679662006632458,0,0,0,0
1680679662008519981,0,0,0,0
1680679662010430968,0,0,0,0
1680679662012347402,0,0,0,0
1680679662014255488,0,0,0,0
1680679662016160000,0,0,0,0
1680679662018073999,0,0,0,0
1680679662019977670,0,0,0,0
1680679662021875340,0,0,0,0
1680679662023801215,0,0,0,0
1680679662027109558,0,0,0,0
1680679662029158058,0,0,0,0
1680679662031250703,0,0,0,0
1680679662033172804,0,0,0,0
1680679662035123892,0,0,0,0
1680679662037092258,0,0,0,0
1680679662039046476,0,0,0,0
1680679662041020734,0,0,0,0
1680679662042959671,0,0,0,0
1680679662044988432,0,0,0,0
1680679662046883520,0,0,0,0
1680679662048911588,0,0,0,0
1680679662122352093,0,0,0,0
1680679662196311261,0,0,0,0
1680679662198544034,0,0,0,0
1680679662200493788,0,0,0,0
1680679662202467431,0,0,0,0
1680679662204521020,0,0,0,0
1680679662206524915,0,0,0,0
1680679662208232814,0,0,0,0
1680679662209964391,0,0,0,0
1680679662211855317,0,0,0,0
1680679662213723776,0,0,0,0
1680679662215644215,0,0,0,0
1680679662217548961,0,0,0,0
1680679662219492422,0,0,0,0
1680679662221312198,0,0,0,0
1680679662223192584,0,0,0,0
1680679662225092155,0,0,0,0
1680679662226944545,0,0,0,0
1680679662228768911,0,0,0,0
1680679662230579289,0,0,0,0
1680679662232538194,0,0,0,0
1680679662234349506,0,0,0,0
1680679662236304377,0,0,0,0
1680679662238194354,0,0,0,0
1680679662240165770,0,0,0,0
1680679662242084771,0,0,0,0
1680679662243985574,0,0,0,0
1680679662245904078,0,0,0,0
1680679662247784875,0,0,0,0
1680679662249752578,0,0,0,0
1680679662251761312,0,0,0,0
1680679662253638078,0,0,0,0
1680679662255577985,0,0,0,0
1680679662257528277,0,0,0,0
1680679662259457514,0,0,0,0
1680679662261288442,0,0,0,0
1680679662263099783,0,0,0,0
1680679662264904469,0,0,0,0
1680679662266715201,0,0,0,0
1680679662268541914,0,0,0,0
1680679662270547351,0,0,0,0
1680679662272553975,0,0,0,0
1680679662274562993,0,0,0,0
1680679662276429007,0,0,0,0
1680679662278381093,0,0,0,0
1680679662280190913,0,0,0,0
1680679662282099061,0,0,0,0
1680679662284027304,0,0,0,0
1680679662285888714,0,0,0,0
1680679662287759521,0,0,0,0
1680679662289608447,0,0,0,0
1680679662291669952,0,0,0,0
1680679662293578631,0,0,0,0
1680679662295558747,0,0,0,0
1680679662297399403,0,0,0,0
1680679662299348172,0,0,0,0
1680679662301182674,0,0,0,0
1680679662303110757,0,0,0,0
1680679662304984237,0,0,0,0
1680679662306802795,0,0,0,0
1680679662308676756,0,0,0,0
1680679662310447184,0,0,0,0
1680679662312223442,0,0,0,0
1680679662314111717,0,0,0,0
1680679662316010075,0,0,0,0
1680679662317917560,0,0,0,0
1680679662319881577,0,0,0,0
1680679662321779663,0,0,0,0
1680679662323741861,0,0,0,0
1680679662325631771,0,0,0,0
1680679662327558382,0,0,0,0
1680679662329315084,0,0,0,0
1680679662331229086,0,0,0,0
1680679662333077875,0,0,0,0
1680679662334946937,0,0,0,0
1680679662336814034,0,0,0,0
1680679662338726942,0,0,0,0
1680679662340698795,0,0,0,0
1680679662342558920,0,0,0,0
1680679662344516135,0,0,0,0
1680679662346505334,0,0,0,0
1680679662348380287,0,0,0,0
1680679662350254055,0,0,0,0
1680679662352134565,0,0,0,0
1680679662354011279,0,0,0,0
1680679662355939989,0,0,0,0
1680679662357833632,0,0,0,0
1680679662359710930,0,0,0,0
1680679662361591920,0,0,0,0
1680679662363538054,0,0,0,0
1680679662365404961,0,0,0,0
1680679662367327607,0,0,0,0
1680679662369117837,0,0,0,0
1680679662371029300,0,0,0,0
1680679662372914102,0,0,0,0
1680679662374848132,0,0,0,0
1680679662376734277,0,0,0,0
1680679662378673865,0,0,0,0
1680679662380582876,0,0,0,0
1680679662382437343,0,0,0,0
1680679662384427583,0,0,0,0
1680679662386352180,0,0,0,0
1680679662388261366,0,0,0,0
1680679662390209640,0,0,0,0
1680679662392094074,0,0,0,0
1680679662394062175,0,0,0,0
1680679662395960233,0,0,0,0
1680679662397800427,0,0,0,0
1680679662399757301,0,0,0,0
1680679662401579086,0,0,0,0
1680679662403516757,0,0,0,0
1680679662405623072,0,0,0,0
1680679662407624319,0,0,0,0
1680679662409408813,0,0,0,0
1680679662411277894,0,0,0,0
1680679662413082758,0,0,0,0
1680679662414938805,0,0,0,0
1680679662416801211,0,0,0,0
1680679662418762338,0,0,0,0
1680679662420645762,0,0,0,0
1680679662422622001,0,0,0,0
1680679662424490903,0,0,0,0
1680679662426526050,0,0,0,0
1680679662428475068,0,0,0,0
1680679662430428817,0,0,0,0
1680679662432332530,0,0,0,0
1680679662434228150,0,0,0,0
1680679662436099076,0,0,0,0
1680679662438070109,0,0,0,0
1680679662439928750,0,0,0,0
1680679662441788449,0,0,0,0
1680679662443746763,0,0,0,0
1680679662445643588,0,0,0,0
1680679662447587961,0,0,0,0
1680679662449384011,0,0,0,0
1680679662451174166,0,0,0,0
1680679662453094498,0,0,0,0
1680679662454896401,0,0,0,0
1680679662456768745,0,0,0,0
1680679662458683791,0,0,0,0
1680679662460671436,0,0,0,0
1680679662462593615,0,0,0,0
1680679662464536122,0,0,0,0
1680679662466408010,0,0,0,0
1680679662468287876,0,0,0,0
1680679662470143857,0,0,0,0
1680679662472120111,0,0,0,0
1680679662474040633,0,0,0,0
1680679662476003464,0,0,0,0
1680679662477958923,0,0,0,0
1680679662479821981,0,0,0,0
1680679662481760651,0,0,0,0
1680679662483688082,0,0,0,0
1680679662485537962,0,0,0,0
1680679662487477270,0,0,0,0
1680679662489256781,0,0,0,0
1680679662491147791,0,0,0,0
1680679662493029297,0,0,0,0
1680679662495001953,0,0,0,0
1680679662496845720,0,0,0,0
1680679662498814757,0,0,0,0
1680679662500739334,0,0,0,0
1680679662502658129,0,0,0,0
1680679662504558287,0,0,0,0
1680679662506530798,0,0,0,0
1680679662508456438,0,0,0,0
1680679662510321311,0,0,0,0
1680679662512328584,0,0,0,0
1680679662514209332,0,0,0,0
1680679662516165526,0,0,0,0
1680679662518073396,0,0,0,0
1680679662520021884,0,0,0,0
1680679662521959642,0,0,0,0
1680679662523809188,0,0,0,0
1680679662525887467,0,0,0,0
1680679662527693623,0,0,0,0
1680679662529639251,0,0,0,0
1680679662531495774,0,0,0,0
1680679662533437432,0,0,0,0
1680679662535290350,0,0,0,0
1680679662537123812,0,0,0,0
1680679662538946287,0,0,0,0
1680679662540815259,0,0,0,0
1680679662542765206,0,0,0,0
1680679662544663325,0,0,0,0
1680679662546669384,0,0,0,0
1680679662548471403,0,0,0,0
1680679662550442521,0,0,0,0
1680679662552360951,0,0,0,0
1680679662554321294,0,0,0,0
1680679662556189137,0,0,0,0
1680679662558184711,0,0,0,0
1680679662560109862,0,0,0,0
1680679662562009280,0,0,0,0
1680679662563995643,0,0,0,0
1680679662565948461,0,0,0,0
1680679662567905190,0,0,0,0
1680679662569772450,0,0,0,0
1680679662571768809,0,0,0,0
1680679662573641015,0,0,0,0
1680679662575519274,0,0,0,0
1680679662577296727,0,0,0,0
1680679662579169162,0,0,0,0
1680679662580996060,0,0,0,0
1680679662582761767,0,0,0,0
1680679662584617213,0,0,0,0
1680679662586523162,0,0,0,0
1680679662588470713,0,0,0,0
1680679662590394780,0,0,0,0
1680679662592399960,0,0,0,0
1680679662594405648,0,0,0,0
1680679662596325603,0,0,0,0
1680679662598283110,0,0,0,0
1680679662600209356,0,0,0,0
1680679662602178454,0,0,0,0
1680679662604069861,0,0,0,0
1680679662606131166,0,0,0,0
1680679662607987490,0,0,0,0
1680679662609904240,0,0,0,0
1680679662611850623,0,0,0,0
1680679662613759449,0,0,0,0
1680679662615701358,0,0,0,0
1680679662617618364,0,0,0,0
1680679662619585381,0,0,0,0
1680679662621461543,0,0,0,0
1680679662623240661,0,0,0,0
1680679662625183910,0,0,0,0
1680679662627088650,0,0,0,0
1680679662628847308,0,0,0,0
1680679662630607086,0,0,0,0
1680679662632546436,0,0,0,0
1680679662634449981,0,0,0,0
1680679662636375205,0,0,0,0
1680679662638368464,0,0,0,0
1680679662640263920,0,0,0,0
1680679662642183468,0,0,0,0
1680679662644048387,0,0,0,0
1680679662645943777,0,0,0,0
1680679662647886647,0,0,0,0
1680679662649855246,0,0,0,0
1680679662651746521,0,0,0,0
1680679662653753076,0,0,0,0
1680679662655711692,0,0,0,0
1680679662657670573,0,0,0,0
1680679662659644697,0,0,0,0
1680679662661430933,0,0,0,0
1680679662663317499,0,0,0,0
1680679662665114938,0,0,0,0
1680679662667129641,0,0,0,0
1680679662668951683,0,0,0,0
1680679662670778933,0,0,0,0
1680679662672812411,0,0,0,0
1680679662674639766,0,0,0,0
1680679662676606540,0,0,0,0
1680679662678503694,0,0,0,0
1680679662680441725,0,0,0,0
1680679662682384147,0,0,0,0
1680679662684237148,0,0,0,0
1680679662686248880,0,0,0,0
1680679662688105411,0,0,0,0
1680679662690055085,0,0,0,0
1680679662691930999,0,0,0,0
1680679662693938818,0,0,0,0
1680679662695797408,0,0,0,0
1680679662697751033,0,0,0,0
1680679662699606770,0,0,0,0
1680679662701366017,0,0,0,0
1680679662703217173,0,0,0,0
1680679662705068450,0,0,0,0
1680679662706935125,0,0,0,0
1680679662708797752,0,0,0,0
1680679662710654350,0,0,0,0
1680679662712648229,0,0,0,0
1680679662714615675,0,0,0,0
1680679662716492548,0,0,0,0
1680679662718347632,0,0,0,0
1680679662720274621,0,0,0,0
1680679662722283657,0,0,0,0
1680679662724178083,0,0,0,0
1680679662726174875,0,0,0,0
1680679662728072092,0,0,0,0
1680679662730025003,0,0,0,0
1680679662731840339,0,0,0,0
1680679662733846056,0,0,0,0
1680679662735730062,0,0,0,0
1680679662737664301,0,0,0,0
1680679662739638127,0,0,0,0
1680679662741541510,0,0,0,0
1680679662743502244,0,0,0,0
1680679662745340489,0,0,0,0
1680679662747160183,0,0,0,0
1680679662748939546,0,0,0,0
1680679662750922043,0,0,0,0
1680679662752813875,0,0,0,0
1680679662754786062,0,0,0,0
1680679662756702756,0,0,0,0
1680679662758629447,0,0,0,0
1680679662760586901,0,0,0,0
1680679662762454975,0,0,0,0
1680679662764410296,0,0,0,0
1680679662766352569,0,0,0,0
1680679662768223827,0,0,0,0
1680679662770173610,0,0,0,0
1680679662772065800,0,0,0,0
1680679662774139494,0,0,0,0
1680679662776113701,0,0,0,0
1680679662778036260,0,0,0,0
1680679662780014543,0,0,0,0
1680679662782010152,0,0,0,0
1680679662783820639,0,0,0,0
1680679662785740830,0,0,0,0
1680679662787617344,0,0,0,0
1680679662789330658,0,0,0,0
1680679662791069000,0,0,0,0
1680679662792964632,0,0,0,0
1680679662794935760,0,0,0,0
1680679662796805935,0,0,0,0
1680679662798782364,0,0,0,0
1680679662800703385,0,0,0,0
1680679662802691626,0,0,0,0
1680679662804620545,0,0,0,0
1680679662806665220,0,0,0,0
1680679662808543484,0,0,0,0
1680679662810431792,0,0,0,0
1680679662812298699,0,0,0,0
1680679662814181614,0,0,0,0
1680679662816071151,0,0,0,0
1680679662818049722,0,0,0,0
1680679662819921320,0,0,0,0
1680679662821795528,0,0,0,0
1680679662823748827,0,0,0,0
1680679662825690080,0,0,0,0
1680679662827652110,0,0,0,0
1680679662829560915,0,0,0,0
1680679662831525072,0,0,0,0
1680679662833389045,0,0,0,0
1680679662835210952,0,0,0,0
1680679662837076830,0,0,0,0
1680679662839012986,0,0,0,0
1680679662840814118,0,0,0,0
1680679662842654349,0,0,0,0
1680679662844509923,0,0,0,0
1680679662846458126,0,0,0,0
1680679662848299184,0,0,0,0
1680679662850223534,0,0,0,0
1680679662852188801,0,0,0,0
1680679662854119969,0,0,0,0
1680679662856136185,0,0,0,0
1680679662858086276,0,0,0,0
1680679662859958227,0,0,0,0
1680679662861828201,0,0,0,0
1680679662863707659,0,0,0,0
1680679662865555126,0,0,0,0
1680679662867451580,0,0,0,0
1680679662869367158,0,0,0,0
1680679662871146132,0,0,0,0
1680679662872927458,0,0,0,0
1680679662874858426,0,0,0,0
1680679662876790095,0,0,0,0
1680679662878684610,0,0,0,0
1680679662880473699,0,0,0,0
1680679662882338571,0,0,0,0
1680679662884271976,0,0,0,0
1680679662886140742,0,0,0,0
1680679662888135061,0,0,0,0
1680679662890138770,0,0,0,0
1680679662892079964,0,0,0,0
1680679662894140669,0,0,0,0
1680679662896068768,0,0,0,0
1680679662898046706,0,0,0,0
1680679662899943132,0,0,0,0
1680679662901853624,0,0,0,0
1680679662903676137,0,0,0,0
1680679662905592271,0,0,0,0
1680679662907485688,0,0,0,0
1680679662909282288,0,0,0,0
1680679662911115798,0,0,0,0
1680679662912956512,0,0,0,0
1680679662914921502,0,0,0,0
1680679662916799607,0,0,0,0
1680679662918743048,0,0,0,0
1680679662920585321,0,0,0,0
1680679662922485893,0,0,0,0
1680679662924343591,0,0,0,0
1680679662926249925,0,0,0,0
1680679662928252725,0,0,0,0
1680679662930192718,0,0,0,0
1680679662932100072,0,0,0,0
1680679662934159347,0,0,0,0
1680679662936107082,0,0,0,0
1680679662937991100,0,0,0,0
1680679662939854566,0,0,0,0
1680679662941820651,0,0,0,0
1680679662943721455,0,0,0,0
1680679662945674082,0,0,0,0
1680679662947688797,0,0,0,0
1680679662949583499,0,0,0,0
1680679662951541585,0,0,0,0
1680679662953391235,0,0,0,0
1680679662955279770,0,0,0,0
1680679662957072942,0,0,0,0
1680679662959036207,0,0,0,0
1680679662960813027,0,0,0,0
1680679662962706831,0,0,0,0
1680679662964598447,0,0,0,0
1680679662966514632,0,0,0,0
1680679662968458011,0,0,0,0
1680679662970383539,0,0,0,0
1680679662972238113,0,0,0,0
1680679662974265725,0,0,0,0
1680679662976234073,0,0,0,0
1680679662978126043,0,0,0,0
1680679662980015077,0,0,0,0
1680679662981863075,0,0,0,0
1680679662983783112,0,0,0,0
1680679662985672960,0,0,0,0
1680679662987691957,0,0,0,0
1680679662989678033,0,0,0,0
1680679662991634640,0,0,0,0
1680679662993707087,0,0,0,0
1680679662995668298,0,0,0,0
1680679662997537068,0,0,0,0
1680679662999494050,0,0,0,0
1680679663001308397,0,0,0,0
1680679663003154856,0,0,0,0
1680679663005061029,0,0,0,0
1680679663007061316,0,0,0,0
1680679663008961042,0,0,0,0
1680679663010863069,0,0,0,0
1680679663012810834,0,0,0,0
1680679663014685025,0,0,0,0
1680679663016521008,0,0,0,0
1680679663018524858,0,0,0,0
1680679663020388896,0,0,0,0
1680679663022398113,0,0,0,0
1680679663024348394,0,0,0,0
1680679663026299476,0,0,0,0
1680679663028234998,0,0,0,0
1680679663030201294,0,0,0,0
1680679663032069788,0,0,0,0
1680679663034027042,0,0,0,0
1680679663035977345,0,0,0,0
1680679663037885183,0,0,0,0
1680679663039861099,0,0,0,0
1680679663041711464,0,0,0,0
1680679663043631019,0,0,0,0
1680679663045367530,0,0,0,0
1680679663047274977,0,0,0,0
1680679663049137066,0,0,0,0
1680679663050968936,0,0,0,0
1680679663052805553,0,0,0,0
1680679663054745251,0,0,0,0
1680679663056748938,0,0,0,0
1680679663058702753,0,0,0,0
1680679663060661116,0,0,0,0
1680679663062653094,0,0,0,0
1680679663064593857,0,0,0,0
1680679663066463234,0,0,0,0
1680679663068431322,0,0,0,0
1680679663070313614,0,0,0,0
1680679663072258350,0,0,0,0
1680679663074285645,0,0,0,0
1680679663076208887,0,0,0,0
1680679663078110506,0,0,0,0
1680679663080062587,0,0,0,0
1680679663081919479,0,0,0,0
1680679663083831345,0,0,0,0
1680679663085689173,0,0,0,0
1680679663087678100,0,0,0,0
1680679663089557900,0,0,0,0
1680679663091550278,0,0,0,0
1680679663093450427,0,0,0,0
1680679663095248357,0,0,0,0
1680679663097147904,0,0,0,0
1680679663099037352,0,0,0,0
1680679663100901322,0,0,0,0
1680679663102780297,0,0,0,0
1680679663104745563,0,0,0,0
1680679663106661718,0,0,0,0
1680679663108656196,0,0,0,0
1680679663110561335,0,0,0,0
1680679663112510177,0,0,0,0
1680679663114482550,0,0,0,0
1680679663116509569,0,0,0,0
1680679663118426097,0,0,0,0
1680679663120393936,0,0,0,0
1680679663122298522,0,0,0,0
1680679663124235453,0,0,0,0
1680679663126168007,0,0,0,0
1680679663128253338,0,0,0,0
1680679663130079114,0,0,0,0
1680679663131969476,0,0,0,0
1680679663133871833,0,0,0,0
1680679663135760493,0,0,0,0
1680679663137574733,0,0,0,0
1680679663139573552,0,0,0,0
1680679663141409094,0,0,0,0
1680679663143335084,0,0,0,0
1680679663145196294,0,0,0,0
1680679663147209899,0,0,0,0
1680679663149047732,0,0,0,0
1680679663150961824,0,0,0,0
1680679663152830592,0,0,0,0
1680679663154685370,0,0,0,0
1680679663156602545,0,0,0,0
1680679663158430279,0,0,0,0
1680679663160335896,0,0,0,0
1680679663162273108,0,0,0,0
1680679663164254991,0,0,0,0
1680679663166161225,0,0,0,0
1680679663168156751,0,0,0,0
1680679663170142944,0,0,0,0
1680679663171951349,0,0,0,0
1680679663173940347,0,0,0,0
1680679663175800021,0,0,0,0
1680679663177689049,0,0,0,0
1680679663179506218,0,0,0,0
1680679663181406860,0,0,0,0
1680679663183239322,0,0,0,0
1680679663185158728,0,0,0,0
1680679663187169073,0,0,0,0
1680679663189009661,0,0,0,0
1680679663190879632,0,0,0,0
1680679663192764654,0,0,0,0
1680679663194699325,0,0,0,0
1680679663196623639,0,0,0,0
1680679663198437597,0,0,0,0
1680679663200332108,0,0,0,0
1680679663202247258,0,0,0,0
1680679663204211992,0,0,0,0
1680679663206207704,0,0,0,0
1680679663208140250,0,0,0,0
1680679663210046648,0,0,0,0
1680679663211974162,0,0,0,0
1680679663213754702,0,0,0,0
1680679663215437830,0,0,0,0
1680679663217120836,0,0,0,0
1680679663218798158,0,0,0,0
1680679663220543843,0,0,0,0
1680679663222318840,0,0,0,0
1680679663224087939,0,0,0,0
1680679663226077554,0,0,0,0
1680679663228139358,0,0,0,0
1680679663230157524,0,0,0,0
1680679663232069398,0,0,0,0
1680679663234058481,0,0,0,0
1680679663236086139,0,0,0,0
1680679663238088066,0,0,0,0
1680679663239968737,0,0,0,0
1680679663241895659,0,0,0,0
1680679663243901663,0,0,0,0
1680679663245771950,0,0,0,0
1680679663247827939,0,0,0,0
1680679663249908628,0,0,0,0
1680679663251757417,0,0,0,0
1680679663253770049,0,0,0,0
1680679663255538689,0,0,0,0
1680679663257237970,0,0,0,0
1680679663259027946,0,0,0,0
1680679663260827049,0,0,0,0
1680679663262640928,0,0,0,0
1680679663264539447,0,0,0,0
1680679663266408293,0,0,0,0
1680679663268372433,0,0,0,0
1680679663270215504,0,0,0,0
1680679663272038968,0,0,0,0
1680679663274008697,0,0,0,0
1680679663275950678,0,0,0,0
1680679663277795455,0,0,0,0
1680679663279718742,0,0,0,0
1680679663281633625,0,0,0,0
1680679663283360438,0,0,0,0
1680679663285092352,0,0,0,0
1680679663286869365,0,0,0,0
1680679663288756808,0,0,0,0
1680679663290610549,0,0,0,0
1680679663292429920,0,0,0,0
1680679663294392593,0,0,0,0
1680679663296241631,0,0,0,0
1680679663298157987,0,0,0,0
1680679663299968193,0,0,0,0
1680679663301928990,0,0,0,0
1680679663303802582,0,0,0,0
1680679663305757136,0,0,0,0
1680679663307837350,0,0,0,0
1680679663309729899,0,0,0,0
1680679663311574448,0,0,0,0
1680679663313698371,0,0,0,0
1680679663315684846,0,0,0,0
1680679663317611967,0,0,0,0
1680679663319529261,0,0,0,0
1680679663321435132,0,0,0,0
1680679663323355650,0,0,0,0
1680679663325260867,0,0,0,0
1680679663327271709,0,0,0,0
1680679663329180380,0,0,0,0
1680679663331074924,0,0,0,0
1680679663332985120,0,0,0,0
1680679663334964996,0,0,0,0
1680679663336871816,0,0,0,0
1680679663338777106,0,0,0,0
1680679663340721722,0,0,0,0
1680679663342665658,0,0,0,0
1680679663344619750,0,0,0,0
1680679663346536164,0,0,0,0
1680679663348534416,0,0,0,0
1680679663350462971,0,0,0,0
1680679663352361759,0,0,0,0
1680679663354390345,0,0,0,0
1680679663356289459,0,0,0,0
1680679663358186730,0,0,0,0
1680679663360103519,0,0,0,0
1680679663363021189,0,0,0,0
1680679663365040470,0,0,0,0
1680679663366975692,0,0,0,0
1680679663368923132,0,0,0,0
1680679663370879381,0,0,0,0
1680679663372800980,0,0,0,0
1680679663374781356,0,0,0,0
1680679663376690535,0,0,0,0
1680679663378592642,0,0,0,0
1680679663380510632,0,0,0,0
1680679663382624975,0,0,0,0
1680679663421088565,0,0,0,0
1680679663495333393,0,0,0,0
1680679663530111645,0,0,0,0
1680679663532069020,0,0,0,0
1680679663534042050,0,0,0,0
1680679663536013784,0,0,0,0
1680679663537978991,0,0,0,0
1680679663539917394,0,0,0,0
1680679663541766594,0,0,0,0
1680679663543580445,0,0,0,0
1680679663545303894,0,0,0,0
1680679663546993713,0,0,0,0
1680679663548705523,0,0,0,0
1680679663550480278,0,0,0,0
1680679663552329604,0,0,0,0
1680679663554268807,0,0,0,0
1680679663556149056,0,0,0,0
1680679663558064409,0,0,0,0
1680679663560135176,0,0,0,0
1680679663562049112,0,0,0,0
1680679663563992855,0,0,0,0
1680679663565813020,0,0,0,0
1680679663567628619,0,0,0,0
1680679663569640850,0,0,0,0
1680679663571572920,0,0,0,0
1680679663573426327,0,0,0,0
1680679663575250320,0,0,0,0
1680679663577080735,0,0,0,0
1680679663578930177,0,0,0,0
1680679663580796558,0,0,0,0
1680679663582611049,0,0,0,0
1680679663584521737,0,0,0,0
1680679663586347462,0,0,0,0
1680679663588258280,0,0,0,0
1680679663590103886,0,0,0,0
1680679663592028683,0,0,0,0
1680679663594051139,0,0,0,0
1680679663595891505,0,0,0,0
1680679663597813835,0,0,0,0
1680679663599712888,0,0,0,0
1680679663601566855,0,0,0,0
1680679663603498247,0,0,0,0
1680679663605304628,0,0,0,0
1680679663607180699,0,0,0,0
1680679663609074053,0,0,0,0
1680679663610986624,0,0,0,0
1680679663612825526,0,0,0,0
1680679663614705056,0,0,0,0
1680679663616470079,0,0,0,0
1680679663618314709,0,0,0,0
1680679663620244851,0,0,0,0
1680679663622108622,0,0,0,0
1680679663624029228,0,0,0,0
1680679663625933024,0,0,0,0
1680679663627956209,0,0,0,0
1680679663629935828,0,0,0,0
1680679663631874794,0,0,0,0
1680679663633801570,0,0,0,0
1680679663635856548,0,0,0,0
1680679663637688382,0,0,0,0
1680679663639616137,0,0,0,0
1680679663641368903,0,0,0,0
1680679663643158156,0,0,0,0
1680679663644995608,0,0,0,0
1680679663646895574,0,0,0,0
1680679663648814836,0,0,0,0
1680679663650671229,0,0,0,0
1680679663652614812,0,0,0,0
1680679663654531667,0,0,0,0
1680679663656436846,0,0,0,0
1680679663658338407,0,0,0,0
1680679663660239641,0,0,0,0
1680679663662152012,0,0,0,0
1680679663664012377,0,0,0,0
1680679663665928710,0,0,0,0
1680679663667821346,0,0,0,0
1680679663669786913,0,0,0,0
1680679663671758523,0,0,0,0
1680679663673660210,0,0,0,0
1680679663675707241,0,0,0,0
1680679663677598911,0,0,0,0
1680679663679437034,0,0,0,0
1680679663681209422,0,0,0,0
1680679663683109362,0,0,0,0
1680679663684937912,0,0,0,0
1680679663686799061,0,0,0,0
1680679663688859805,0,0,0,0
1680679663690776943,0,0,0,0
1680679663692772354,0,0,0,0
1680679663694703861,0,0,0,0
1680679663696622965,0,0,0,0
1680679663698457778,0,0,0,0
1680679663700326840,0,0,0,0
1680679663702190626,0,0,0,0
1680679663704121446,0,0,0,0
1680679663705929503,0,0,0,0
1680679663707876437,0,0,0,0
1680679663709823376,0,0,0,0
1680679663711798734,0,0,0,0
1680679663713687049,0,0,0,0
1680679663715713196,0,0,0,0
1680679663717690524,0,0,0,0
1680679663719642320,0,0,0,0
1680679663721414171,0,0,0,0
1680679663723299950,0,0,0,0
1680679663725100367,0,0,0,0
1680679663726963015,0,0,0,0
1680679663728813843,0,0,0,0
1680679663730729648,0,0,0,0
1680679663732652932,0,0,0,0
1680679663734655875,0,0,0,0
1680679663736657473,0,0,0,0
1680679663738587400,0,0,0,0
1680679663740505015,0,0,0,0
1680679663742451020,0,0,0,0
1680679663744295079,0,0,0,0
1680679663746158965,0,0,0,0
1680679663748126836,0,0,0,0
1680679663750045942,0,0,0,0
1680679663751962313,0,0,0,0
1680679663753962697,0,0,0,0
1680679663755928182,0,0,0,0
1680679663757792982,0,0,0,0
1680679663759652858,0,0,0,0
1680679663761637119,0,0,0,0
1680679663763466652,0,0,0,0
1680679663765358710,0,0,0,0
1680679663767131479,0,0,0,0
1680679663768952954,0,0,0,0
1680679663770765455,0,0,0,0
1680679663772763058,0,0,0,0
1680679663774714437,0,0,0,0
1680679663776684462,0,0,0,0
1680679663778574914,0,0,0,0
1680679663780484549,0,0,0,0
1680679663782423815,0,0,0,0
1680679663784318097,0,0,0,0
1680679663786175432,0,0,0,0
1680679663788219358,0,0,0,0
1680679663790093347,0,0,0,0
1680679663792031591,0,0,0,0
1680679663794040178,0,0,0,0
1680679663796038925,0,0,0,0
1680679663797972583,0,0,0,0
1680679663799869465,0,0,0,0
1680679663801734171,0,0,0,0
1680679663803708258,0,0,0,0
1680679663805559472,0,0,0,0
1680679663807505705,0,0,0,0
1680679663809528432,0,0,0,0
1680679663811493324,0,0,0,0
1680679663813269659,0,0,0,0
1680679663815233831,0,0,0,0
1680679663817071137,0,0,0,0
1680679663819006653,0,0,0,0
1680679663820848352,0,0,0,0
1680679663822810257,0,0,0,0
1680679663824706837,0,0,0,0
1680679663826594971,0,0,0,0
1680679663828584730,0,0,0,0
1680679663830520637,0,0,0,0
1680679663832478998,0,0,0,0
1680679663834358285,0,0,0,0
1680679663836363008,0,0,0,0
1680679663838264118,0,0,0,0
1680679663840198197,0,0,0,0
1680679663842103119,0,0,0,0
1680679663844047617,0,0,0,0
1680679663845942060,0,0,0,0
1680679663847799622,0,0,0,0
1680679663849719827,0,0,0,0
1680679663851538471,0,0,0,0
1680679663853318107,0,0,0,0
1680679663855208559,0,0,0,0
1680679663857104610,0,0,0,0
1680679663859029107,0,0,0,0
1680679663860915242,0,0,0,0
1680679663862851816,0,0,0,0
1680679663864814457,0,0,0,0
1680679663866717173,0,0,0,0
1680679663868672547,0,0,0,0
1680679663870507546,0,0,0,0
1680679663872461629,0,0,0,0
1680679663874254358,0,0,0,0
1680679663876148045,0,0,0,0
1680679663878124764,0,0,0,0
1680679663880041942,0,0,0,0
1680679663882005119,0,0,0,0
1680679663883857567,0,0,0,0
1680679663885791697,0,0,0,0
1680679663887697612,0,0,0,0
1680679663889599358,0,0,0,0
1680679663891513274,0,0,0,0
1680679663893291066,0,0,0,0
1680679663895245673,0,0,0,0
1680679663897038463,0,0,0,0
1680679663898962510,0,0,0,0
1680679663900812618,0,0,0,0
1680679663902712262,0,0,0,0
1680679663904698365,0,0,0,0
1680679663906625903,0,0,0,0
1680679663908642614,0,0,0,0
1680679663910646140,0,0,0,0
1680679663912513865,0,0,0,0
1680679663914376901,0,0,0,0
1680679663916344988,0,0,0,0
1680679663918268466,0,0,0,0
1680679663920152316,0,0,0,0
1680679663922111755,0,0,0,0
1680679663924015185,0,0,0,0
1680679663925948596,0,0,0,0
1680679663927872831,0,0,0,0
1680679663929740080,0,0,0,0
1680679663931481255,0,0,0,0
1680679663933206809,0,0,0,0
1680679663935118923,0,0,0,0
1680679663936869448,0,0,0,0
1680679663938815273,0,0,0,0
1680679663940756585,0,0,0,0
1680679663942755520,0,0,0,0
1680679663944629923,0,0,0,0
1680679663946611638,0,0,0,0
1680679663948505512,0,0,0,0
1680679663950477284,0,0,0,0
1680679663952380869,0,0,0,0
1680679663954234355,0,0,0,0
1680679663956175793,0,0,0,0
1680679663958106759,0,0,0,0
1680679663959978415,0,0,0,0
1680679663961917817,0,0,0,0
1680679663963816087,0,0,0,0
1680679663965769861,0,0,0,0
1680679663967700232,0,0,0,0
1680679663969727358,0,0,0,0
1680679663971644702,0,0,0,0
1680679663973376761,0,0,0,0
1680679663975144381,0,0,0,0
1680679663977047536,0,0,0,0
1680679663978955118,0,0,0,0
1680679663980763526,0,0,0,0
1680679663982664586,0,0,0,0
1680679663984559523,0,0,0,0
1680679663986456993,0,0,0,0
1680679663988380970,0,0,0,0
1680679663990231583,0,0,0,0
1680679663992181279,0,0,0,0
1680679663994038840,0,0,0,0
1680679663995881826,0,0,0,0
1680679663997668532,0,0,0,0
1680679663999510638,0,0,0,0
1680679664001237322,0,0,0,0
1680679664003054535,0,0,0,0
1680679664004896240,0,0,0,0
1680679664006823768,0,0,0,0
1680679664008759362,0,0,0,0
1680679664010639006,0,0,0,0
1680679664012524440,0,0,0,0
1680679664014397112,0,0,0,0
1680679664016336423,0,0,0,0
1680679664018275110,0,0,0,0
1680679664020263002,0,0,0,0
1680679664022065078,0,0,0,0
1680679664023998525,0,0,0,0
1680679664025931756,0,0,0,0
1680679664027859297,0,0,0,0
1680679664029737652,0,0,0,0
1680679664031617174,0,0,0,0
1680679664033435064,0,0,0,0
1680679664035275415,0,0,0,0
1680679664037173170,0,0,0,0
1680679664038961521,0,0,0,0
1680679664040770175,0,0,0,0
1680679664042577508,0,0,0,0
1680679664044377029,0,0,0,0
1680679664046255153,0,0,0,0
1680679664048208286,0,0,0,0
1680679664050117126,0,0,0,0
1680679664052091755,0,0,0,0
1680679664054063266,0,0,0,0
1680679664055964576,0,0,0,0
1680679664057766718,0,0,0,0
1680679664059636512,0,0,0,0
1680679664061431946,0,0,0,0
1680679664063220890,0,0,0,0
1680679664065019662,0,0,0,0
1680679664066959769,0,0,0,0
1680679664068876094,0,0,0,0
1680679664070769386,0,0,0,0
1680679664072702472,0,0,0,0
1680679664074604270,0,0,0,0
1680679664076573901,0,0,0,0
1680679664078529596,0,0,0,0
1680679664080399553,0,0,0,0
1680679664082361825,0,0,0,0
1680679664084269671,0,0,0,0
1680679664086235000,0,0,0,0
1680679664088145246,0,0,0,0
1680679664090042367,0,0,0,0
1680679664091920157,0,0,0,0
1680679664093797514,0,0,0,0
1680679664095666393,0,0,0,0
1680679664097572887,0,0,0,0
1680679664099413862,0,0,0,0
1680679664101317488,0,0,0,0
1680679664103157734,0,0,0,0
1680679664105068792,0,0,0,0
1680679664107005923,0,0,0,0
1680679664108902754,0,0,0,0
1680679664110942112,0,0,0,0
1680679664112802622,0,0,0,0
1680679664114778361,0,0,0,0
1680679664116755335,0,0,0,0
1680679664118697770,0,0,0,0
1680679664120606793,0,0,0,0
1680679664122499079,0,0,0,0
1680679664124309014,0,0,0,0
1680679664126115688,0,0,0,0
1680679664128064268,0,0,0,0
1680679664130066504,0,0,0,0
1680679664131903155,0,0,0,0
1680679664133879221,0,0,0,0
1680679664135982746,0,0,0,0
1680679664137891995,0,0,0,0
1680679664139805272,0,0,0,0
1680679664141711071,0,0,0,0
1680679664143644212,0,0,0,0
1680679664145391212,0,0,0,0
1680679664147304739,0,0,0,0
1680679664149111661,0,0,0,0
1680679664150943662,0,0,0,0
1680679664152812048,0,0,0,0
1680679664154741077,0,0,0,0
1680679664156673994,0,0,0,0
1680679664158623660,0,0,0,0
1680679664160596467,0,0,0,0
1680679664162493503,0,0,0,0
1680679664164428856,0,0,0,0
1680679664166299514,0,0,0,0
1680679664168225154,0,0,0,0
1680679664170173119,0,0,0,0
1680679664172099293,0,0,0,0
1680679664173976208,0,0,0,0
1680679664175958855,0,0,0,0
1680679664177816829,0,0,0,0
1680679664179657182,0,0,0,0
1680679664181515899,0,0,0,0
1680679664183333943,0,0,0,0
1680679664185225313,0,0,0,0
1680679664187106076,0,0,0,0
1680679664188945094,0,0,0,0
1680679664190936109,0,0,0,0
1680679664192812115,0,0,0,0
1680679664194780238,0,0,0,0
1680679664196756750,0,0,0,0
1680679664198688082,0,0,0,0
1680679664200563468,0,0,0,0
1680679664202495948,0,0,0,0
1680679664204362876,0,0,0,0
1680679664206213395,0,0,0,0
1680679664208185816,0,0,0,0
1680679664210182429,0,0,0,0
1680679664212145302,0,0,0,0
1680679664214120914,0,0,0,0
1680679664216100269,0,0,0,0
1680679664218008423,0,0,0,0
1680679664219897908,0,0,0,0
1680679664221784404,0,0,0,0
1680679664223643182,0,0,0,0
1680679664225432200,0,0,0,0
1680679664227238782,0,0,0,0
1680679664229059632,0,0,0,0
1680679664231054775,0,0,0,0
1680679664232892625,0,0,0,0
1680679664234819318,0,0,0,0
1680679664236826027,0,0,0,0
1680679664238763011,0,0,0,0
1680679664240663171,0,0,0,0
1680679664242668604,0,0,0,0
1680679664244581800,0,0,0,0
1680679664246497337,0,0,0,0
1680679664248354791,0,0,0,0
1680679664250336743,0,0,0,0
1680679664252210291,0,0,0,0
1680679664254186001,0,0,0,0
1680679664256141391,0,0,0,0
1680679664258056058,0,0,0,0
1680679664259935950,0,0,0,0
1680679664261934969,0,0,0,0
1680679664263840729,0,0,0,0
1680679664265824676,0,0,0,0
1680679664267725703,0,0,0,0
1680679664269766081,0,0,0,0
1680679664271733491,0,0,0,0
1680679664273628261,0,0,0,0
1680679664275565349,0,0,0,0
1680679664277428491,0,0,0,0
1680679664279188892,0,0,0,0
1680679664281097913,0,0,0,0
1680679664282925113,0,0,0,0
1680679664284792215,0,0,0,0
1680679664286741630,0,0,0,0
1680679664288635264,0,0,0,0
1680679664290660251,0,0,0,0
1680679664292539277,0,0,0,0
1680679664294485036,0,0,0,0
1680679664296378610,0,0,0,0
1680679664298285165,0,0,0,0
1680679664300172386,0,0,0,0
1680679664302050873,0,0,0,0
1680679664303984519,0,0,0,0
1680679664305860269,0,0,0,0
1680679664307745671,0,0,0,0
1680679664309644747,0,0,0,0
1680679664311601617,0,0,0,0
1680679664313447416,0,0,0,0
1680679664315367874,0,0,0,0
1680679664317174563,0,0,0,0
1680679664319060274,0,0,0,0
1680679664320877521,0,0,0,0
1680679664322796245,0,0,0,0
1680679664324599433,0,0,0,0
1680679664326521595,0,0,0,0
1680679664328346586,0,0,0,0
1680679664330406168,0,0,0,0
1680679664332306930,0,0,0,0
1680679664334236131,0,0,0,0
1680679664336224392,0,0,0,0
1680679664338139202,0,0,0,0
1680679664340096825,0,0,0,0
1680679664342008843,0,0,0,0
1680679664343967586,0,0,0,0
1680679664345813830,0,0,0,0
1680679664347620390,0,0,0,0
1680679664349474567,0,0,0,0
1680679664351278582,0,0,0,0
1680679664353177742,0,0,0,0
1680679664355047663,0,0,0,0
1680679664356899413,0,0,0,0
1680679664358868712,0,0,0,0
1680679664360754490,0,0,0,0
1680679664362721485,0,0,0,0
1680679664364568211,0,0,0,0
1680679664366517539,0,0,0,0
1680679664368505420,0,0,0,0
1680679664370477680,0,0,0,0
1680679664372448567,0,0,0,0
1680679664374342780,0,0,0,0
1680679664376447627,0,0,0,0
1680679664378373901,0,0,0,0
1680679664380178433,0,0,0,0
1680679664382076186,0,0,0,0
1680679664383943165,0,0,0,0
1680679664385764486,0,0,0,0
1680679664387734971,0,0,0,0
1680679664389754983,0,0,0,0
1680679664391708050,0,0,0,0
1680679664393672198,0,0,0,0
1680679664395562922,0,0,0,0
1680679664397646098,0,0,0,0
1680679664399593225,0,0,0,0
1680679664401420566,0,0,0,0
1680679664403210492,0,0,0,0
1680679664404997788,0,0,0,0
1680679664406897761,0,0,0,0
1680679664408791861,0,0,0,0
1680679664410804290,0,0,0,0
1680679664412738408,0,0,0,0
1680679664414656979,0,0,0,0
1680679664416736894,0,0,0,0
1680679664418665764,0,0,0,0
1680679664420510759,0,0,0,0
1680679664422474761,0,0,0,0
1680679664424326453,0,0,0,0
1680679664426287954,0,0,0,0
1680679664428180740,0,0,0,0
1680679664430081902,0,0,0,0
1680679664431961273,0,0,0,0
1680679664433896340,0,0,0,0
1680679664435859040,0,0,0,0
1680679664437707344,0,0,0,0
1680679664439633714,0,0,0,0
1680679664441615061,0,0,0,0
1680679664443583472,0,0,0,0
1680679664445401373,0,0,0,0
1680679664447252928,0,0,0,0
1680679664449159570,0,0,0,0
1680679664451125701,0,0,0,0
1680679664452997707,0,0,0,0
1680679664454848261,0,0,0,0
1680679664456797082,0,0,0,0
1680679664458640536,0,0,0,0
1680679664460608745,0,0,0,0
1680679664462509251,0,0,0,0
1680679664464492758,0,0,0,0
1680679664466383888,0,0,0,0
1680679664468325454,0,0,0,0
1680679664470195581,0,0,0,0
1680679664472142228,0,0,0,0
1680679664474008809,0,0,0,0
1680679664475960119,0,0,0,0
1680679664477831527,0,0,0,0
1680679664479768007,0,0,0,0
1680679664481629743,0,0,0,0
1680679664483497857,0,0,0,0
1680679664485330198,0,0,0,0
1680679664487144844,0,0,0,0
1680679664489044723,0,0,0,0
1680679664490998644,0,0,0,0
1680679664492864593,0,0,0,0
1680679664494850328,0,0,0,0
1680679664496807410,0,0,0,0
1680679664498749557,0,0,0,0
1680679664500599167,0,0,0,0
1680679664502493869,0,0,0,0
1680679664504355696,0,0,0,0
1680679664506336262,0,0,0,0
1680679664508222553,0,0,0,0
1680679664510209259,0,0,0,0
1680679664512179388,0,0,0,0
1680679664514046096,0,0,0,0
1680679664515986310,0,0,0,0
1680679664517928397,0,0,0,0
1680679664519765661,0,0,0,0
1680679664521715750,0,0,0,0
1680679664523578632,0,0,0,0
1680679664525383742,0,0,0,0
1680679664527239460,0,0,0,0
1680679664529069222,0,0,0,0
1680679664531056001,0,0,0,0
1680679664532867659,0,0,0,0
1680679664534847004,0,0,0,0
1680679664536799372,0,0,0,0
1680679664538729626,0,0,0,0
1680679664540623113,0,0,0,0
1680679664542607456,0,0,0,0
1680679664544530066,0,0,0,0
1680679664546375600,0,0,0,0
1680679664548284793,0,0,0,0
1680679664550038295,0,0,0,0
1680679664551806679,0,0,0,0
1680679664553495811,0,0,0,0
1680679664555174104,0,0,0,0
1680679664556868487,0,0,0,0
1680679664558544853,0,0,0,0
1680679664560255705,0,0,0,0
1680679664562166205,0,0,0,0
1680679664563940419,0,0,0,0
1680679664565831217,0,0,0,0
1680679664567570712,0,0,0,0
1680679664569297833,0,0,0,0
1680679664571175975,0,0,0,0
1680679664572984052,0,0,0,0
1680679664574763543,0,0,0,0
1680679664576684662,0,0,0,0
1680679664578736957,0,0,0,0
1680679664580562766,0,0,0,0
1680679664582329009,0,0,0,0
1680679664584169095,0,0,0,0
1680679664586020070,0,0,0,0
1680679664587928991,0,0,0,0
1680679664589923102,0,0,0,0
1680679664591848844,0,0,0,0
1680679664593882722,0,0,0,0
1680679664595815995,0,0,0,0
1680679664597716377,0,0,0,0
1680679664599640929,0,0,0,0
1680679664601504841,0,0,0,0
1680679664603469392,0,0,0,0
1680679664605299254,0,0,0,0
1680679664607072021,0,0,0,0
1680679664608875321,0,0,0,0
1680679664610772101,0,0,0,0
1680679664612572463,0,0,0,0
1680679664614411936,0,0,0,0
1680679664616225155,0,0,0,0
1680679664618058029,0,0,0,0
1680679664619946809,0,0,0,0
1680679664621763721,0,0,0,0
1680679664623611871,0,0,0,0
1680679664625415404,0,0,0,0
1680679664627208663,0,0,0,0
1680679664628996145,0,0,0,0
1680679664630836215,0,0,0,0
1680679664632626173,0,0,0,0
1680679664634487824,0,0,0,0
1680679664636313923,0,0,0,0
1680679664638225720,0,0,0,0
1680679664640049550,0,0,0,0
1680679664641918162,0,0,0,0
1680679664643740870,0,0,0,0
1680679664645626324,0,0,0,0
1680679664647434250,0,0,0,0
1680679664649398475,0,0,0,0
1680679664651322779,0,0,0,0
1680679664653221927,0,0,0,0
1680679664655140572,0,0,0,0
1680679664657081027,0,0,0,0
1680679664659001600,0,0,0,0
1680679664660907403,0,0,0,0
1680679664663292423,0,0,0,0
1680679664665250755,0,0,0,0
1680679664667188826,0,0,0,0
1680679664669119671,0,0,0,0
1680679664671231591,0,0,0,0
1680679664673130299,0,0,0,0
1680679664675073744,0,0,0,0
1680679664677151754,0,0,0,0
1680679664679044200,0,0,0,0
1680679664680968110,0,0,0,0
1680679664682863758,0,0,0,0
1680679664684728529,0,0,0,0
1680679664686622495,0,0,0,0
1680679664688559336,0,0,0,0
1680679664690534927,0,0,0,0
1680679664692508116,0,0,0,0
1680679664694456243,0,0,0,0
1680679664697280825,0,0,0,0
1680679664699175270,0,0,0,0
1680679664701080341,0,0,0,0
1680679664703004288,0,0,0,0
1680679664704926683,0,0,0,0
1680679664706848719,0,0,0,0
1680679664708784192,0,0,0,0
1680679664710779145,0,0,0,0
1680679664712705589,0,0,0,0
1680679664714650351,0,0,0,0
1680679664716688525,0,0,0,0
1680679664752625806,0,0,0,0
1680679664827520920,0,0,0,0
1680679664864743408,0,0,0,0
1680679664866888368,0,0,0,0
1680679664868854097,0,0,0,0
1680679664870869991,0,0,0,0
1680679664872838792,0,0,0,0
1680679664874861407,0,0,0,0
1680679664876648787,0,0,0,0
1680679664878459873,0,0,0,0
1680679664880293963,0,0,0,0
1680679664882098143,0,0,0,0
1680679664883967730,0,0,0,0
1680679664885900471,0,0,0,0
1680679664887881655,0,0,0,0
1680679664889769948,0,0,0,0
1680679664891825490,0,0,0,0
1680679664893696240,0,0,0,0
1680679664895656471,0,0,0,0
1680679664897580189,0,0,0,0
1680679664899527852,0,0,0,0
1680679664901351386,0,0,0,0
1680679664903236572,0,0,0,0
1680679664905027763,0,0,0,0
1680679664906977877,0,0,0,0
1680679664908871260,0,0,0,0
1680679664910778412,0,0,0,0
1680679664912702616,0,0,0,0
1680679664914685055,0,0,0,0
1680679664916555490,0,0,0,0
1680679664918522820,0,0,0,0
1680679664920468443,0,0,0,0
1680679664922353497,0,0,0,0
1680679664924303261,0,0,0,0
1680679664926186109,0,0,0,0
1680679664928226461,0,0,0,0
1680679664930121703,0,0,0,0
1680679664932109565,0,0,0,0
1680679664934011820,0,0,0,0
1680679664935944587,0,0,0,0
1680679664937838621,0,0,0,0
1680679664939745467,0,0,0,0
1680679664941644470,0,0,0,0
1680679664943593064,0,0,0,0
1680679664945396732,0,0,0,0
1680679664947182800,0,0,0,0
1680679664949066379,0,0,0,0
1680679664950971617,0,0,0,0
1680679664952884519,0,0,0,0
1680679664954761666,0,0,0,0
1680679664956660536,0,0,0,0
1680679664958619834,0,0,0,0
1680679664960535499,0,0,0,0
1680679664962555186,0,0,0,0
1680679664964539832,0,0,0,0
1680679664966452769,0,0,0,0
1680679664968439391,0,0,0,0
1680679664970348230,0,0,0,0
1680679664972290588,0,0,0,0
1680679664974185195,0,0,0,0
1680679664976054185,0,0,0,0
1680679664978027503,0,0,0,0
1680679664979884498,0,0,0,0
1680679664981766352,0,0,0,0
1680679664983737098,0,0,0,0
1680679664985566534,0,0,0,0
1680679664987367641,0,0,0,0
1680679664989228501,0,0,0,0
1680679664991121034,0,0,0,0
1680679664993055230,0,0,0,0
1680679664994917607,0,0,0,0
1680679664996816006,0,0,0,0
1680679664998748594,0,0,0,0
1680679665000658473,0,0,0,0
1680679665002620806,0,0,0,0
1680679665004504206,0,0,0,0
1680679665006442822,0,0,0,0
1680679665008296441,0,0,0,0
1680679665010275836,0,0,0,0
1680679665012207754,0,0,0,0
1680679665014182585,0,0,0,0
1680679665016179527,0,0,0,0
1680679665018192094,0,0,0,0
1680679665020149841,0,0,0,0
1680679665022013039,0,0,0,0
1680679665023939822,0,0,0,0
1680679665025751944,0,0,0,0
1680679665027662774,0,0,0,0
1680679665029577112,0,0,0,0
1680679665031584768,0,0,0,0
1680679665033362195,0,0,0,0
1680679665035257935,0,0,0,0
1680679665037098674,0,0,0,0
1680679665039046909,0,0,0,0
1680679665040951661,0,0,0,0
1680679665042855681,0,0,0,0
1680679665044808141,0,0,0,0
1680679665046729434,0,0,0,0
1680679665048700674,0,0,0,0
1680679665050572907,0,0,0,0
1680679665052589200,0,0,0,0
1680679665054459784,0,0,0,0
1680679665056419338,0,0,0,0
1680679665058352557,0,0,0,0
1680679665060254153,0,0,0,0
1680679665062242434,0,0,0,0
1680679665064160545,0,0,0,0
1680679665066075205,0,0,0,0
1680679665068061006,0,0,0,0
1680679665069963572,0,0,0,0
1680679665071934230,0,0,0,0
1680679665073767103,0,0,0,0
1680679665075569139,0,0,0,0
1680679665077538742,0,0,0,0
1680679665079366417,0,0,0,0
1680679665081188556,0,0,0,0
1680679665083103292,0,0,0,0
1680679665084988882,0,0,0,0
1680679665086909959,0,0,0,0
1680679665088782289,0,0,0,0
1680679665090709261,0,0,0,0
1680679665092738428,0,0,0,0
1680679665094623155,0,0,0,0
1680679665096498037,0,0,0,0
1680679665098545572,0,0,0,0
1680679665100391826,0,0,0,0
1680679665102372181,0,0,0,0
1680679665104226019,0,0,0,0
1680679665106199969,0,0,0,0
1680679665108155980,0,0,0,0
1680679665110046674,0,0,0,0
1680679665112015517,0,0,0,0
1680679665113877671,0,0,0,0
1680679665115815150,0,0,0,0
1680679665117726036,0,0,0,0
1680679665119674074,0,0,0,0
1680679665121533226,0,0,0,0
1680679665123405452,0,0,0,0
1680679665125231462,0,0,0,0
1680679665127148200,0,0,0,0
1680679665128997454,0,0,0,0
1680679665131012830,0,0,0,0
1680679665132879903,0,0,0,0
1680679665134826625,0,0,0,0
1680679665136739650,0,0,0,0
1680679665138642638,0,0,0,0
1680679665140580535,0,0,0,0
1680679665142426687,0,0,0,0
1680679665144392388,0,0,0,0
1680679665146214000,0,0,0,0
1680679665148165366,0,0,0,0
1680679665150061829,0,0,0,0
1680679665152100113,0,0,0,0
1680679665154115334,0,0,0,0
1680679665155987005,0,0,0,0
1680679665157869211,0,0,0,0
1680679665159719399,0,0,0,0
1680679665161648331,0,0,0,0
1680679665163600005,0,0,0,0
1680679665165458776,0,0,0,0
1680679665167281283,0,0,0,0
1680679665169173805,0,0,0,0
1680679665171210424,0,0,0,0
1680679665173112314,0,0,0,0
1680679665175035269,0,0,0,0
1680679665176860135,0,0,0,0
1680679665178773492,0,0,0,0
1680679665180705789,0,0,0,0
1680679665182576003,0,0,0,0
1680679665184460668,0,0,0,0
1680679665186419322,0,0,0,0
1680679665188310101,0,0,0,0
1680679665190310547,0,0,0,0
1680679665192229698,0,0,0,0
1680679665194237795,0,0,0,0
1680679665196142067,0,0,0,0
1680679665198098702,0,0,0,0
1680679665200007089,0,0,0,0
1680679665201840619,0,0,0,0
1680679665203817720,0,0,0,0
1680679665205689528,0,0,0,0
1680679665207635978,0,0,0,0
1680679665209441272,0,0,0,0
1680679665211388415,0,0,0,0
1680679665213200659,0,0,0,0
1680679665215131043,0,0,0,0
1680679665216993265,0,0,0,0
1680679665218982787,0,0,0,0
1680679665220799737,0,0,0,0
1680679665222719968,0,0,0,0
1680679665224557204,0,0,0,0
1680679665226375337,0,0,0,0
1680679665228249175,0,0,0,0
1680679665230190794,0,0,0,0
1680679665232137682,0,0,0,0
1680679665234116582,0,0,0,0
1680679665236071013,0,0,0,0
1680679665238007051,0,0,0,0
1680679665239933578,0,0,0,0
1680679665241715352,0,0,0,0
1680679665243654110,0,0,0,0
1680679665245583727,0,0,0,0
1680679665247452152,0,0,0,0
1680679665249217249,0,0,0,0
1680679665251097886,0,0,0,0
1680679665252965532,0,0,0,0
1680679665254941536,0,0,0,0
1680679665256831903,0,0,0,0
1680679665258726841,0,0,0,0
1680679665260641978,0,0,0,0
1680679665262550092,0,0,0,0
1680679665264341976,0,0,0,0
1680679665266250654,0,0,0,0
1680679665268104337,0,0,0,0
1680679665270110571,0,0,0,0
1680679665272043574,0,0,0,0
1680679665274045988,0,0,0,0
1680679665276047359,0,0,0,0
1680679665278047750,0,0,0,0
1680679665279989100,0,0,0,0
1680679665281790703,0,0,0,0
1680679665283747484,0,0,0,0
1680679665285632401,0,0,0,0
1680679665287463835,0,0,0,0
1680679665289233712,0,0,0,0
1680679665291170722,0,0,0,0
1680679665293049660,0,0,0,0
1680679665295038191,0,0,0,0
1680679665296876827,0,0,0,0
1680679665298886508,0,0,0,0
1680679665300811385,0,0,0,0
1680679665302640268,0,0,0,0
1680679665304557939,0,0,0,0
1680679665306413751,0,0,0,0
1680679665308290916,0,0,0,0
1680679665310147782,0,0,0,0
1680679665312158665,0,0,0,0
1680679665314086866,0,0,0,0
1680679665315988521,0,0,0,0
1680679665317960458,0,0,0,0
1680679665320026579,0,0,0,0
1680679665322004805,0,0,0,0
1680679665323964308,0,0,0,0
1680679665325825634,0,0,0,0
1680679665327710072,0,0,0,0
1680679665329639023,0,0,0,0
1680679665331585649,0,0,0,0
1680679665333442424,0,0,0,0
1680679665335375766,0,0,0,0
1680679665337208734,0,0,0,0
1680679665339235871,0,0,0,0
1680679665341066347,0,0,0,0
1680679665343013014,0,0,0,0
1680679665344799973,0,0,0,0
1680679665346745216,0,0,0,0
1680679665348606891,0,0,0,0
1680679665350577621,0,0,0,0
1680679665352484131,0,0,0,0
1680679665354402570,0,0,0,0
1680679665356299473,0,0,0,0
1680679665358232131,0,0,0,0
1680679665360173681,0,0,0,0
1680679665362094098,0,0,0,0
1680679665364035279,0,0,0,0
1680679665365893949,0,0,0,0
1680679665367846105,0,0,0,0
1680679665369703053,0,0,0,0
1680679665371699476,0,0,0,0
1680679665373614142,0,0,0,0
1680679665375564478,0,0,0,0
1680679665377376324,0,0,0,0
1680679665379242194,0,0,0,0
1680679665381088762,0,0,0,0
1680679665383015502,0,0,0,0
1680679665384857259,0,0,0,0
1680679665386659414,0,0,0,0
1680679665388633636,0,0,0,0
1680679665390595852,0,0,0,0
1680679665392563650,0,0,0,0
1680679665394480916,0,0,0,0
1680679665396422441,0,0,0,0
1680679665398447529,0,0,0,0
1680679665400361254,0,0,0,0
1680679665402300947,0,0,0,0
1680679665404193826,0,0,0,0
1680679665406165971,0,0,0,0
1680679665408116667,0,0,0,0
1680679665410040137,0,0,0,0
1680679665411869314,0,0,0,0
1680679665413870137,0,0,0,0
1680679665415748025,0,0,0,0
1680679665417708214,0,0,0,0
1680679665419670737,0,0,0,0
1680679665421613800,0,0,0,0
1680679665423589022,0,0,0,0
1680679665425405840,0,0,0,0
1680679665427244726,0,0,0,0
1680679665429108664,0,0,0,0
1680679665430988667,0,0,0,0
1680679665432797607,0,0,0,0
1680679665434619499,0,0,0,0
1680679665436548840,0,0,0,0
1680679665438417848,0,0,0,0
1680679665440312148,0,0,0,0
1680679665442247907,0,0,0,0
1680679665444090327,0,0,0,0
1680679665446057334,0,0,0,0
1680679665447941115,0,0,0,0
1680679665449832230,0,0,0,0
1680679665451774088,0,0,0,0
1680679665453801707,0,0,0,0
1680679665455754232,0,0,0,0
1680679665457629052,0,0,0,0
1680679665459648071,0,0,0,0
1680679665461616166,0,0,0,0
1680679665463628877,0,0,0,0
1680679665465410067,0,0,0,0
1680679665467160052,0,0,0,0
1680679665469036134,0,0,0,0
1680679665470866406,0,0,0,0
1680679665472818271,0,0,0,0
1680679665474711465,0,0,0,0
1680679665476666302,0,0,0,0
1680679665478607298,0,0,0,0
1680679665480596861,0,0,0,0
1680679665482437089,0,0,0,0
1680679665484278261,0,0,0,0
1680679665486174534,0,0,0,0
1680679665488088191,0,0,0,0
1680679665489912784,0,0,0,0
1680679665491969583,0,0,0,0
1680679665493885814,0,0,0,0
1680679665495960133,0,0,0,0
1680679665497746931,0,0,0,0
1680679665499756781,0,0,0,0
1680679665501643304,0,0,0,0
1680679665503532578,0,0,0,0
1680679665505341828,0,0,0,0
1680679665507210658,0,0,0,0
1680679665508961724,0,0,0,0
1680679665510909883,0,0,0,0
1680679665512807682,0,0,0,0
1680679665514787528,0,0,0,0
1680679665516687611,0,0,0,0
1680679665518640109,0,0,0,0
1680679665520673823,0,0,0,0
1680679665522612346,0,0,0,0
1680679665524506757,0,0,0,0
1680679665526508795,0,0,0,0
1680679665528365625,0,0,0,0
1680679665530346576,0,0,0,0
1680679665532313407,0,0,0,0
1680679665534267789,0,0,0,0
1680679665536200160,0,0,0,0
1680679665538080921,0,0,0,0
1680679665540131523,0,0,0,0
1680679665542014287,0,0,0,0
1680679665543915557,0,0,0,0
1680679665545800656,0,0,0,0
1680679665547671946,0,0,0,0
1680679665549617636,0,0,0,0
1680679665551445302,0,0,0,0
1680679665553293245,0,0,0,0
1680679665555204093,0,0,0,0
1680679665557057139,0,0,0,0
1680679665559112666,0,0,0,0
1680679665560968872,0,0,0,0
1680679665562925653,0,0,0,0
1680679665564814607,0,0,0,0
1680679665566695434,0,0,0,0
1680679665568577549,0,0,0,0
1680679665570479446,0,0,0,0
1680679665572373017,0,0,0,0
1680679665574247483,0,0,0,0
1680679665576203469,0,0,0,0
1680679665578116508,0,0,0,0
1680679665580055803,0,0,0,0
1680679665582047921,0,0,0,0
1680679665583952728,0,0,0,0
1680679665585962327,0,0,0,0
1680679665587820893,0,0,0,0
1680679665589747769,0,0,0,0
1680679665591650842,0,0,0,0
1680679665593624780,0,0,0,0
1680679665595552863,0,0,0,0
1680679665597394227,0,0,0,0
1680679665599283695,0,0,0,0
1680679665601125494,0,0,0,0
1680679665603108641,0,0,0,0
1680679665604920698,0,0,0,0
1680679665606882581,0,0,0,0
1680679665608753265,0,0,0,0
1680679665610633573,0,0,0,0
1680679665612539856,0,0,0,0
1680679665614457612,0,0,0,0
1680679665616400189,0,0,0,0
1680679665618301687,0,0,0,0
1680679665620252789,0,0,0,0
1680679665622240100,0,0,0,0
1680679665624150775,0,0,0,0
1680679665626128109,0,0,0,0
1680679665628019756,0,0,0,0
1680679665629976710,0,0,0,0
1680679665631845788,0,0,0,0
1680679665633741707,0,0,0,0
1680679665635668069,0,0,0,0
1680679665637640600,0,0,0,0
1680679665639680102,0,0,0,0
1680679665641666350,0,0,0,0
1680679665643629156,0,0,0,0
1680679665645620698,0,0,0,0
1680679665647584410,0,0,0,0
1680679665649398971,0,0,0,0
1680679665651327877,0,0,0,0
1680679665653188160,0,0,0,0
1680679665654986794,0,0,0,0
1680679665656797659,0,0,0,0
1680679665658730810,0,0,0,0
1680679665660533708,0,0,0,0
1680679665662507060,0,0,0,0
1680679665664592927,0,0,0,0
1680679665666457477,0,0,0,0
1680679665668431403,0,0,0,0
1680679665670341781,0,0,0,0
1680679665672428879,0,0,0,0
1680679665674367643,0,0,0,0
1680679665676303170,0,0,0,0
1680679665678228536,0,0,0,0
1680679665680226974,0,0,0,0
1680679665682227161,0,0,0,0
1680679665684097212,0,0,0,0
1680679665685940313,0,0,0,0
1680679665687876658,0,0,0,0
1680679665689748219,0,0,0,0
1680679665691713753,0,0,0,0
1680679665693683198,0,0,0,0
1680679665695627478,0,0,0,0
1680679665697437712,0,0,0,0
1680679665699385576,0,0,0,0
1680679665701227569,0,0,0,0
1680679665703127829,0,0,0,0
1680679665704983915,0,0,0,0
1680679665706826164,0,0,0,0
1680679665708742346,0,0,0,0
1680679665710612867,0,0,0,0
1680679665712617648,0,0,0,0
1680679665714532373,0,0,0,0
1680679665716472156,0,0,0,0
1680679665718454519,0,0,0,0
1680679665720405847,0,0,0,0
1680679665722323312,0,0,0,0
1680679665724184490,0,0,0,0
1680679665726122164,0,0,0,0
1680679665728005591,0,0,0,0
1680679665729871046,0,0,0,0
1680679665731798752,0,0,0,0
1680679665733706694,0,0,0,0
1680679665735624573,0,0,0,0
1680679665737541243,0,0,0,0
1680679665739530473,0,0,0,0
1680679665741339075,0,0,0,0
1680679665743220114,0,0,0,0
1680679665745080779,0,0,0,0
1680679665746890274,0,0,0,0
1680679665748812441,0,0,0,0
1680679665750768856,0,0,0,0
1680679665752627835,0,0,0,0
1680679665754560268,0,0,0,0
1680679665756489462,0,0,0,0
1680679665758370389,0,0,0,0
1680679665760444044,0,0,0,0
1680679665762419041,0,0,0,0
1680679665764343437,0,0,0,0
1680679665766328201,0,0,0,0
1680679665768244040,0,0,0,0
1680679665770193356,0,0,0,0
1680679665772045767,0,0,0,0
1680679665773977237,0,0,0,0
1680679665775830611,0,0,0,0
1680679665777788818,0,0,0,0
1680679665779762177,0,0,0,0
1680679665781725613,0,0,0,0
1680679665783670206,0,0,0,0
1680679665785564408,0,0,0,0
1680679665787547563,0,0,0,0
1680679665789725990,0,0,0,0
1680679665791585816,0,0,0,0
1680679665793618323,0,0,0,0
1680679665795435309,0,0,0,0
1680679665797242377,0,0,0,0
1680679665799118829,0,0,0,0
1680679665800934321,0,0,0,0
1680679665802806387,0,0,0,0
1680679665804657730,0,0,0,0
1680679665806607327,0,0,0,0
1680679665808534218,0,0,0,0
1680679665810409087,0,0,0,0
1680679665812302430,0,0,0,0
1680679665814185852,0,0,0,0
1680679665816107450,0,0,0,0
1680679665818048825,0,0,0,0
1680679665819974428,0,0,0,0
1680679665821890854,0,0,0,0
1680679665823794776,0,0,0,0
1680679665825748513,0,0,0,0
1680679665827705713,0,0,0,0
1680679665829621520,0,0,0,0
1680679665831545690,0,0,0,0
1680679665833343300,0,0,0,0
1680679665835218347,0,0,0,0
1680679665837043100,0,0,0,0
1680679665838935285,0,0,0,0
1680679665840819809,0,0,0,0
1680679665842732048,0,0,0,0
1680679665844694062,0,0,0,0
1680679665846553337,0,0,0,0
1680679665848517895,0,0,0,0
1680679665850424229,0,0,0,0
1680679665852379290,0,0,0,0
1680679665854266974,0,0,0,0
1680679665856207913,0,0,0,0
1680679665858043214,0,0,0,0
1680679665860042430,0,0,0,0
1680679665861903016,0,0,0,0
1680679665863814334,0,0,0,0
1680679665865731229,0,0,0,0
1680679665867696963,0,0,0,0
1680679665869612653,0,0,0,0
1680679665871566914,0,0,0,0
1680679665873519915,0,0,0,0
1680679665875455998,0,0,0,0
1680679665877232267,0,0,0,0
1680679665879133626,0,0,0,0
1680679665881002713,0,0,0,0
1680679665882918271,0,0,0,0
1680679665884766765,0,0,0,0
1680679665886677200,0,0,0,0
1680679665888606420,0,0,0,0
1680679665890485997,0,0,0,0
1680679665892318039,0,0,0,0
1680679665894193113,0,0,0,0
1680679665896003236,0,0,0,0
1680679665897800544,0,0,0,0
1680679665899757624,0,0,0,0
1680679665901737637,0,0,0,0
1680679665903758096,0,0,0,0
1680679665905667090,0,0,0,0
1680679665907689719,0,0,0,0
1680679665909811228,0,0,0,0
1680679665911720611,0,0,0,0
1680679665913691242,0,0,0,0
1680679665915633851,0,0,0,0
1680679665917679469,0,0,0,0
1680679665919691374,0,0,0,0
1680679665921634871,0,0,0,0
1680679665923639711,0,0,0,0
1680679665925328425,0,0,0,0
1680679665927267463,0,0,0,0
1680679665929117569,0,0,0,0
1680679665930937295,0,0,0,0
1680679665932886642,0,0,0,0
1680679665934825801,0,0,0,0
1680679665936672661,0,0,0,0
1680679665938583761,0,0,0,0
1680679665940622304,0,0,0,0
1680679665942467716,0,0,0,0
1680679665944378048,0,0,0,0
1680679665946222374,0,0,0,0
1680679665948064565,0,0,0,0
1680679665949929847,0,0,0,0
1680679665951777918,0,0,0,0
1680679665953743185,0,0,0,0
1680679665955607324,0,0,0,0
1680679665957536111,0,0,0,0
1680679665959455731,0,0,0,0
1680679665961345886,0,0,0,0
1680679665963068146,0,0,0,0
1680679665964893332,0,0,0,0
1680679665966673856,0,0,0,0
1680679665968483037,0,0,0,0
1680679665970369904,0,0,0,0
1680679665972220698,0,0,0,0
1680679665974179433,0,0,0,0
1680679665976139837,0,0,0,0
1680679665978038816,0,0,0,0
1680679665979861757,0,0,0,0
1680679665981731138,0,0,0,0
1680679665983667168,0,0,0,0
1680679665985520298,0,0,0,0
1680679665987457555,0,0,0,0
1680679665989521510,0,0,0,0
1680679665991567169,0,0,0,0
1680679665993520888,0,0,0,0
1680679665995634020,0,0,0,0
1680679665997559803,0,0,0,0
1680679665999500268,0,0,0,0
1680679666001387678,0,0,0,0
1680679666003771419,0,0,0,0
1680679666005817608,0,0,0,0
1680679666007712093,0,0,0,0
1680679666009631748,0,0,0,0
1680679666011567131,0,0,0,0
1680679666013507187,0,0,0,0
1680679666015461259,0,0,0,0
1680679666017390810,0,0,0,0
1680679666019308621,0,0,0,0
1680679666022483877,0,0,0,0
1680679666024391450,0,0,0,0
1680679666026297824,0,0,0,0
1680679666028200363,0,0,0,0
1680679666030175295,0,0,0,0
1680679666032115642,0,0,0,0
1680679666034138016,0,0,0,0
1680679666036084153,0,0,0,0
1680679666038841788,0,0,0,0
1680679666040885636,0,0,0,0
1680679666042810326,0,0,0,0
1680679666044726345,0,0,0,0
1680679666046643108,0,0,0,0
1680679666048572810,0,0,0,0
1680679666050512001,0,0,0,0
1680679666052397277,0,0,0,0
1680679666054364170,0,0,0,0
1680679666056408264,0,0,0,0
1680679666058282598,0,0,0,0
1680679666060416841,0,0,0,0
1680679666132557904,0,0,0,0
1680679666204544845,0,0,0,0
1680679666206538404,0,0,0,0
1680679666208469842,0,0,0,0
1680679666210389049,0,0,0,0
1680679666212318231,0,0,0,0
1680679666214294486,0,0,0,0
1680679666216240669,0,0,0,0
1680679666218074773,0,0,0,0
1680679666219954613,0,0,0,0
1680679666221782487,0,0,0,0
1680679666223655266,0,0,0,0
1680679666225542852,0,0,0,0
1680679666227501203,0,0,0,0
1680679666229217514,0,0,0,0
1680679666231068302,0,0,0,0
1680679666232825600,0,0,0,0
1680679666234757618,0,0,0,0
1680679666236734906,0,0,0,0
1680679666238582752,0,0,0,0
1680679666240502942,0,0,0,0
1680679666242417350,0,0,0,0
1680679666244360791,0,0,0,0
1680679666246192749,0,0,0,0
1680679666248075259,0,0,0,0
1680679666249944925,0,0,0,0
1680679666251916917,0,0,0,0
1680679666253821996,0,0,0,0
1680679666255821550,0,0,0,0
1680679666257761720,0,0,0,0
1680679666259627788,0,0,0,0
1680679666261398974,0,0,0,0
1680679666263094538,0,0,0,0
1680679666264809279,0,0,0,0
1680679666266587190,0,0,0,0
1680679666268477758,0,0,0,0
1680679666270370638,0,0,0,0
1680679666272350005,0,0,0,0
1680679666274213570,0,0,0,0
1680679666276195891,0,0,0,0
1680679666278052580,0,0,0,0
1680679666279984650,0,0,0,0
1680679666281944053,0,0,0,0
1680679666283937683,0,0,0,0
1680679666285822056,0,0,0,0
1680679666287764823,0,0,0,0
1680679666289664335,0,0,0,0
1680679666291617898,0,0,0,0
1680679666293418943,0,0,0,0
1680679666295234670,0,0,0,0
1680679666297125463,0,0,0,0
1680679666298969446,0,0,0,0
1680679666300851404,0,0,0,0
1680679666302809359,0,0,0,0
1680679666304678205,0,0,0,0
1680679666306646386,0,0,0,0
1680679666308505450,0,0,0,0
1680679666310497864,0,0,0,0
1680679666312308174,0,0,0,0
1680679666314266337,0,0,0,0
1680679666316186791,0,0,0,0
1680679666318105052,0,0,0,0
1680679666319970296,0,0,0,0
1680679666322098352,0,0,0,0
1680679666324003438,0,0,0,0
1680679666325943809,0,0,0,0
1680679666327869455,0,0,0,0
1680679666329790542,0,0,0,0
1680679666331773348,0,0,0,0
1680679666333636142,0,0,0,0
1680679666335591116,0,0,0,0
1680679666337349889,0,0,0,0
1680679666339147403,0,0,0,0
1680679666341041071,0,0,0,0
1680679666342972517,0,0,0,0
1680679666344810416,0,0,0,0
1680679666346718690,0,0,0,0
1680679666348617611,0,0,0,0
1680679666350520863,0,0,0,0
1680679666352476938,0,0,0,0
1680679666354339573,0,0,0,0
1680679666356278602,0,0,0,0
1680679666358155786,0,0,0,0
1680679666360096571,0,0,0,0
1680679666362074926,0,0,0,0
1680679666363963293,0,0,0,0
1680679666365944045,0,0,0,0
1680679666367925752,0,0,0,0
1680679666369787203,0,0,0,0
1680679666371713174,0,0,0,0
1680679666373611235,0,0,0,0
1680679666375498317,0,0,0,0
1680679666377358537,0,0,0,0
1680679666379149907,0,0,0,0
1680679666381011255,0,0,0,0
1680679666382955451,0,0,0,0
1680679666384809250,0,0,0,0
1680679666386777580,0,0,0,0
1680679666388653274,0,0,0,0
1680679666390609694,0,0,0,0
1680679666392445423,0,0,0,0
1680679666394479661,0,0,0,0
1680679666396477953,0,0,0,0
1680679666398387903,0,0,0,0
1680679666400349226,0,0,0,0
1680679666402239341,0,0,0,0
1680679666404177468,0,0,0,0
1680679666406077345,0,0,0,0
1680679666408036447,0,0,0,0
1680679666409915958,0,0,0,0
1680679666411863145,0,0,0,0
1680679666413759443,0,0,0,0
1680679666415730601,0,0,0,0
1680679666417586980,0,0,0,0
1680679666419472163,0,0,0,0
1680679666421310280,0,0,0,0
1680679666423184890,0,0,0,0
1680679666424997350,0,0,0,0
1680679666426857697,0,0,0,0
1680679666428809965,0,0,0,0
1680679666430709322,0,0,0,0
1680679666432669229,0,0,0,0
1680679666434636461,0,0,0,0
1680679666436609256,0,0,0,0
1680679666438439762,0,0,0,0
1680679666440386814,0,0,0,0
1680679666442306247,0,0,0,0
1680679666444168907,0,0,0,0
1680679666446140079,0,0,0,0
1680679666448045448,0,0,0,0
1680679666450026680,0,0,0,0
1680679666451939688,0,0,0,0
1680679666453929262,0,0,0,0
1680679666455838572,0,0,0,0
1680679666457791473,0,0,0,0
1680679666459692904,0,0,0,0
1680679666461692960,0,0,0,0
1680679666463653380,0,0,0,0
1680679666465456874,0,0,0,0
1680679666467232043,0,0,0,0
1680679666469122760,0,0,0,0
1680679666471101217,0,0,0,0
1680679666472938178,0,0,0,0
1680679666474867765,0,0,0,0
1680679666476811490,0,0,0,0
1680679666478701761,0,0,0,0
1680679666480649899,0,0,0,0
1680679666482607902,0,0,0,0
1680679666484505081,0,0,0,0
1680679666486479149,0,0,0,0
1680679666488333565,0,0,0,0
1680679666490184948,0,0,0,0
1680679666492020355,0,0,0,0
1680679666493977669,0,0,0,0
1680679666496191427,0,0,0,0
1680679666498087416,0,0,0,0
1680679666500025833,0,0,0,0
1680679666502023451,0,0,0,0
1680679666503909435,0,0,0,0
1680679666505802443,0,0,0,0
1680679666507778550,0,0,0,0
1680679666509659541,0,0,0,0
1680679666511634885,0,0,0,0
1680679666513412585,0,0,0,0
1680679666515240060,0,0,0,0
1680679666517070149,0,0,0,0
1680679666518909864,0,0,0,0
1680679666520817909,0,0,0,0
1680679666522703258,0,0,0,0
1680679666524607687,0,0,0,0
1680679666526534689,0,0,0,0
1680679666528419703,0,0,0,0
1680679666530402542,0,0,0,0
1680679666532304201,0,0,0,0
1680679666534353199,0,0,0,0
1680679666536358135,0,0,0,0
1680679666538255485,0,0,0,0
1680679666540233103,0,0,0,0
1680679666542143822,0,0,0,0
1680679666544069912,0,0,0,0
1680679666546066227,0,0,0,0
1680679666547987961,0,0,0,0
1680679666549825691,0,0,0,0
1680679666551745374,0,0,0,0
1680679666553656153,0,0,0,0
1680679666555711849,0,0,0,0
1680679666557655090,0,0,0,0
1680679666559515404,0,0,0,0
1680679666561558170,0,0,0,0
1680679666563522233,0,0,0,0
1680679666565326696,0,0,0,0
1680679666567246666,0,0,0,0
1680679666569056172,0,0,0,0
1680679666570957938,0,0,0,0
1680679666572817192,0,0,0,0
1680679666574742395,0,0,0,0
1680679666576785126,0,0,0,0
1680679666578606991,0,0,0,0
1680679666580564791,0,0,0,0
1680679666582411024,0,0,0,0
1680679666584294643,0,0,0,0
1680679666586188698,0,0,0,0
1680679666588180676,0,0,0,0
1680679666590131377,0,0,0,0
1680679666591986881,0,0,0,0
1680679666593947724,0,0,0,0
1680679666595864950,0,0,0,0
1680679666597867163,0,0,0,0
1680679666599726499,0,0,0,0
1680679666601566993,0,0,0,0
1680679666603515116,0,0,0,0
1680679666605274401,0,0,0,0
1680679666607145542,0,0,0,0
1680679666609005938,0,0,0,0
1680679666611003160,0,0,0,0
1680679666612865131,0,0,0,0
1680679666614939394,0,0,0,0
1680679666616891001,0,0,0,0
1680679666618785298,0,0,0,0
1680679666620663063,0,0,0,0
1680679666622489420,0,0,0,0
1680679666624431558,0,0,0,0
1680679666626318416,0,0,0,0
1680679666628182126,0,0,0,0
1680679666630171993,0,0,0,0
1680679666632048323,0,0,0,0
1680679666633953090,0,0,0,0
1680679666635954009,0,0,0,0
1680679666637885607,0,0,0,0
1680679666639861211,0,0,0,0
1680679666641825188,0,0,0,0
1680679666643685304,0,0,0,0
1680679666645527624,0,0,0,0
1680679666647390734,0,0,0,0
1680679666649172995,0,0,0,0
1680679666651110221,0,0,0,0
1680679666652974437,0,0,0,0
1680679666654868016,0,0,0,0
1680679666656809439,0,0,0,0
1680679666658737475,0,0,0,0
1680679666660675483,0,0,0,0
1680679666662504618,0,0,0,0
1680679666664470452,0,0,0,0
1680679666666460651,0,0,0,0
1680679666668323573,0,0,0,0
1680679666670183311,0,0,0,0
1680679666672093050,0,0,0,0
1680679666674074104,0,0,0,0
1680679666675972118,0,0,0,0
1680679666677932361,0,0,0,0
1680679666679841226,0,0,0,0
1680679666681955215,0,0,0,0
1680679666683923630,0,0,0,0
1680679666685785696,0,0,0,0
1680679666687746858,0,0,0,0
1680679666689586036,0,0,0,0
1680679666691536210,0,0,0,0
1680679666693376769,0,0,0,0
1680679666695282323,0,0,0,0
1680679666697152149,0,0,0,0
1680679666699125644,0,0,0,0
1680679666700967062,0,0,0,0
1680679666702944633,0,0,0,0
1680679666704817838,0,0,0,0
1680679666706594728,0,0,0,0
1680679666708544693,0,0,0,0
1680679666710350538,0,0,0,0
1680679666712267325,0,0,0,0
1680679666714222411,0,0,0,0
1680679666716119489,0,0,0,0
1680679666718053153,0,0,0,0
1680679666719970427,0,0,0,0
1680679666721955953,0,0,0,0
1680679666723846119,0,0,0,0
1680679666725788460,0,0,0,0
1680679666727676173,0,0,0,0
1680679666729431774,0,0,0,0
1680679666731262112,0,0,0,0
1680679666733142158,0,0,0,0
1680679666735102376,0,0,0,0
1680679666737014537,0,0,0,0
1680679666739015936,0,0,0,0
1680679666740842165,0,0,0,0
1680679666742769835,0,0,0,0
1680679666744688377,0,0,0,0
1680679666746586200,0,0,0,0
1680679666748534542,0,0,0,0
1680679666750399764,0,0,0,0
1680679666752387347,0,0,0,0
1680679666754274621,0,0,0,0
1680679666756212028,0,0,0,0
1680679666758078718,0,0,0,0
1680679666759954071,0,0,0,0
1680679666761760922,0,0,0,0
1680679666763588100,0,0,0,0
1680679666765567231,0,0,0,0
1680679666767563470,0,0,0,0
1680679666769431580,0,0,0,0
1680679666771257412,0,0,0,0
1680679666773149651,0,0,0,0
1680679666775071147,0,0,0,0
1680679666776938221,0,0,0,0
1680679666778819243,0,0,0,0
1680679666780786026,0,0,0,0
1680679666782731777,0,0,0,0
1680679666784663763,0,0,0,0
1680679666786513078,0,0,0,0
1680679666788455385,0,0,0,0
1680679666790443262,0,0,0,0
1680679666792306988,0,0,0,0
1680679666794219795,0,0,0,0
1680679666796238776,0,0,0,0
1680679666798151935,0,0,0,0
1680679666800023375,0,0,0,0
1680679666802129018,0,0,0,0
1680679666803981704,0,0,0,0
1680679666805937350,0,0,0,0
1680679666807824421,0,0,0,0
1680679666809763501,0,0,0,0
1680679666811725338,0,0,0,0
1680679666813711193,0,0,0,0
1680679666815673539,0,0,0,0
1680679666817574234,0,0,0,0
1680679666819533861,0,0,0,0
1680679666821329970,0,0,0,0
1680679666823243608,0,0,0,0
1680679666825042675,0,0,0,0
1680679666826983221,0,0,0,0
1680679666828827987,0,0,0,0
1680679666830672677,0,0,0,0
1680679666832632988,0,0,0,0
1680679666834557510,0,0,0,0
1680679666836480813,0,0,0,0
1680679666838467264,0,0,0,0
1680679666840312110,0,0,0,0
1680679666842296010,0,0,0,0
1680679666844158882,0,0,0,0
1680679666846090485,0,0,0,0
1680679666848050982,0,0,0,0
1680679666849949746,0,0,0,0
1680679666851834360,0,0,0,0
1680679666853697728,0,0,0,0
1680679666855723335,0,0,0,0
1680679666857573220,0,0,0,0
1680679666859512228,0,0,0,0
1680679666861341139,0,0,0,0
1680679666863212142,0,0,0,0
1680679666865059137,0,0,0,0
1680679666867039707,0,0,0,0
1680679666868817070,0,0,0,0
1680679666870799553,0,0,0,0
1680679666872660092,0,0,0,0
1680679666874479620,0,0,0,0
1680679666876570052,0,0,0,0
1680679666878536692,0,0,0,0
1680679666880390750,0,0,0,0
1680679666882459119,0,0,0,0
1680679666884447402,0,0,0,0
1680679666886449343,0,0,0,0
1680679666888311499,0,0,0,0
1680679666890284782,0,0,0,0
1680679666892189436,0,0,0,0
1680679666894114378,0,0,0,0
1680679666896006777,0,0,0,0
1680679666897987259,0,0,0,0
1680679666899855214,0,0,0,0
1680679666901840703,0,0,0,0
1680679666903746503,0,0,0,0
1680679666905673810,0,0,0,0
1680679666907609962,0,0,0,0
1680679666909395617,0,0,0,0
1680679666911186614,0,0,0,0
1680679666913012728,0,0,0,0
1680679666914958365,0,0,0,0
1680679666916813455,0,0,0,0
1680679666918744387,0,0,0,0
1680679666920604135,0,0,0,0
1680679666922546639,0,0,0,0
1680679666924517926,0,0,0,0
1680679666926433494,0,0,0,0
1680679666928342166,0,0,0,0
1680679666930289608,0,0,0,0
1680679666932191050,0,0,0,0
1680679666934167169,0,0,0,0
1680679666936091555,0,0,0,0
1680679666938026158,0,0,0,0
1680679666939986836,0,0,0,0
1680679666941861825,0,0,0,0
1680679666943853042,0,0,0,0
1680679666945741644,0,0,0,0
1680679666947731842,0,0,0,0
1680679666949648137,0,0,0,0
1680679666951605737,0,0,0,0
1680679666953413965,0,0,0,0
1680679666955377504,0,0,0,0
1680679666957286674,0,0,0,0
1680679666959126375,0,0,0,0
1680679666960870128,0,0,0,0
1680679666962811809,0,0,0,0
1680679666964757855,0,0,0,0
1680679666966663173,0,0,0,0
1680679666968562976,0,0,0,0
1680679666970468862,0,0,0,0
1680679666972419154,0,0,0,0
1680679666974345000,0,0,0,0
1680679666976358554,0,0,0,0
1680679666978255777,0,0,0,0
1680679666980168175,0,0,0,0
1680679666982075959,0,0,0,0
1680679666983945111,0,0,0,0
1680679666985788918,0,0,0,0
1680679666987742338,0,0,0,0
1680679666989639487,0,0,0,0
1680679666991582002,0,0,0,0
1680679666993387084,0,0,0,0
1680679666995430428,0,0,0,0
1680679666997241942,0,0,0,0
1680679666999188391,0,0,0,0
1680679667000984143,0,0,0,0
1680679667002947020,0,0,0,0
1680679667004818593,0,0,0,0
1680679667006631627,0,0,0,0
1680679667008568458,0,0,0,0
1680679667010424372,0,0,0,0
1680679667012353639,0,0,0,0
1680679667014234354,0,0,0,0
1680679667016240261,0,0,0,0
1680679667018198502,0,0,0,0
1680679667020117945,0,0,0,0
1680679667022107155,0,0,0,0
1680679667023973625,0,0,0,0
1680679667025897292,0,0,0,0
1680679667027721312,0,0,0,0
1680679667029567784,0,0,0,0
1680679667031377077,0,0,0,0
1680679667033213969,0,0,0,0
1680679667035128539,0,0,0,0
1680679667037134196,0,0,0,0
1680679667039043576,0,0,0,0
1680679667040886211,0,0,0,0
1680679667042883536,0,0,0,0
1680679667044687468,0,0,0,0
1680679667046545917,0,0,0,0
1680679667048500724,0,0,0,0
1680679667050357548,0,0,0,0
1680679667052215394,0,0,0,0
1680679667054207779,0,0,0,0
1680679667056188082,0,0,0,0
1680679667058133213,0,0,0,0
1680679667060076327,0,0,0,0
1680679667062000258,0,0,0,0
1680679667064108967,0,0,0,0
1680679667066068119,0,0,0,0
1680679667067897249,0,0,0,0
1680679667069761166,0,0,0,0
1680679667071662406,0,0,0,0
1680679667073454081,0,0,0,0
1680679667075207310,0,0,0,0
1680679667077180689,0,0,0,0
1680679667079158667,0,0,0,0
1680679667081082479,0,0,0,0
1680679667083029512,0,0,0,0
1680679667084884311,0,0,0,0
1680679667086836311,0,0,0,0
1680679667088742359,0,0,0,0
1680679667090655854,0,0,0,0
1680679667092520228,0,0,0,0
1680679667094520122,0,0,0,0
1680679667096428715,0,0,0,0
1680679667098395204,0,0,0,0
1680679667100261734,0,0,0,0
1680679667102221261,0,0,0,0
1680679667104140371,0,0,0,0
1680679667106091266,0,0,0,0
1680679667108003809,0,0,0,0
1680679667109876778,0,0,0,0
1680679667111814393,0,0,0,0
1680679667113708023,0,0,0,0
1680679667115703997,0,0,0,0
1680679667117618365,0,0,0,0
1680679667119571247,0,0,0,0
1680679667121404529,0,0,0,0
1680679667123260591,0,0,0,0
1680679667125114271,0,0,0,0
1680679667126886023,0,0,0,0
1680679667128789034,0,0,0,0
1680679667130756744,0,0,0,0
1680679667132745367,0,0,0,0
1680679667134667157,0,0,0,0
1680679667136598163,0,0,0,0
1680679667138576482,0,0,0,0
1680679667140437869,0,0,0,0
1680679667142344235,0,0,0,0
1680679667144204688,0,0,0,0
1680679667146055828,0,0,0,0
1680679667147993898,0,0,0,0
1680679667149964008,0,0,0,0
1680679667151838779,0,0,0,0
1680679667153810768,0,0,0,0
1680679667155709604,0,0,0,0
1680679667157682970,0,0,0,0
1680679667159616842,0,0,0,0
1680679667161435973,0,0,0,0
1680679667163388434,0,0,0,0
1680679667165238436,0,0,0,0
1680679667167047710,0,0,0,0
1680679667168940236,0,0,0,0
1680679667170821032,0,0,0,0
1680679667172762113,0,0,0,0
1680679667174606911,0,0,0,0
1680679667176529002,0,0,0,0
1680679667178434820,0,0,0,0
1680679667180262058,0,0,0,0
1680679667182261911,0,0,0,0
1680679667184123424,0,0,0,0
1680679667186058194,0,0,0,0
1680679667188021116,0,0,0,0
1680679667189939327,0,0,0,0
1680679667191891531,0,0,0,0
1680679667193719631,0,0,0,0
1680679667195637197,0,0,0,0
1680679667197433919,0,0,0,0
1680679667199185594,0,0,0,0
1680679667201046026,0,0,0,0
1680679667202972733,0,0,0,0
1680679667204807190,0,0,0,0
1680679667206668555,0,0,0,0
1680679667208583381,0,0,0,0
1680679667210538944,0,0,0,0
1680679667212423543,0,0,0,0
1680679667214287397,0,0,0,0
1680679667216275383,0,0,0,0
1680679667218214112,0,0,0,0
1680679667220115315,0,0,0,0
1680679667221927226,0,0,0,0
1680679667223890948,0,0,0,0
1680679667225734280,0,0,0,0
1680679667227682925,0,0,0,0
1680679667229560737,0,0,0,0
1680679667231403403,0,0,0,0
1680679667233272168,0,0,0,0
1680679667234965643,0,0,0,0
1680679667236773961,0,0,0,0
1680679667238729526,0,0,0,0
1680679667240651844,0,0,0,0
1680679667242482899,0,0,0,0
1680679667244669411,0,0,0,0
1680679667246641327,0,0,0,0
1680679667248547240,0,0,0,0
1680679667250530233,0,0,0,0
1680679667252483444,0,0,0,0
1680679667254381663,0,0,0,0
1680679667256251527,0,0,0,0
1680679667258440957,0,0,0,0
1680679667260381647,0,0,0,0
1680679667262260337,0,0,0,0
1680679667264221763,0,0,0,0
1680679667266024200,0,0,0,0
1680679667268037101,0,0,0,0
1680679667269824622,0,0,0,0
1680679667271741134,0,0,0,0
1680679667273534319,0,0,0,0
1680679667275474326,0,0,0,0
1680679667277346945,0,0,0,0
1680679667279131993,0,0,0,0
1680679667280997460,0,0,0,0
1680679667282867407,0,0,0,0
1680679667284774509,0,0,0,0
1680679667286740864,0,0,0,0
1680679667288522452,0,0,0,0
1680679667290312021,0,0,0,0
1680679667292097623,0,0,0,0
1680679667294070154,0,0,0,0
1680679667295970016,0,0,0,0
1680679667298039647,0,0,0,0
1680679667299911968,0,0,0,0
1680679667301867440,0,0,0,0
1680679667303836093,0,0,0,0
1680679667305756876,0,0,0,0
1680679667307678353,0,0,0,0
1680679667309512965,0,0,0,0
1680679667311448006,0,0,0,0
1680679667313231925,0,0,0,0
1680679667314961151,0,0,0,0
1680679667316800704,0,0,0,0
1680679667318704210,0,0,0,0
1680679667320564322,0,0,0,0
1680679667322609404,0,0,0,0
1680679667324730102,0,0,0,0
1680679667326648134,0,0,0,0
1680679667328519026,0,0,0,0
1680679667330398196,0,0,0,0
1680679667332263613,0,0,0,0
1680679667334148042,0,0,0,0
1680679667336378496,0,0,0,0
1680679667338424794,0,0,0,0
1680679667340332645,0,0,0,0
1680679667342267460,0,0,0,0
1680679667344294342,0,0,0,0
1680679667346244305,0,0,0,0
1680679667348167489,0,0,0,0
1680679667350078478,0,0,0,0
1680679667351950982,0,0,0,0
1680679667353816372,0,0,0,0
1680679667355718839,0,0,0,0
1680679667357642395,0,0,0,0
1680679667359540974,0,0,0,0
1680679667361469122,0,0,0,0
1680679667363410402,0,0,0,0
1680679667365336301,0,0,0,0
1680679667367338296,0,0,0,0
1680679667370122062,0,0,0,0
1680679667372056042,0,0,0,0
1680679667373975427,0,0,0,0
1680679667375915085,0,0,0,0
1680679667377910662,0,0,0,0
1680679667379850495,0,0,0,0
1680679667381790042,0,0,0,0
1680679667383760844,0,0,0,0
1680679667386852819,0,0,0,0
1680679667388897963,0,0,0,0
1680679667391023868,0,0,0,0
1680679667463488130,0,0,0,0
1680679667532170562,0,0,0,0
1680679667534271224,0,0,0,0
1680679667536216973,0,0,0,0
1680679667538218807,0,0,0,0
1680679667540157518,0,0,0,0
1680679667542116613,0,0,0,0
1680679667543975326,0,0,0,0
1680679667545911328,0,0,0,0
1680679667547754617,0,0,0,0
1680679667549534663,0,0,0,0
1680679667551354276,0,0,0,0
1680679667553152028,0,0,0,0
1680679667555075294,0,0,0,0
1680679667556955301,0,0,0,0
1680679667558859089,0,0,0,0
1680679667560690701,0,0,0,0
1680679667562540537,0,0,0,0
1680679667564418435,0,0,0,0
1680679667566393595,0,0,0,0
1680679667568283397,0,0,0,0
1680679667570207959,0,0,0,0
1680679667572157017,0,0,0,0
1680679667574054164,0,0,0,0
1680679667575971442,0,0,0,0
1680679667577935133,0,0,0,0
1680679667579879871,0,0,0,0
1680679667581760571,0,0,0,0
1680679667583580599,0,0,0,0
1680679667585475990,0,0,0,0
1680679667587334397,0,0,0,0
1680679667589248231,0,0,0,0
1680679667591146313,0,0,0,0
1680679667592974963,0,0,0,0
1680679667594935877,0,0,0,0
1680679667596971084,0,0,0,0
1680679667598755888,0,0,0,0
1680679667600515856,0,0,0,0
1680679667602426353,0,0,0,0
1680679667604400778,0,0,0,0
1680679667606301415,0,0,0,0
1680679667608135010,0,0,0,0
1680679667610046778,0,0,0,0
1680679667611887272,0,0,0,0
1680679667613800331,0,0,0,0
1680679667615785632,0,0,0,0
1680679667617757844,0,0,0,0
1680679667619713600,0,0,0,0
1680679667621602077,0,0,0,0
1680679667623554930,0,0,0,0
1680679667625405590,0,0,0,0
1680679667627326075,0,0,0,0
1680679667629148701,0,0,0,0
1680679667631045451,0,0,0,0
1680679667632851629,0,0,0,0
1680679667634655339,0,0,0,0
1680679667636576502,0,0,0,0
1680679667638488172,0,0,0,0
1680679667640357958,0,0,0,0
1680679667642258625,0,0,0,0
1680679667644151066,0,0,0,0
1680679667646056749,0,0,0,0
1680679667647942184,0,0,0,0
1680679667649900972,0,0,0,0
1680679667651777064,0,0,0,0
1680679667653733235,0,0,0,0
1680679667655634970,0,0,0,0
1680679667657635436,0,0,0,0
1680679667659596312,0,0,0,0
1680679667661400025,0,0,0,0
1680679667663196730,0,0,0,0
1680679667665104569,0,0,0,0
1680679667666996839,0,0,0,0
1680679667668817202,0,0,0,0
1680679667670778641,0,0,0,0
1680679667672671687,0,0,0,0
1680679667674601597,0,0,0,0
1680679667676564644,0,0,0,0
1680679667678536847,0,0,0,0
1680679667680472541,0,0,0,0
1680679667682428860,0,0,0,0
1680679667684243957,0,0,0,0
1680679667686132863,0,0,0,0
1680679667687988033,0,0,0,0
1680679667689859841,0,0,0,0
1680679667691735720,0,0,0,0
1680679667693631107,0,0,0,0
1680679667695553504,0,0,0,0
1680679667697583102,0,0,0,0
1680679667699476759,0,0,0,0
1680679667701315265,0,0,0,0
1680679667703166531,0,0,0,0
1680679667705145376,0,0,0,0
1680679667706985124,0,0,0,0
1680679667708803839,0,0,0,0
1680679667710766091,0,0,0,0
1680679667712625330,0,0,0,0
1680679667714621019,0,0,0,0
1680679667716543662,0,0,0,0
1680679667718496372,0,0,0,0
1680679667720370244,0,0,0,0
1680679667722260465,0,0,0,0
1680679667724211782,0,0,0,0
1680679667726054130,0,0,0,0
1680679667727959072,0,0,0,0
1680679667729920094,0,0,0,0
1680679667731840721,0,0,0,0
1680679667733663961,0,0,0,0
1680679667735631420,0,0,0,0
1680679667737466024,0,0,0,0
1680679667739361991,0,0,0,0
1680679667741186506,0,0,0,0
1680679667743069838,0,0,0,0
1680679667744971386,0,0,0,0
1680679667746918378,0,0,0,0
1680679667748756564,0,0,0,0
1680679667750701683,0,0,0,0
1680679667752514855,0,0,0,0
1680679667754490778,0,0,0,0
1680679667756394379,0,0,0,0
1680679667758396834,0,0,0,0
1680679667760318128,0,0,0,0
1680679667762286139,0,0,0,0
1680679667764158390,0,0,0,0
1680679667766140404,0,0,0,0
1680679667768036091,0,0,0,0
1680679667769905229,0,0,0,0
1680679667771766095,0,0,0,0
1680679667773717713,0,0,0,0
1680679667775617420,0,0,0,0
1680679667777572546,0,0,0,0
1680679667779595841,0,0,0,0
1680679667781419894,0,0,0,0
1680679667783297500,0,0,0,0
1680679667785264992,0,0,0,0
1680679667787079274,0,0,0,0
1680679667788846104,0,0,0,0
1680679667790578714,0,0,0,0
1680679667792313679,0,0,0,0
1680679667794063218,0,0,0,0
1680679667795845540,0,0,0,0
1680679667797740647,0,0,0,0
1680679667799568583,0,0,0,0
1680679667801282294,0,0,0,0
1680679667803023836,0,0,0,0
1680679667804859222,0,0,0,0
1680679667806619857,0,0,0,0
1680679667808341302,0,0,0,0
1680679667810130200,0,0,0,0
1680679667812077631,0,0,0,0
1680679667814069563,0,0,0,0
1680679667816009579,0,0,0,0
1680679667818027811,0,0,0,0
1680679667819968650,0,0,0,0
1680679667821917495,0,0,0,0
1680679667823781950,0,0,0,0
1680679667825778101,0,0,0,0
1680679667827730622,0,0,0,0
1680679667829600910,0,0,0,0
1680679667831540849,0,0,0,0
1680679667833364368,0,0,0,0
1680679667835225272,0,0,0,0
1680679667837042562,0,0,0,0
1680679667838977750,0,0,0,0
1680679667840812882,0,0,0,0
1680679667842762933,0,0,0,0
1680679667844811260,0,0,0,0
1680679667846689298,0,0,0,0
1680679667848666806,0,0,0,0
1680679667850474799,0,0,0,0
1680679667852409885,0,0,0,0
1680679667854300873,0,0,0,0
1680679667856122574,0,0,0,0
1680679667858113299,0,0,0,0
1680679667859998231,0,0,0,0
1680679667861829797,0,0,0,0
1680679667863800899,0,0,0,0
1680679667865874686,0,0,0,0
1680679667867814569,0,0,0,0
1680679667869815840,0,0,0,0
1680679667871759351,0,0,0,0
1680679667873747618,0,0,0,0
1680679667875705656,0,0,0,0
1680679667877566666,0,0,0,0
1680679667879540117,0,0,0,0
1680679667881299715,0,0,0,0
1680679667883140649,0,0,0,0
1680679667885126069,0,0,0,0
1680679667886966875,0,0,0,0
1680679667888734923,0,0,0,0
1680679667890610318,0,0,0,0
1680679667892502044,0,0,0,0
1680679667894490895,0,0,0,0
1680679667896372221,0,0,0,0
1680679667898342906,0,0,0,0
1680679667900253158,0,0,0,0
1680679667902129477,0,0,0,0
1680679667904060533,0,0,0,0
1680679667906001699,0,0,0,0
1680679667907957253,0,0,0,0
1680679667909814050,0,0,0,0
1680679667911709669,0,0,0,0
1680679667913568023,0,0,0,0
1680679667915445197,0,0,0,0
1680679667917259144,0,0,0,0
1680679667919170805,0,0,0,0
1680679667920966460,0,0,0,0
1680679667922941556,0,0,0,0
1680679667924886309,0,0,0,0
1680679667926767955,0,0,0,0
1680679667928647975,0,0,0,0
1680679667930560797,0,0,0,0
1680679667932372746,0,0,0,0
1680679667934274661,0,0,0,0
1680679667936079387,0,0,0,0
1680679667938125509,0,0,0,0
1680679667940065164,0,0,0,0
1680679667942020498,0,0,0,0
1680679667944016325,0,0,0,0
1680679667945997684,0,0,0,0
1680679667947917806,0,0,0,0
1680679667949830366,0,0,0,0
1680679667951697787,0,0,0,0
1680679667953556609,0,0,0,0
1680679667955400083,0,0,0,0
